participant,mel_mean_0,mel_mean_1,mel_mean_2,mel_mean_3,mel_mean_4,mel_mean_5,mel_mean_6,mel_mean_7,mel_mean_8,mel_mean_9,mel_mean_10,mel_mean_11,mel_mean_12,mel_mean_13,mel_mean_14,mel_mean_15,mel_mean_16,mel_mean_17,mel_mean_18,mel_mean_19,mel_mean_20,mel_mean_21,mel_mean_22,mel_mean_23,mel_mean_24,mel_mean_25,mel_mean_26,mel_mean_27,mel_mean_28,mel_mean_29,mel_mean_30,mel_mean_31,mel_std_0,mel_std_1,mel_std_2,mel_std_3,mel_std_4,mel_std_5,mel_std_6,mel_std_7,mel_std_8,mel_std_9,mel_std_10,mel_std_11,mel_std_12,mel_std_13,mel_std_14,mel_std_15,mel_std_16,mel_std_17,mel_std_18,mel_std_19,mel_std_20,mel_std_21,mel_std_22,mel_std_23,mel_std_24,mel_std_25,mel_std_26,mel_std_27,mel_std_28,mel_std_29,mel_std_30,mel_std_31,mfcc_mean_0,mfcc_mean_1,mfcc_mean_2,mfcc_mean_3,mfcc_mean_4,mfcc_mean_5,mfcc_mean_6,mfcc_mean_7,mfcc_mean_8,mfcc_mean_9,mfcc_std_0,mfcc_std_1,mfcc_std_2,mfcc_std_3,mfcc_std_4,mfcc_std_5,mfcc_std_6,mfcc_std_7,mfcc_std_8,mfcc_std_9,chroma_mean_0,chroma_mean_1,chroma_mean_2,chroma_mean_3,chroma_mean_4,chroma_mean_5,chroma_mean_6,chroma_mean_7,chroma_mean_8,chroma_mean_9,chroma_mean_10,chroma_mean_11,chroma_std_0,chroma_std_1,chroma_std_2,chroma_std_3,chroma_std_4,chroma_std_5,chroma_std_6,chroma_std_7,chroma_std_8,chroma_std_9,chroma_std_10,chroma_std_11,spec_centroid,spec_rolloff,spec_bandwidth,zero_crossing_rate,rms,rel_start_s,rel_end_s,rel_time_center,abs_start_s,abs_end_s,abs_time_center,label_id,label
P2,-6.070770263671875,-12.824585914611816,-26.574016571044922,-33.141910552978516,-38.82010269165039,-39.90585708618164,-41.03327941894531,-42.99009323120117,-43.85350036621094,-45.064064025878906,-46.90930938720703,-47.183319091796875,-48.69413757324219,-50.540794372558594,-53.284175872802734,-53.92332458496094,-54.728275299072266,-57.17380905151367,-59.12034225463867,-60.92352294921875,-63.01673889160156,-65.21934509277344,-66.4305191040039,-66.08226013183594,-65.4810562133789,-65.30224609375,-64.93092346191406,-64.40209197998047,-63.96312713623047,-64.52839660644531,-65.41409301757812,-67.01980590820312,2.6466267108917236,2.6921021938323975,2.65976881980896,2.777752161026001,3.2401585578918457,3.008760929107666,3.117934465408325,3.421766757965088,3.5655839443206787,3.996626853942871,4.110574245452881,4.163321495056152,4.1860551834106445,3.923191785812378,3.9994571208953857,3.704080820083618,4.1864519119262695,4.441537857055664,4.654454231262207,4.696560382843018,4.834446907043457,4.685520648956299,4.8631978034973145,5.259543418884277,5.204469680786133,5.3667073249816895,5.233566761016846,5.56365442276001,5.870637893676758,5.693382740020752,5.329458713531494,4.764205455780029,-290.7180480957031,77.53357696533203,25.441669464111328,11.390129089355469,17.623023986816406,14.003217697143555,8.141575813293457,11.182116508483887,5.690169334411621,5.308862686157227,17.869199752807617,11.334813117980957,5.131481647491455,4.032249927520752,3.6714398860931396,2.911372184753418,3.134516954421997,2.66750431060791,2.473358392715454,2.4138360023498535,0.2908724546432495,0.32774555683135986,0.4465145468711853,0.6612414717674255,0.9302929639816284,0.8722677826881409,0.4379376173019409,0.36420395970344543,0.3465363383293152,0.33771461248397827,0.31276294589042664,0.2992190718650818,0.1811441034078598,0.17746002972126007,0.23196761310100555,0.19126620888710022,0.11634409427642822,0.1411287486553192,0.17159977555274963,0.20868746936321259,0.2087714523077011,0.22119951248168945,0.18616913259029388,0.17830196022987366,461.974726215092,420.7967594438805,1344.9140673429317,0.010569986223897912,0.0014490344328805804,0.0,10.0,5.0,4.0,14.0,9.0,3,pranayama
P2,-7.726506233215332,-14.029783248901367,-28.713199615478516,-35.18904495239258,-40.979026794433594,-42.26625061035156,-43.520545959472656,-45.280216217041016,-46.440818786621094,-47.97878646850586,-50.35997772216797,-50.643436431884766,-52.1995849609375,-54.13903045654297,-56.89358901977539,-57.459999084472656,-58.72886276245117,-60.681053161621094,-62.92716979980469,-65.22069549560547,-66.8370590209961,-68.69075012207031,-69.49842834472656,-69.231201171875,-68.54499816894531,-68.61738586425781,-68.10836791992188,-67.53414916992188,-67.09306335449219,-67.60682678222656,-68.45291900634766,-69.84404754638672,2.6836702823638916,2.3706412315368652,2.3456103801727295,2.61208438873291,2.6929752826690674,2.614659309387207,2.4359586238861084,2.6428229808807373,2.6019721031188965,2.6666414737701416,2.4001147747039795,2.6855432987213135,2.5607242584228516,2.409942388534546,2.6807453632354736,2.722703695297241,3.1458942890167236,3.4861652851104736,3.6880156993865967,3.651036500930786,3.9938547611236572,3.7678890228271484,4.0437726974487305,4.513277053833008,4.06178092956543,4.102652072906494,4.0707783699035645,4.480488300323486,4.67181396484375,4.307078838348389,4.180848598480225,4.053623199462891,-307.8454284667969,79.70571899414062,28.380332946777344,11.818513870239258,17.44144058227539,14.219804763793945,8.22716999053955,11.044246673583984,6.439857006072998,5.532503128051758,13.161391258239746,8.990593910217285,3.5393779277801514,2.844329833984375,2.6853132247924805,2.1642584800720215,2.2113170623779297,2.409125328063965,2.2750813961029053,2.2171857357025146,0.2859236001968384,0.32049959897994995,0.4296230971813202,0.6342973709106445,0.9285075664520264,0.8907157182693481,0.4361411929130554,0.36400550603866577,0.32970234751701355,0.3076924681663513,0.2842359244823456,0.28321149945259094,0.1875598281621933,0.18158674240112305,0.22327128052711487,0.18595562875270844,0.10889416188001633,0.12925122678279877,0.17078031599521637,0.22913850843906403,0.20758090913295746,0.20644134283065796,0.18103015422821045,0.1823161542415619,408.65918508285637,307.7599332946636,1262.5649932383703,0.009847194025522041,0.001398536842316389,10.0,20.0,15.0,14.0,24.0,19.0,3,pranayama
P2,-6.699769973754883,-13.075949668884277,-27.35650634765625,-33.81599426269531,-39.649497985839844,-41.0627555847168,-42.08460235595703,-44.539188385009766,-45.25883102416992,-47.084957122802734,-49.15422821044922,-49.73295211791992,-51.2888069152832,-53.2713623046875,-56.206687927246094,-56.39532470703125,-57.94054412841797,-59.9304313659668,-61.4270133972168,-63.56898498535156,-66.64945220947266,-68.6981201171875,-69.51610565185547,-69.12158966064453,-68.17192840576172,-68.36080169677734,-68.32637786865234,-68.2199935913086,-67.89065551757812,-68.43757629394531,-69.27565002441406,-70.39408111572266,2.7118914127349854,2.521650552749634,2.3282783031463623,2.6215806007385254,2.696500539779663,2.6273653507232666,2.707085132598877,2.533734083175659,2.6717844009399414,2.5526950359344482,2.6121177673339844,2.6004717350006104,2.5346524715423584,2.549753427505493,2.3092331886291504,2.573901653289795,2.8682198524475098,3.5276832580566406,4.516870021820068,4.510307788848877,2.932541608810425,2.5406334400177,2.610053539276123,3.2133312225341797,2.9886670112609863,3.0966787338256836,2.7589759826660156,2.7962446212768555,2.972700595855713,2.815136671066284,2.3994710445404053,2.1486456394195557,-304.5167541503906,83.09465789794922,26.893016815185547,12.598614692687988,17.381620407104492,13.840890884399414,7.88801908493042,11.246811866760254,6.316559314727783,4.599540710449219,9.445809364318848,5.673442840576172,4.346177101135254,3.6115548610687256,2.917147159576416,2.684318780899048,2.4736599922180176,2.8204221725463867,2.377453088760376,2.590522527694702,0.315187931060791,0.333138108253479,0.42884549498558044,0.6782289743423462,0.9515485763549805,0.8546251058578491,0.43276602029800415,0.3889099359512329,0.3664490282535553,0.3456440269947052,0.32792946696281433,0.32280784845352173,0.20148223638534546,0.17658931016921997,0.20669551193714142,0.1565365195274353,0.09918974339962006,0.13656555116176605,0.18739067018032074,0.23690006136894226,0.2306739240884781,0.22872623801231384,0.2029087394475937,0.20338350534439087,364.45445349390064,281.7052571236949,1152.4862183175483,0.00976449209686775,0.001357023837044835,20.0,30.0,25.0,24.0,34.0,29.0,3,pranayama
P2,-6.957705497741699,-13.357239723205566,-27.79642105102539,-34.28103256225586,-40.098690032958984,-41.721046447753906,-42.508907318115234,-45.039608001708984,-45.676025390625,-47.06972885131836,-49.36579132080078,-50.223819732666016,-51.55772399902344,-53.2990837097168,-56.240623474121094,-56.668087005615234,-58.1539306640625,-61.2623291015625,-63.82877731323242,-65.83722686767578,-67.7474594116211,-69.51638793945312,-70.55864715576172,-70.6220703125,-69.60519409179688,-69.63874816894531,-69.3897933959961,-69.05323028564453,-68.67167663574219,-69.3625717163086,-70.29920196533203,-71.33671569824219,2.5556838512420654,2.4672744274139404,2.238405704498291,2.4253432750701904,2.3999946117401123,2.3619143962860107,2.410494327545166,2.3495965003967285,2.393477439880371,2.350083351135254,2.221839427947998,2.088479995727539,2.1422553062438965,2.1726555824279785,2.016796350479126,2.1875154972076416,2.1039202213287354,2.4887897968292236,2.3519256114959717,2.160221815109253,2.028114080429077,2.198666572570801,2.2511050701141357,2.469609498977661,2.5216257572174072,2.839122772216797,2.9780049324035645,3.059016227722168,2.9884912967681885,2.562094211578369,2.352720260620117,2.022918462753296,-308.7839050292969,85.00081634521484,27.13177490234375,11.1445951461792,17.735307693481445,14.913863182067871,7.836880683898926,10.685832023620605,6.684033393859863,5.5036797523498535,6.673490524291992,5.053661346435547,2.8560073375701904,2.702744245529175,2.689528465270996,2.6276192665100098,2.649552822113037,2.6515207290649414,2.413083553314209,2.2134177684783936,0.29271000623703003,0.3136644959449768,0.41122883558273315,0.6146442890167236,0.9503090977668762,0.86813884973526,0.43333399295806885,0.3544638752937317,0.3203505277633667,0.3006123900413513,0.28391534090042114,0.288422554731369,0.18428662419319153,0.17266757786273956,0.20439250767230988,0.17714537680149078,0.10072913020849228,0.13664892315864563,0.15893986821174622,0.21398413181304932,0.19823971390724182,0.20330645143985748,0.17583699524402618,0.17701303958892822,339.10844866255593,256.77470408570184,1103.292170407818,0.009505057279582367,0.0013854056596755981,30.0,40.0,35.0,34.0,44.0,39.0,3,pranayama
P2,-7.418112754821777,-13.99062728881836,-28.173192977905273,-34.7828369140625,-40.671905517578125,-41.9566764831543,-42.91194152832031,-45.432403564453125,-46.10380554199219,-47.9141731262207,-49.949951171875,-50.36833953857422,-52.20393753051758,-54.21160888671875,-56.86223602294922,-57.34406280517578,-59.60297775268555,-62.081207275390625,-64.33077239990234,-66.44432830810547,-67.92282104492188,-69.2870101928711,-69.57201385498047,-69.89639282226562,-69.4329605102539,-69.45578002929688,-68.97235870361328,-68.42466735839844,-67.69319915771484,-68.48664855957031,-69.05249786376953,-70.06788635253906,2.7442386150360107,2.6528942584991455,2.260451316833496,2.6913082599639893,2.7073252201080322,2.915623903274536,2.762984037399292,2.491410732269287,2.3841495513916016,2.6963400840759277,2.7320144176483154,2.8171417713165283,2.4822611808776855,2.4941768646240234,2.687436103820801,2.4800968170166016,2.5937116146087646,2.769599437713623,3.251851797103882,3.0550901889801025,3.0233352184295654,2.9730491638183594,3.498837947845459,3.919872999191284,3.487743377685547,3.778376817703247,3.8585851192474365,4.222339630126953,4.651001930236816,4.581957817077637,4.42293119430542,4.189894676208496,-309.5393981933594,82.23877716064453,29.192951202392578,10.824431419372559,17.109670639038086,14.752811431884766,8.598812103271484,9.938143730163574,6.655816555023193,5.855231761932373,11.5245943069458,8.794140815734863,4.209344863891602,2.8053340911865234,2.363551378250122,2.613436222076416,2.466538429260254,2.3894824981689453,2.1879520416259766,2.1776187419891357,0.29147911071777344,0.32041698694229126,0.43038225173950195,0.6344886422157288,0.9474408030509949,0.850611686706543,0.43940237164497375,0.37512797117233276,0.34647244215011597,0.3286844789981842,0.29771888256073,0.29278403520584106,0.18522943556308746,0.1795661300420761,0.21834567189216614,0.1813555657863617,0.10249574482440948,0.14751186966896057,0.15674352645874023,0.21026261150836945,0.2022680789232254,0.21293747425079346,0.17769287526607513,0.17719589173793793,382.9186598426923,295.7193255147912,1204.030090296695,0.009770156612529002,0.0014100940898060799,40.0,50.0,45.0,44.0,54.0,49.0,3,pranayama
P2,-7.287999629974365,-14.011368751525879,-28.344989776611328,-34.934288024902344,-40.52109146118164,-42.1117057800293,-43.029327392578125,-45.51777267456055,-46.183937072753906,-47.87984848022461,-50.2844123840332,-50.878173828125,-52.19377517700195,-53.95701217651367,-57.215171813964844,-57.462406158447266,-59.07490921020508,-61.30913162231445,-63.293304443359375,-65.50276947021484,-68.35325622558594,-70.34258270263672,-70.96942901611328,-70.72811889648438,-69.86285400390625,-69.838623046875,-69.66357421875,-69.55612182617188,-68.83525085449219,-69.39981842041016,-70.49079132080078,-71.65470123291016,2.7107274532318115,2.6963233947753906,2.2980194091796875,2.5766046047210693,2.5772969722747803,2.415961265563965,2.2707512378692627,2.199984550476074,2.2797420024871826,2.289299249649048,2.2237191200256348,2.2612414360046387,2.1909210681915283,2.2359671592712402,2.1423239707946777,2.3330516815185547,2.411452293395996,2.8899049758911133,4.008479118347168,3.6495301723480225,2.1688339710235596,1.8894336223602295,2.068681240081787,2.454967498779297,2.4494407176971436,2.513873815536499,2.4879310131073,2.514615058898926,2.890411853790283,2.7197768688201904,2.4853732585906982,2.219156503677368,-311.2486877441406,84.20130157470703,27.451303482055664,11.658059120178223,17.790435791015625,14.30978775024414,7.738848686218262,11.177718162536621,6.523365020751953,5.119122505187988,7.518169403076172,5.021618366241455,3.7159032821655273,3.016221761703491,2.348473072052002,2.8283441066741943,2.4567172527313232,2.478989362716675,2.2173495292663574,2.374748706817627,0.32183730602264404,0.3333033323287964,0.4235938489437103,0.6073223948478699,0.93670254945755,0.8665653467178345,0.4561920166015625,0.3958847224712372,0.3833790719509125,0.3759998679161072,0.3367941975593567,0.32805636525154114,0.21360616385936737,0.18347814679145813,0.20663760602474213,0.1835981160402298,0.10593713074922562,0.1376538872718811,0.16148480772972107,0.22637630999088287,0.22117877006530762,0.23517228662967682,0.20525801181793213,0.21133974194526672,340.6165790556139,256.44995740284224,1111.3169975727583,0.009173116661832946,0.0013975083129480481,50.0,60.0,55.0,54.0,64.0,59.0,3,pranayama
P2,-6.714178085327148,-13.049263000488281,-27.43900489807129,-33.95428466796875,-39.85255432128906,-41.26276397705078,-42.2822380065918,-44.63629150390625,-45.4307746887207,-47.1625862121582,-49.44203186035156,-49.95551681518555,-51.5590705871582,-53.657798767089844,-56.29243469238281,-56.651798248291016,-58.8044319152832,-61.39516067504883,-64.00563049316406,-66.08010864257812,-67.92730712890625,-69.42891693115234,-70.35557556152344,-70.33423614501953,-69.26374816894531,-69.6043701171875,-69.33401489257812,-69.3359146118164,-68.8004379272461,-69.83129119873047,-70.63343811035156,-71.56275939941406,2.54134464263916,2.58369779586792,2.270695447921753,2.4188172817230225,2.4972946643829346,2.3057799339294434,2.361973524093628,2.3835182189941406,2.3603928089141846,2.282165288925171,2.1384499073028564,2.1252388954162598,2.009528398513794,2.007019519805908,1.9842944145202637,2.219061851501465,2.079288959503174,2.3397369384765625,2.3217101097106934,2.0520501136779785,1.8078449964523315,1.6472467184066772,1.7155526876449585,2.062842845916748,2.2992360591888428,2.1799259185791016,2.0942907333374023,2.0995452404022217,2.3935866355895996,1.9249136447906494,1.6294797658920288,1.2162739038467407,-308.6591491699219,85.83642578125,27.566373825073242,11.575238227844238,16.982154846191406,15.12119197845459,7.8341383934021,10.365907669067383,6.862391948699951,5.443105697631836,5.799886226654053,3.80352520942688,2.549025058746338,2.495800733566284,2.156548023223877,2.4607322216033936,2.5337374210357666,2.1833932399749756,2.134303331375122,2.1196165084838867,0.2851438820362091,0.3079529404640198,0.406707763671875,0.6143930554389954,0.9420772194862366,0.8604564070701599,0.4541988968849182,0.39796391129493713,0.36172622442245483,0.3430318236351013,0.3104185461997986,0.2953673303127289,0.1922619491815567,0.17579081654548645,0.20566602051258087,0.17652668058872223,0.10968240350484848,0.1463218480348587,0.17701207101345062,0.24054397642612457,0.21133212745189667,0.21755360066890717,0.1943788081407547,0.1909097135066986,326.4762600672469,250.62949762543502,1068.8542255455357,0.009222964399651971,0.001348968711681664,60.0,70.0,65.0,64.0,74.0,69.0,3,pranayama
P2,-7.61033296585083,-14.376983642578125,-28.599029541015625,-35.12519836425781,-41.11983108520508,-42.381099700927734,-43.313663482666016,-46.02473449707031,-46.65803146362305,-48.422691345214844,-50.7723503112793,-51.40660858154297,-52.74952697753906,-54.58286666870117,-57.79808044433594,-58.162479400634766,-59.934661865234375,-62.49394226074219,-64.43931579589844,-66.39735412597656,-69.46973419189453,-71.21710205078125,-72.20579528808594,-72.19864654541016,-71.15364074707031,-71.23716735839844,-71.1890869140625,-71.41031646728516,-71.13951873779297,-71.57453918457031,-72.28230285644531,-73.14859771728516,2.5629723072052,2.7140252590179443,2.1551921367645264,2.644087553024292,2.4208168983459473,2.2692322731018066,2.2867419719696045,2.291597366333008,2.2189130783081055,2.472853899002075,2.297902822494507,2.132970094680786,2.2397987842559814,2.2454395294189453,2.11270809173584,2.4203641414642334,2.330190420150757,2.946674346923828,4.262809753417969,3.838900566101074,2.11344313621521,1.843575119972229,1.879245638847351,2.3253469467163086,2.2908318042755127,2.475130796432495,2.1159110069274902,2.0375421047210693,2.403769016265869,2.205105781555176,1.7056329250335693,1.4201462268829346,-316.5354919433594,87.19898223876953,26.779075622558594,11.915070533752441,17.646583557128906,14.364944458007812,7.979249000549316,10.740914344787598,6.734230041503906,4.9773945808410645,7.172868728637695,4.035109043121338,3.4164528846740723,2.9183554649353027,2.538261651992798,2.9298312664031982,2.4415316581726074,2.6071393489837646,2.185255527496338,2.30804705619812,0.30112865567207336,0.3274262845516205,0.43537864089012146,0.6600455045700073,0.9534350633621216,0.8455280065536499,0.4320738613605499,0.37827765941619873,0.36136922240257263,0.3496831953525543,0.31980594992637634,0.3082377016544342,0.20206564664840698,0.18451924622058868,0.21013592183589935,0.16650258004665375,0.09931616485118866,0.14121286571025848,0.16581030189990997,0.21717604994773865,0.2186007797718048,0.23079031705856323,0.20187319815158844,0.20120275020599365,318.27056153650284,253.30241263051045,1038.9530732304002,0.009332856003480279,0.0013846372021362185,70.0,80.0,75.0,74.0,84.0,79.0,3,pranayama
P2,-7.625112056732178,-14.287102699279785,-28.472267150878906,-34.9810676574707,-40.943145751953125,-42.19205856323242,-43.2200927734375,-45.78165054321289,-46.3577880859375,-47.98259735107422,-50.48734664916992,-51.06050109863281,-52.662296295166016,-54.375343322753906,-57.590633392333984,-57.98302459716797,-59.782752990722656,-62.55087661743164,-65.20254516601562,-67.31282043457031,-68.83100128173828,-70.36978149414062,-71.54229736328125,-71.74825286865234,-70.79621887207031,-70.95063781738281,-70.68374633789062,-70.44242858886719,-70.11310577392578,-70.58929443359375,-71.22594451904297,-72.0516128540039,2.63637113571167,2.5033304691314697,2.376145124435425,2.637716770172119,2.6756839752197266,2.9386870861053467,2.7617831230163574,2.6456851959228516,2.4604132175445557,2.610854387283325,2.4705324172973633,2.6664953231811523,2.429032325744629,2.342543840408325,2.5611648559570312,2.570488929748535,2.5894339084625244,2.710942268371582,2.8153605461120605,2.6812379360198975,2.794410228729248,2.677074909210205,2.8474321365356445,2.9514739513397217,2.7657716274261475,2.8862080574035645,2.7480480670928955,3.0010602474212646,3.4254515171051025,3.1076512336730957,2.842555284500122,2.5837013721466064,-314.69708251953125,85.95137786865234,27.87560272216797,11.025239944458008,17.359426498413086,14.564065933227539,8.346570014953613,10.174817085266113,6.83992338180542,5.552143573760986,9.908130645751953,5.690282344818115,3.1485509872436523,2.618445873260498,2.5854856967926025,2.4069015979766846,2.3217732906341553,2.24503231048584,2.2109782695770264,2.0614805221557617,0.29986125230789185,0.3094708025455475,0.3980780243873596,0.5751791000366211,0.915381669998169,0.8722110986709595,0.47337454557418823,0.40742722153663635,0.37276211380958557,0.3495925962924957,0.3135010600090027,0.3063540756702423,0.1950145810842514,0.17572326958179474,0.201297327876091,0.19099865853786469,0.1296502649784088,0.14918144047260284,0.17033284902572632,0.24076113104820251,0.2127222716808319,0.216207817196846,0.1828639954328537,0.18632875382900238,336.5730726776924,274.3859665023202,1087.066339553894,0.009077952798723898,0.001383600290864706,80.0,90.0,85.0,84.0,94.0,89.0,3,pranayama
P2,-5.948188781738281,-12.652326583862305,-27.054487228393555,-33.0974006652832,-38.68033981323242,-39.967681884765625,-41.18603515625,-43.81772232055664,-44.68732452392578,-46.44822311401367,-48.339595794677734,-48.988037109375,-50.52545928955078,-52.55881881713867,-54.93499755859375,-54.874881744384766,-57.10739517211914,-58.8016242980957,-60.35820770263672,-62.64527893066406,-65.55672454833984,-67.21671295166016,-67.37957000732422,-67.29423522949219,-66.77729797363281,-67.02875518798828,-67.14188385009766,-67.33663177490234,-66.69927978515625,-67.51637268066406,-68.4113998413086,-69.31261444091797,2.4792933464050293,2.679419755935669,2.3623855113983154,2.520930290222168,2.515429735183716,3.1371560096740723,3.093459367752075,2.6592001914978027,2.504106044769287,2.7269444465637207,2.4817562103271484,2.4934005737304688,2.4256343841552734,2.4652888774871826,2.7634589672088623,2.9293341636657715,2.604149103164673,3.492426633834839,5.1977458000183105,4.928435802459717,3.672785758972168,3.615710735321045,4.1092939376831055,4.305259704589844,3.526949167251587,3.7353906631469727,3.514962673187256,3.6886775493621826,3.9726009368896484,3.8451995849609375,3.825681209564209,3.6889660358428955,-298.8136901855469,81.85179901123047,26.371456146240234,13.29482650756836,16.804914474487305,13.885405540466309,7.673286437988281,10.45766830444336,6.749635696411133,4.7903151512146,11.842666625976562,7.690401077270508,4.910164833068848,4.1330647468566895,2.8979451656341553,3.3038904666900635,2.515244722366333,2.7501795291900635,2.382519483566284,2.6968014240264893,0.31057870388031006,0.3291440010070801,0.4286946952342987,0.6109448075294495,0.9341649413108826,0.8693511486053467,0.4610203206539154,0.38891515135765076,0.36592772603034973,0.35923898220062256,0.3229978382587433,0.31556621193885803,0.19435425102710724,0.18262214958667755,0.21078887581825256,0.1905101090669632,0.11418749392032623,0.13610152900218964,0.16116401553153992,0.22284303605556488,0.21970248222351074,0.2380927950143814,0.19017015397548676,0.18013222515583038,380.29254744580317,298.6920066886601,1179.613408473668,0.009541310179814385,0.0013699280098080635,90.0,100.0,95.0,94.0,104.0,99.0,3,pranayama
P2,-7.539182186126709,-13.89178466796875,-28.169788360595703,-34.914588928222656,-40.643856048583984,-41.755393981933594,-42.88020324707031,-45.4382438659668,-45.988609313964844,-47.79559326171875,-49.955665588378906,-50.70619583129883,-52.289371490478516,-53.811614990234375,-57.02842330932617,-57.3902473449707,-59.055580139160156,-61.78968048095703,-64.61076354980469,-66.57926940917969,-68.38912200927734,-70.69290924072266,-71.61051940917969,-71.65603637695312,-70.8579330444336,-70.95494842529297,-70.86698913574219,-70.91995239257812,-70.51240539550781,-70.81613159179688,-71.69904327392578,-72.4974365234375,2.5207629203796387,2.4455556869506836,2.298614263534546,2.57120943069458,2.324007511138916,2.409076452255249,2.1557998657226562,2.3439836502075195,2.4267578125,2.3899481296539307,2.1591649055480957,2.16306471824646,2.3477234840393066,2.387044906616211,2.173884391784668,2.356241226196289,2.498911142349243,2.6765832901000977,2.597789764404297,2.40228009223938,2.450286865234375,1.6555039882659912,1.7120052576065063,2.0254979133605957,2.029910087585449,2.274791955947876,2.31803297996521,2.120565891265869,2.1697161197662354,2.0250403881073,1.5309008359909058,1.346669316291809,-313.5501708984375,87.13353729248047,26.468292236328125,11.261520385742188,17.691526412963867,14.350483894348145,8.040437698364258,10.384181022644043,6.912539482116699,5.314103126525879,6.113502502441406,4.164019584655762,3.3614048957824707,2.482203483581543,2.5318922996520996,2.5389275550842285,2.246915102005005,2.438474416732788,2.085266590118408,2.146676778793335,0.2874487638473511,0.30834126472473145,0.41027167439460754,0.6119427680969238,0.937149167060852,0.8648867607116699,0.45158931612968445,0.3842248320579529,0.3557923436164856,0.34284186363220215,0.3087022602558136,0.2976747453212738,0.17446590960025787,0.15667147934436798,0.19887113571166992,0.17862677574157715,0.1133807823061943,0.14334672689437866,0.15897764265537262,0.21294231712818146,0.20399260520935059,0.2199358493089676,0.1888940930366516,0.1818845570087433,325.26912015177936,256.00030814965197,1055.9521419284958,0.009398564385150812,0.0013371743261814117,100.0,110.0,105.0,104.0,114.0,109.0,3,pranayama
P2,-7.966518878936768,-14.716019630432129,-28.987104415893555,-35.37744140625,-41.21759033203125,-42.044166564941406,-43.694580078125,-46.2064094543457,-46.84877014160156,-48.78602981567383,-50.94465255737305,-51.37841796875,-52.94050598144531,-54.83820343017578,-57.54103088378906,-57.7286376953125,-59.87582778930664,-62.27020263671875,-64.18378448486328,-66.48204803466797,-68.5770492553711,-70.21969604492188,-70.51074981689453,-70.63957977294922,-70.12625122070312,-70.24781799316406,-70.13525390625,-70.1984634399414,-69.7799301147461,-70.4071273803711,-71.08975982666016,-71.95458221435547,2.7971301078796387,2.521824836730957,2.227947235107422,2.476496696472168,2.5130820274353027,2.7609057426452637,2.8980019092559814,2.505329132080078,2.3885669708251953,2.524988889694214,2.468684196472168,2.56016206741333,2.4851810932159424,2.3381996154785156,2.789973735809326,2.681445360183716,2.727932929992676,3.063140869140625,3.8835785388946533,3.755770444869995,3.5406417846679688,3.4009766578674316,3.8163552284240723,3.844550848007202,3.3653345108032227,3.618434190750122,3.4571850299835205,3.7536542415618896,4.130417823791504,3.921508312225342,3.5946428775787354,3.1711058616638184,-314.2937927246094,83.85049438476562,27.425188064575195,12.343833923339844,17.045825958251953,14.42524528503418,7.971407413482666,10.006991386413574,6.9174981117248535,5.294143199920654,11.376992225646973,7.649681568145752,3.8189733028411865,3.1373605728149414,2.5340144634246826,2.722870349884033,2.2427468299865723,2.596191167831421,2.173520565032959,2.4856789112091064,0.3027038872241974,0.33289188146591187,0.4473959803581238,0.6805306673049927,0.9592592716217041,0.8405241370201111,0.43607470393180847,0.38221755623817444,0.36491984128952026,0.3534327745437622,0.32594385743141174,0.31246230006217957,0.20312029123306274,0.19409573078155518,0.22973473370075226,0.1738540530204773,0.0836612656712532,0.14331451058387756,0.1740289032459259,0.22618655860424042,0.21152478456497192,0.21759848296642303,0.1997850239276886,0.20123660564422607,359.2841692971976,279.55693291400814,1134.775226837337,0.00970784694025522,0.001386221731081605,110.0,120.0,115.0,114.0,124.0,119.0,3,pranayama
P2,-8.154397964477539,-14.529646873474121,-29.17076301574707,-35.765567779541016,-41.62236404418945,-42.90253448486328,-43.87179946899414,-46.67072677612305,-46.869361877441406,-49.00754165649414,-51.187870025634766,-51.943382263183594,-53.29878616333008,-54.86696243286133,-58.392608642578125,-58.71930694580078,-60.33662796020508,-63.17547607421875,-65.37068939208984,-67.38261413574219,-69.51448059082031,-71.79568481445312,-72.58435821533203,-72.57601165771484,-71.63848114013672,-71.68639373779297,-71.6128158569336,-71.6077880859375,-71.32283020019531,-71.79271697998047,-72.55184936523438,-73.38177490234375,2.6459410190582275,2.4585280418395996,2.1774914264678955,2.571531057357788,2.3919405937194824,2.232041597366333,2.336064577102661,2.2351160049438477,2.38090443611145,2.4441492557525635,2.122440814971924,2.1244659423828125,2.282780170440674,2.326308488845825,1.9884735345840454,2.183412551879883,2.2429895401000977,2.4029057025909424,2.818241834640503,2.5737717151641846,2.203580141067505,1.6779011487960815,1.7068159580230713,2.335299491882324,2.359027147293091,2.586451292037964,2.227811813354492,2.111511707305908,2.2094528675079346,1.966032862663269,1.5973551273345947,1.3581781387329102,-319.13568115234375,86.85816192626953,27.2302188873291,11.644246101379395,17.637489318847656,14.59265422821045,8.1465482711792,10.644500732421875,6.803127288818359,5.298541069030762,6.2089338302612305,4.027862071990967,3.0373382568359375,2.632356643676758,2.4367196559906006,2.5714023113250732,2.3329858779907227,2.390885829925537,2.308298110961914,2.221165418624878,0.3156180679798126,0.33577761054039,0.43923085927963257,0.6733482480049133,0.9605241417884827,0.8202534317970276,0.4045686721801758,0.35430580377578735,0.34007370471954346,0.33492857217788696,0.3196556866168976,0.31981968879699707,0.20961417257785797,0.18538282811641693,0.21700851619243622,0.16951768100261688,0.09813500940799713,0.14365854859352112,0.1543382704257965,0.2089739292860031,0.21079018712043762,0.22531862556934357,0.20414912700653076,0.20749995112419128,322.1751187380568,251.22902996302204,1051.906851341523,0.00974636564675174,0.0013860028702765703,120.0,130.0,125.0,124.0,134.0,129.0,3,pranayama
P2,-7.5146484375,-13.871718406677246,-28.18517303466797,-34.73737716674805,-40.588253021240234,-41.68556594848633,-42.81657791137695,-45.33472442626953,-45.9182014465332,-47.917823791503906,-50.03285598754883,-50.5948600769043,-51.99908447265625,-54.01797103881836,-56.70471954345703,-56.503021240234375,-58.629295349121094,-61.40726852416992,-63.7595329284668,-66.11893463134766,-67.45516204833984,-68.73566436767578,-69.02261352539062,-69.45680236816406,-68.91976165771484,-68.85400390625,-68.69929504394531,-68.29598999023438,-67.79285430908203,-68.72673034667969,-69.51248931884766,-70.46260833740234,2.6611502170562744,2.497037887573242,2.4405517578125,2.5726962089538574,2.4789059162139893,2.264157772064209,2.2906062602996826,2.387925148010254,2.428169012069702,2.6129159927368164,2.3870415687561035,2.6138222217559814,2.381696939468384,2.409158229827881,2.415945529937744,2.648756504058838,2.8610517978668213,3.058302879333496,3.2574849128723145,3.0184738636016846,4.013688087463379,4.270139694213867,4.582103252410889,4.554544448852539,4.066580295562744,4.360766410827637,4.277824878692627,4.506616592407227,4.70703649520874,4.563271522521973,4.4216766357421875,4.134281635284424,-308.3465881347656,82.02222442626953,28.016557693481445,11.848934173583984,16.906354904174805,14.787737846374512,7.864419937133789,10.003539085388184,7.052183628082275,5.807073593139648,12.587583541870117,9.389649391174316,3.501434087753296,3.045051336288452,2.6681761741638184,2.2892677783966064,2.572331428527832,2.535435438156128,2.3571536540985107,2.2368340492248535,0.28704696893692017,0.30874165892601013,0.412162721157074,0.6552742123603821,0.9520429372787476,0.8265992403030396,0.4347246587276459,0.402050256729126,0.38030269742012024,0.358510822057724,0.3236081004142761,0.3041529059410095,0.18274691700935364,0.16509658098220825,0.2012460082769394,0.15839271247386932,0.10154249519109726,0.1485125720500946,0.178579643368721,0.23813936114311218,0.22684265673160553,0.22845099866390228,0.20388716459274292,0.19493889808654785,385.890446357704,313.230665875145,1194.7130947167025,0.009932161760440835,0.001345836091786623,130.0,140.0,135.0,134.0,144.0,139.0,3,pranayama
P2,-7.481691360473633,-14.070795059204102,-28.571468353271484,-35.08390426635742,-40.53633499145508,-41.765621185302734,-43.07805252075195,-45.50759506225586,-45.990089416503906,-47.90363693237305,-49.79526901245117,-50.73789978027344,-51.99448013305664,-53.75713348388672,-56.480323791503906,-56.73200988769531,-58.28248977661133,-59.9686393737793,-61.526336669921875,-63.99375534057617,-66.09913635253906,-67.72423553466797,-68.37506103515625,-68.04225158691406,-67.84674835205078,-67.67308044433594,-67.40385437011719,-67.50857543945312,-67.01781463623047,-67.94703674316406,-68.77125549316406,-69.77436065673828,2.553661346435547,2.378735303878784,2.2281088829040527,2.671079158782959,2.5071516036987305,2.3556833267211914,2.535828113555908,2.3643898963928223,2.5418548583984375,2.8066413402557373,2.473398447036743,2.554847002029419,2.5575509071350098,2.6594021320343018,2.846003770828247,2.888885021209717,3.1588447093963623,3.8994333744049072,4.894015789031982,4.451196193695068,3.8624536991119385,3.8685343265533447,3.9412500858306885,4.30580997467041,4.01795768737793,4.352417945861816,4.268710613250732,4.551520824432373,4.830269813537598,4.5736165046691895,4.482411861419678,4.1808271408081055,-305.3713073730469,79.14412689208984,27.051239013671875,13.33455753326416,16.775297164916992,14.032872200012207,8.053095817565918,10.959526062011719,6.549306392669678,5.173216342926025,12.768115997314453,9.22236156463623,4.866432189941406,3.537735939025879,2.6522953510284424,2.8925375938415527,2.336266279220581,2.813279628753662,2.2133688926696777,2.6906275749206543,0.3104232847690582,0.32300713658332825,0.4174293577671051,0.6422913670539856,0.9546806812286377,0.8478114604949951,0.4394545555114746,0.39243197441101074,0.3759404718875885,0.36375272274017334,0.33307206630706787,0.3207756578922272,0.19553504884243011,0.16591009497642517,0.19813969731330872,0.16686522960662842,0.09402585029602051,0.14313234388828278,0.1714896559715271,0.22577960789203644,0.21497134864330292,0.22115860879421234,0.2017492651939392,0.20115193724632263,413.9214888189381,327.6444224912993,1258.7283610196346,0.00984606112238979,0.0013929738197475672,140.0,150.0,145.0,144.0,154.0,149.0,3,pranayama
P2,-6.763505935668945,-13.187232971191406,-27.91314697265625,-34.533138275146484,-40.533199310302734,-41.363407135009766,-42.486167907714844,-45.22080612182617,-46.0096435546875,-48.08282470703125,-49.923851013183594,-50.825199127197266,-52.26951599121094,-53.90805435180664,-56.986366271972656,-57.616943359375,-59.286624908447266,-62.1028938293457,-64.7174072265625,-66.75787353515625,-68.45409393310547,-69.99937438964844,-70.98405456542969,-70.84571075439453,-70.21273803710938,-70.18971252441406,-69.9132308959961,-70.03343200683594,-69.82421875,-70.55132293701172,-71.18177795410156,-71.81818389892578,2.5738229751586914,2.6160998344421387,2.330764055252075,2.4607133865356445,2.4680330753326416,2.378204822540283,2.2488179206848145,2.2861168384552,2.3850228786468506,2.3229174613952637,2.1762466430664062,2.15712833404541,2.2162981033325195,2.087312698364258,1.8555607795715332,2.1582565307617188,2.1767032146453857,2.382260799407959,2.380277395248413,2.094933271408081,2.0041439533233643,1.9889485836029053,1.7936257123947144,2.4953672885894775,2.3913307189941406,2.663630962371826,2.7558741569519043,2.7245078086853027,3.2060773372650146,2.374020576477051,1.998727560043335,1.8146172761917114,-311.92169189453125,86.3441162109375,28.02020835876465,11.819427490234375,17.178430557250977,14.993915557861328,8.029218673706055,10.15169620513916,7.131900310516357,5.666610240936279,6.406917572021484,5.073253154754639,2.5115342140197754,2.442711353302002,2.377279758453369,2.29518985748291,2.4758737087249756,2.4747354984283447,2.2891323566436768,2.2052879333496094,0.28940266370773315,0.3177124261856079,0.4292501211166382,0.6414756774902344,0.951973021030426,0.8362224698066711,0.4168247878551483,0.3459717929363251,0.3158379793167114,0.3001185953617096,0.28446727991104126,0.2882668972015381,0.2007550150156021,0.19105300307273865,0.2342381775379181,0.19307994842529297,0.09252196550369263,0.14592748880386353,0.15727463364601135,0.19486908614635468,0.19315457344055176,0.2067834585905075,0.18663474917411804,0.1928374320268631,315.11716057072624,240.16266223172855,1045.619614422561,0.009104009570765662,0.0014199553988873959,150.0,160.0,155.0,154.0,164.0,159.0,3,pranayama
P2,-7.336244583129883,-13.882320404052734,-28.01375389099121,-34.73897933959961,-40.218204498291016,-41.56508255004883,-42.64438247680664,-45.561946868896484,-46.11003112792969,-47.942108154296875,-49.57564926147461,-50.11992645263672,-51.53102493286133,-53.151302337646484,-55.550968170166016,-55.97395324707031,-58.67534255981445,-60.75798797607422,-62.44634246826172,-64.86022186279297,-67.34021759033203,-68.83416748046875,-69.6048812866211,-69.93498229980469,-69.1115493774414,-69.46497344970703,-69.74593353271484,-70.21488189697266,-69.94794464111328,-70.82111358642578,-71.6055908203125,-72.49315643310547,2.6459643840789795,2.742647409439087,2.408402442932129,2.5034945011138916,2.595529794692993,2.5800485610961914,2.455345869064331,2.498795986175537,2.465904951095581,2.7130327224731445,2.9985697269439697,2.952059507369995,3.473604440689087,3.8325531482696533,3.7410707473754883,3.7070631980895996,3.3473081588745117,3.8861875534057617,5.166965007781982,4.716090679168701,3.684001922607422,3.767212152481079,3.781926155090332,4.085545539855957,3.9947121143341064,3.7887582778930664,3.1989428997039795,2.6563374996185303,2.4886081218719482,2.143765687942505,1.6858524084091187,1.4170926809310913,-309.3194580078125,85.23634338378906,24.37357521057129,13.38095474243164,17.132766723632812,14.935454368591309,7.783871173858643,9.816783905029297,6.706155300140381,5.20850133895874,11.650923728942871,4.958159446716309,6.203734874725342,4.030271530151367,3.152714967727661,3.29111385345459,2.552948236465454,2.812206268310547,2.4119362831115723,3.0721492767333984,0.27371492981910706,0.2941465675830841,0.39313942193984985,0.5993024706840515,0.9390231966972351,0.8844326734542847,0.47420400381088257,0.41003549098968506,0.36156001687049866,0.3291441798210144,0.29178550839424133,0.28026220202445984,0.18328966200351715,0.16441825032234192,0.19513201713562012,0.17020227015018463,0.10452260822057724,0.13117967545986176,0.18289028108119965,0.24296709895133972,0.21416203677654266,0.2169884592294693,0.18372344970703125,0.1810334175825119,343.6470857676408,292.5468002283933,1075.9402289490677,0.009316995359628771,0.0013965560356155038,160.0,170.0,165.0,164.0,174.0,169.0,3,pranayama
P2,-10.375492095947266,-17.647022247314453,-32.285648345947266,-38.21964645385742,-43.55036163330078,-44.60177993774414,-45.78590774536133,-48.72964096069336,-49.29815673828125,-50.96537780761719,-52.50368881225586,-53.191558837890625,-54.340641021728516,-55.81554412841797,-58.910858154296875,-59.4145622253418,-61.51133346557617,-64.70330810546875,-67.2662353515625,-69.07721710205078,-70.07894897460938,-72.14466094970703,-73.61454772949219,-73.70747375488281,-72.39572143554688,-72.24321746826172,-72.65277099609375,-73.2853775024414,-73.705810546875,-74.85579681396484,-75.66685485839844,-76.21134185791016,2.73726749420166,2.6800997257232666,2.3284292221069336,2.8008577823638916,3.409341812133789,3.230902671813965,3.372825860977173,3.329688310623169,3.263685703277588,4.097279071807861,4.78546667098999,4.73978853225708,5.487829685211182,6.135265350341797,6.437580585479736,5.916595458984375,5.8810601234436035,5.27887487411499,4.925699234008789,5.355062484741211,6.873553276062012,7.215738296508789,6.122629165649414,5.581039905548096,5.989269733428955,6.877444267272949,6.356409072875977,5.151744842529297,4.340270042419434,3.0319716930389404,1.833017349243164,1.6558914184570312,-328.5848388671875,85.8707046508789,23.941150665283203,12.538122177124023,16.171428680419922,16.062767028808594,7.396218299865723,9.6863374710083,6.702831745147705,5.751744747161865,22.1705265045166,6.7580885887146,8.766873359680176,3.4897217750549316,3.5072553157806396,4.127654075622559,3.320995569229126,2.3530972003936768,2.4626381397247314,3.0429513454437256,0.3279637098312378,0.34933412075042725,0.45465871691703796,0.6453803777694702,0.9354982376098633,0.8455304503440857,0.46037647128105164,0.4077335298061371,0.38921234011650085,0.3788599669933319,0.3427606523036957,0.33247700333595276,0.21097338199615479,0.18635746836662292,0.21763822436332703,0.18929964303970337,0.12040363252162933,0.14785097539424896,0.17178502678871155,0.23720015585422516,0.22495314478874207,0.23110057413578033,0.2020164281129837,0.20732524991035461,333.5313658837313,321.2993719185035,1047.4618701730546,0.009007712804524361,0.0015904417959973216,170.0,180.0,175.0,174.0,184.0,179.0,3,pranayama
P2,-11.635858535766602,-18.213092803955078,-32.467655181884766,-38.633792877197266,-44.23832321166992,-45.58700180053711,-46.668819427490234,-49.1923713684082,-49.90333938598633,-51.72562789916992,-53.044578552246094,-53.805015563964844,-55.22993469238281,-56.92271041870117,-59.12872314453125,-59.181331634521484,-61.233150482177734,-63.3023681640625,-65.02628326416016,-67.46902465820312,-69.90109252929688,-71.8870620727539,-71.76644134521484,-70.98602294921875,-70.11787414550781,-69.87115478515625,-70.71163177490234,-71.08145904541016,-70.36358642578125,-71.45407104492188,-72.16743469238281,-73.03352355957031,2.856078624725342,2.4781930446624756,2.4348666667938232,2.6322245597839355,2.765845537185669,2.6470682621002197,2.915630340576172,2.9551825523376465,2.7698187828063965,3.119420289993286,2.830017328262329,3.0765349864959717,3.0684316158294678,2.9575445652008057,3.0422322750091553,3.1442394256591797,3.5231330394744873,4.128833770751953,4.754703521728516,4.39915132522583,4.334146499633789,4.298491477966309,4.669743061065674,5.210315227508545,4.958255767822266,5.199932098388672,5.051693439483643,4.828763961791992,4.63817834854126,4.795342922210693,5.03131628036499,4.946037292480469,-324.55322265625,77.95375061035156,26.074050903320312,12.863086700439453,16.759296417236328,15.09713077545166,7.006688594818115,10.26528549194336,7.239595413208008,4.307523250579834,15.668973922729492,9.827017784118652,3.8002233505249023,3.8781518936157227,3.0486321449279785,3.0913166999816895,2.987379789352417,2.371349573135376,2.431674003601074,2.860750675201416,0.29324719309806824,0.3206169605255127,0.42773911356925964,0.621165931224823,0.9379201531410217,0.8548665642738342,0.4550825357437134,0.3929288387298584,0.36126509308815,0.3460599482059479,0.30869004130363464,0.3001880943775177,0.19206993281841278,0.17964421212673187,0.21586079895496368,0.1900186687707901,0.11414884775876999,0.1482294201850891,0.16889508068561554,0.23086795210838318,0.21579758822917938,0.22403684258460999,0.18667037785053253,0.18440555036067963,437.5169400470399,362.2174539588167,1301.7627344577254,0.010435170751160093,0.0014163911109790206,180.0,190.0,185.0,184.0,194.0,189.0,3,pranayama
P2,-7.695125579833984,-13.988945007324219,-28.30797004699707,-34.77925491333008,-40.48320770263672,-41.866424560546875,-42.809635162353516,-45.570560455322266,-46.12254333496094,-48.06621551513672,-50.0974235534668,-50.87127685546875,-52.247379302978516,-54.24724197387695,-56.95654296875,-56.97282791137695,-58.934993743896484,-61.09918212890625,-62.45374298095703,-64.96627044677734,-67.22772979736328,-69.31979370117188,-69.86676025390625,-69.11308288574219,-68.55075073242188,-68.53374481201172,-68.72724914550781,-68.50997924804688,-67.99654388427734,-68.90337371826172,-69.65391540527344,-70.6019058227539,2.6996073722839355,2.5936496257781982,2.3688111305236816,2.705456018447876,2.5339274406433105,2.576508045196533,2.635158061981201,2.4426889419555664,2.461155414581299,2.438493013381958,2.3870227336883545,2.363800048828125,2.380561351776123,2.3627524375915527,2.3765172958374023,2.604398250579834,2.4790608882904053,2.911611795425415,3.9523534774780273,3.666156768798828,3.1515872478485107,3.119685173034668,3.656806230545044,4.004390239715576,3.5827934741973877,3.878560781478882,3.4616024494171143,3.8379108905792236,4.27874231338501,4.0301923751831055,4.01571798324585,3.831770658493042,-308.571044921875,81.72416687011719,27.66695213317871,12.575444221496582,16.934072494506836,14.18032455444336,7.674489974975586,10.747544288635254,6.671151638031006,4.832596778869629,10.091558456420898,8.33078384399414,4.378061771392822,3.0612123012542725,3.0068840980529785,3.0417351722717285,2.57507061958313,2.56241774559021,2.3115015029907227,2.5985453128814697,0.2686944305896759,0.3013027310371399,0.41297081112861633,0.6616714596748352,0.9567821025848389,0.8214269280433655,0.42670539021492004,0.38423070311546326,0.3569531738758087,0.3346492350101471,0.29733142256736755,0.27851927280426025,0.16414329409599304,0.16338317096233368,0.20776309072971344,0.16624026000499725,0.10973091423511505,0.14527948200702667,0.178019180893898,0.22945760190486908,0.2157544493675232,0.2175827920436859,0.17068186402320862,0.16190533339977264,389.1377630120145,299.6912272513051,1204.1326888949625,0.009997870142111369,0.0013441884657368064,190.0,200.0,195.0,194.0,204.0,199.0,3,pranayama
P2,-6.3080267906188965,-13.144474983215332,-27.35089683532715,-34.134986877441406,-39.64060974121094,-41.09851837158203,-42.267337799072266,-44.79643249511719,-45.47151565551758,-47.242759704589844,-48.952362060546875,-50.04682159423828,-51.46164321899414,-52.990047454833984,-55.9432487487793,-56.140663146972656,-58.24794387817383,-61.07096481323242,-63.18709945678711,-65.17945861816406,-66.97135925292969,-68.8122787475586,-69.46464538574219,-69.4021987915039,-68.60952758789062,-68.52275848388672,-68.60601043701172,-68.61649322509766,-68.29508972167969,-68.72810363769531,-69.25828552246094,-70.07212829589844,2.755422830581665,2.685898542404175,2.2900760173797607,2.536705493927002,2.531087875366211,2.1553027629852295,2.280006170272827,2.2250611782073975,2.422973155975342,2.494328498840332,2.337559700012207,2.2809932231903076,2.2345006465911865,2.3523507118225098,2.6271519660949707,2.732875108718872,2.608410358428955,2.8873517513275146,3.07263445854187,2.8379056453704834,3.238718032836914,3.4725875854492188,3.941406726837158,4.073013782501221,3.7201290130615234,4.11133337020874,3.9601588249206543,3.9770724773406982,4.399356842041016,4.2873125076293945,4.112482070922852,3.877317428588867,-305.8298034667969,83.68109893798828,27.718957901000977,11.791888236999512,17.45012664794922,14.849862098693848,8.212977409362793,10.01284122467041,7.0687079429626465,5.30462646484375,11.548318862915039,8.640565872192383,3.048480272293091,2.6733264923095703,2.596587896347046,2.4866271018981934,2.3420565128326416,2.400392532348633,2.1176843643188477,2.097224712371826,0.295767605304718,0.32421931624412537,0.4330878257751465,0.6270667910575867,0.941231906414032,0.8579571843147278,0.4580274820327759,0.3904132544994354,0.35933390259742737,0.34121444821357727,0.30419495701789856,0.2970457971096039,0.2065747082233429,0.18226344883441925,0.21204647421836853,0.18968284130096436,0.09704264253377914,0.14472417533397675,0.16317139565944672,0.22172507643699646,0.20877781510353088,0.21900343894958496,0.1904773712158203,0.19835317134857178,361.91426221578934,284.2033085303074,1145.25292694681,0.00961041727088167,0.001405885792337358,200.0,210.0,205.0,204.0,214.0,209.0,3,pranayama
P2,-8.004239082336426,-14.990463256835938,-28.965478897094727,-35.571983337402344,-41.24399185180664,-42.497398376464844,-43.845951080322266,-46.506019592285156,-47.46175003051758,-49.221923828125,-50.63011169433594,-51.82230758666992,-53.63423156738281,-55.49472427368164,-58.22605514526367,-58.02635192871094,-60.34376907348633,-62.42372512817383,-63.439266204833984,-65.7142562866211,-69.41346740722656,-71.27019500732422,-71.88666534423828,-71.72530364990234,-70.88526153564453,-71.20547485351562,-71.37242889404297,-71.51948547363281,-71.04582977294922,-71.60094451904297,-72.25670623779297,-72.9656753540039,2.6337082386016846,2.546856641769409,2.3025434017181396,2.6560399532318115,2.5805580615997314,2.457895040512085,2.6295976638793945,2.402564764022827,2.6632821559906006,2.50470232963562,2.320296049118042,2.5223071575164795,2.2795701026916504,2.1349079608917236,2.32702374458313,2.5268514156341553,2.4379470348358154,3.599163770675659,5.457972526550293,5.200325012207031,2.7576794624328613,2.3603317737579346,2.791472911834717,3.2987213134765625,2.9290289878845215,2.656805992126465,2.359330654144287,2.704348564147949,2.915982246398926,2.8125381469726562,2.3898894786834717,2.093508005142212,-317.3515319824219,85.780029296875,26.579683303833008,12.928740501403809,17.65719223022461,13.602217674255371,8.02801513671875,10.85197925567627,6.6269850730896,4.311007499694824,9.614898681640625,5.557461738586426,3.812209367752075,3.6437690258026123,2.526057243347168,2.940760374069214,2.3846755027770996,2.7645528316497803,2.5085439682006836,2.8574392795562744,0.30990681052207947,0.34189704060554504,0.4599177837371826,0.6560265421867371,0.9487060904502869,0.851649284362793,0.4444469213485718,0.37256333231925964,0.3459678292274475,0.33263909816741943,0.3142491579055786,0.3138992190361023,0.2003975510597229,0.18209122121334076,0.2244037240743637,0.19031086564064026,0.09526488929986954,0.14832259714603424,0.15730085968971252,0.20999141037464142,0.21036647260189056,0.2202460914850235,0.19861070811748505,0.20305708050727844,330.3089394358206,263.7192869960847,1068.4380674292192,0.008951067647911834,0.0014114034129306674,210.0,220.0,215.0,214.0,224.0,219.0,3,pranayama
P2,-7.398658752441406,-13.646491050720215,-28.209197998046875,-34.78110885620117,-40.303462982177734,-41.87017059326172,-43.18960189819336,-45.59244918823242,-46.19389724731445,-47.7861442565918,-49.762290954589844,-50.46272277832031,-51.811912536621094,-53.73698425292969,-57.10043716430664,-57.23948669433594,-59.05726623535156,-61.785701751708984,-63.936702728271484,-66.31486511230469,-67.6628189086914,-69.41464233398438,-69.80838012695312,-69.21762084960938,-68.32879638671875,-68.36676025390625,-68.70075225830078,-68.41830444335938,-67.92853546142578,-68.54064178466797,-69.4261245727539,-70.49312591552734,2.7267837524414062,2.3600943088531494,2.2388994693756104,2.44307541847229,2.5189902782440186,2.375141143798828,2.4924161434173584,2.275874614715576,2.3222880363464355,2.476768970489502,2.183218479156494,2.148020029067993,2.240488290786743,2.221184492111206,2.1590559482574463,2.353043794631958,2.435239791870117,2.69846248626709,2.7239434719085693,2.5569300651550293,2.9081215858459473,2.8879802227020264,3.342545986175537,3.946132183074951,3.943507194519043,4.09345817565918,3.5974724292755127,3.923295736312866,4.459719657897949,4.20277738571167,4.034414291381836,3.705491542816162,-308.738037109375,82.05084228515625,28.695903778076172,11.537290573120117,16.691194534301758,15.611063003540039,8.074074745178223,10.038647651672363,6.830423831939697,4.998136520385742,10.152396202087402,8.09450912475586,3.6506967544555664,2.808128833770752,2.734778881072998,2.728060483932495,2.813894510269165,2.1389880180358887,2.2246460914611816,2.3308913707733154,0.2664376497268677,0.2894759178161621,0.392631858587265,0.612411618232727,0.9496811628341675,0.8570934534072876,0.4478054940700531,0.40154826641082764,0.363843709230423,0.3353062570095062,0.2897420823574066,0.27456218004226685,0.17407503724098206,0.1624433398246765,0.20047220587730408,0.16879719495773315,0.10343775153160095,0.14062140882015228,0.17204125225543976,0.23176038265228271,0.20365554094314575,0.20512957870960236,0.1717434823513031,0.17056289315223694,377.0108870333764,274.86059626957655,1191.9764352564546,0.010008066270301624,0.001370389829389751,220.0,230.0,225.0,224.0,234.0,229.0,3,pranayama
P2,-8.8152494430542,-15.25110149383545,-29.3489933013916,-35.66892623901367,-41.49079132080078,-43.30652618408203,-44.14978790283203,-47.06437301635742,-47.94827651977539,-49.747188568115234,-51.12976837158203,-51.924991607666016,-53.415069580078125,-55.276405334472656,-57.69140625,-57.426658630371094,-59.820316314697266,-61.56840515136719,-64.2125473022461,-66.58733367919922,-69.21041107177734,-70.4668960571289,-69.64241790771484,-68.21855163574219,-68.53521728515625,-68.64596557617188,-69.00271606445312,-68.86090850830078,-68.13430786132812,-68.95671081542969,-70.5091323852539,-72.18880462646484,2.5775253772735596,2.6090760231018066,2.236992359161377,2.5728769302368164,2.5163447856903076,2.295445442199707,2.3090126514434814,2.3231637477874756,2.581954002380371,2.4832520484924316,2.293206214904785,2.162813186645508,2.2402610778808594,2.2811527252197266,2.2992656230926514,2.660979747772217,2.355085611343384,3.0040879249572754,2.859701156616211,2.682234764099121,2.0835518836975098,2.466839075088501,3.8264565467834473,5.288381576538086,4.296387195587158,4.205666542053223,3.232123613357544,2.829347848892212,3.056588888168335,2.962787389755249,2.386171340942383,2.02195405960083,-313.6400451660156,79.8509292602539,28.129613876342773,13.155540466308594,16.477008819580078,15.991074562072754,6.589859962463379,9.984660148620605,7.224587917327881,4.646238803863525,9.012825012207031,6.392476558685303,2.9390833377838135,3.7652809619903564,3.3187921047210693,2.9833030700683594,2.748660087585449,2.4576311111450195,2.5219929218292236,2.4737305641174316,0.31884580850601196,0.3284275531768799,0.41711291670799255,0.604269802570343,0.9399501085281372,0.8542695045471191,0.43529024720191956,0.36616984009742737,0.3545011878013611,0.3531932830810547,0.3255617320537567,0.3244643807411194,0.21164312958717346,0.18619506061077118,0.20622166991233826,0.1804126799106598,0.11367037892341614,0.14351986348628998,0.1644475758075714,0.2157401293516159,0.20828184485435486,0.22710756957530975,0.20266366004943848,0.20715494453907013,388.080001180403,284.42813315690256,1218.65003331975,0.009616081786542923,0.001374727115035057,230.0,240.0,235.0,234.0,244.0,239.0,3,pranayama
P2,-7.356095314025879,-13.992831230163574,-28.44141960144043,-34.826927185058594,-40.364322662353516,-42.178707122802734,-43.18644714355469,-45.943363189697266,-46.485965728759766,-48.566986083984375,-50.22211837768555,-51.000152587890625,-52.27801513671875,-53.820404052734375,-56.926361083984375,-57.20143127441406,-59.2220344543457,-61.25942611694336,-62.785247802734375,-65.35860443115234,-67.41297912597656,-69.3447036743164,-69.99288940429688,-69.57110595703125,-68.65650177001953,-68.385986328125,-68.73418426513672,-68.53546905517578,-67.89988708496094,-68.44589233398438,-69.06979370117188,-70.2872314453125,2.500156879425049,2.433398485183716,2.366403102874756,2.478492498397827,2.382765054702759,2.36847186088562,2.3251841068267822,2.2256557941436768,2.440244436264038,2.5411362648010254,2.216038942337036,2.1861579418182373,2.4693706035614014,2.4050345420837402,2.311948776245117,2.6542696952819824,2.6231157779693604,3.3239989280700684,3.8504574298858643,3.5207390785217285,3.403157949447632,3.3752269744873047,3.6899609565734863,4.237026214599609,4.227880954742432,4.493356227874756,4.091081142425537,4.080689430236816,4.353463649749756,4.177585601806641,4.089410305023193,3.7400989532470703,-308.9620666503906,81.25743103027344,28.351356506347656,12.27009105682373,17.674070358276367,14.565144538879395,7.867459297180176,10.375663757324219,6.506049156188965,4.995132923126221,11.731340408325195,8.63683032989502,4.011403560638428,3.031195640563965,2.400644063949585,2.444828510284424,2.3315677642822266,2.121075391769409,2.099113702774048,2.4031810760498047,0.3143634498119354,0.3283900320529938,0.4193696975708008,0.6394680142402649,0.9480124711990356,0.8348668813705444,0.4283629357814789,0.37912529706954956,0.3549511134624481,0.3393089175224304,0.3167416453361511,0.31735458970069885,0.21431352198123932,0.18064413964748383,0.19635109603405,0.16737119853496552,0.11481885612010956,0.15181002020835876,0.1706179529428482,0.22383511066436768,0.21626074612140656,0.22743366658687592,0.2028592973947525,0.21187253296375275,381.3699027150737,286.3766132540603,1202.7739157420312,0.009326058584686775,0.0014256591675803065,240.0,250.0,245.0,244.0,254.0,249.0,3,pranayama
P2,-7.92592191696167,-14.408618927001953,-28.463621139526367,-34.815040588378906,-41.230098724365234,-42.72661209106445,-44.02222442626953,-46.228111267089844,-46.936485290527344,-48.51378631591797,-50.495418548583984,-51.25859069824219,-52.6965446472168,-54.60430145263672,-57.39402770996094,-57.5236930847168,-59.93844223022461,-62.40193557739258,-64.87385559082031,-67.32508850097656,-69.42074584960938,-70.92350006103516,-71.19465637207031,-71.56560516357422,-70.82746124267578,-70.909912109375,-70.75061798095703,-70.78125762939453,-69.9017105102539,-70.86902618408203,-71.7944564819336,-72.68632507324219,2.6821489334106445,2.5551528930664062,2.2413489818573,2.779916524887085,2.5499541759490967,2.3782336711883545,2.458050012588501,2.265746593475342,2.4939866065979004,2.4291460514068604,2.3131861686706543,2.1158032417297363,2.3838791847229004,2.3294949531555176,2.3120827674865723,2.576984405517578,2.2840218544006348,2.7861475944519043,2.646491289138794,2.4056105613708496,2.2347850799560547,2.265986680984497,3.5601041316986084,3.4105892181396484,2.960829734802246,2.812161445617676,2.493340015411377,2.3868556022644043,3.192999839782715,2.535733938217163,2.0256030559539795,1.8120099306106567,-315.61846923828125,85.69667053222656,27.29681396484375,11.59733772277832,17.76639747619629,15.305524826049805,7.918555736541748,10.167309761047363,6.746559143066406,5.125195503234863,8.476275444030762,4.87441349029541,2.775085210800171,2.694226026535034,2.7857818603515625,2.5578181743621826,2.60969877243042,2.2244460582733154,2.2913923263549805,2.151592969894409,0.28785207867622375,0.30589404702186584,0.4080827534198761,0.6020911335945129,0.9359277486801147,0.8724703788757324,0.44077441096305847,0.35735824704170227,0.3373895585536957,0.33223092555999756,0.3120669424533844,0.30311259627342224,0.18744586408138275,0.16879664361476898,0.20730695128440857,0.18701374530792236,0.10461609065532684,0.14196722209453583,0.15991616249084473,0.2057041972875595,0.20239214599132538,0.22525183856487274,0.2032059133052826,0.19816207885742188,333.71444885512034,270.21422065327727,1080.785031054527,0.009332856003480279,0.0013692742213606834,250.0,260.0,255.0,254.0,264.0,259.0,3,pranayama
P2,-6.621349334716797,-13.115435600280762,-27.253698348999023,-33.94248580932617,-39.85955810546875,-41.37451934814453,-42.318111419677734,-44.80698013305664,-45.46488952636719,-47.38230895996094,-49.32375717163086,-50.08768844604492,-51.37065124511719,-53.20396041870117,-55.99924850463867,-56.174869537353516,-58.206668853759766,-60.36604690551758,-62.03450393676758,-64.27719116210938,-66.4155044555664,-68.22733306884766,-68.73017120361328,-68.19039154052734,-67.94220733642578,-68.01050567626953,-67.89110565185547,-67.62298583984375,-67.08999633789062,-67.8056411743164,-68.4646224975586,-69.64201354980469,2.809049367904663,2.521094560623169,2.295158624649048,2.5640738010406494,2.6063764095306396,2.3836464881896973,2.589949131011963,2.308032989501953,2.554708480834961,2.477477788925171,2.3885271549224854,2.2689459323883057,2.425781488418579,2.4613873958587646,2.246358871459961,2.776949167251587,2.7680864334106445,3.67164945602417,4.691999435424805,4.647705554962158,3.3898935317993164,3.039034843444824,3.4586341381073,3.845089912414551,3.420032501220703,3.629910469055176,3.523160934448242,3.7585692405700684,4.183625221252441,3.968538761138916,3.905768394470215,3.724863052368164,-303.9173889160156,81.44341278076172,27.9281063079834,12.557826042175293,17.34210968017578,14.474985122680664,8.1743803024292,10.44510555267334,6.672447681427002,5.233737945556641,11.457645416259766,7.967817306518555,4.255352020263672,3.1362781524658203,2.555424213409424,2.9260411262512207,2.2377219200134277,2.71854829788208,2.320216178894043,2.374631643295288,0.31269195675849915,0.3383275270462036,0.4481741487979889,0.6578444242477417,0.9521998167037964,0.8385152220726013,0.4236888885498047,0.3635471761226654,0.3429141938686371,0.3333793580532074,0.31318360567092896,0.3130008280277252,0.1906536966562271,0.17638081312179565,0.2132289558649063,0.1791161447763443,0.11059460788965225,0.14667142927646637,0.15850384533405304,0.20294523239135742,0.19860175251960754,0.2103111892938614,0.18134455382823944,0.18372724950313568,381.46191359313684,289.89886573738397,1197.182102784756,0.009858523056844547,0.0013892019633203745,260.0,270.0,265.0,264.0,274.0,269.0,3,pranayama
P2,-7.065183162689209,-13.676506042480469,-27.88273811340332,-34.28169250488281,-40.15679931640625,-41.86717987060547,-42.59730911254883,-45.13154220581055,-45.88847732543945,-47.575408935546875,-49.58695983886719,-50.72359848022461,-52.11347198486328,-53.45902633666992,-56.7184944152832,-57.04045867919922,-58.744571685791016,-61.54218292236328,-63.613868713378906,-65.85489654541016,-67.69170379638672,-69.8133773803711,-71.047119140625,-71.05683898925781,-70.04296112060547,-70.01554107666016,-69.7143325805664,-69.09111785888672,-68.57440185546875,-69.03133392333984,-69.84475708007812,-70.9803466796875,2.6471304893493652,2.463557720184326,2.2000699043273926,2.5649771690368652,2.377298593521118,2.2157552242279053,2.370684862136841,2.3485631942749023,2.450413703918457,2.4256069660186768,2.1793556213378906,2.1174428462982178,2.3412249088287354,2.2651126384735107,2.1745567321777344,2.2559375762939453,2.2273457050323486,2.7215638160705566,2.959592580795288,2.7043673992156982,2.4206125736236572,2.1716794967651367,2.0710620880126953,2.475055456161499,2.5758306980133057,2.6717751026153564,2.649587631225586,3.2524566650390625,3.5110056400299072,3.3232059478759766,2.9821929931640625,2.380807638168335,-309.78778076171875,84.63745880126953,27.92033576965332,10.95256233215332,18.20479965209961,14.069910049438477,7.99481201171875,10.770623207092285,6.348851680755615,5.590210914611816,8.294450759887695,6.141205310821533,2.6456334590911865,2.427509307861328,2.461578607559204,2.2327592372894287,2.2641637325286865,2.4257302284240723,2.188525915145874,2.149761199951172,0.32368481159210205,0.3435423970222473,0.4502662122249603,0.6598319411277771,0.9551145434379578,0.8397985100746155,0.4195445477962494,0.3526158630847931,0.35518819093704224,0.363239049911499,0.34474295377731323,0.33615240454673767,0.19814734160900116,0.17437924444675446,0.20189937949180603,0.16527284681797028,0.09827759116888046,0.14891687035560608,0.15772059559822083,0.20372994244098663,0.21007689833641052,0.22851835191249847,0.21383211016654968,0.2093358039855957,342.46833397150016,256.05026917778423,1119.1202524538364,0.009162920533642692,0.0014094465877860785,270.0,280.0,275.0,274.0,284.0,279.0,3,pranayama
P2,-8.964014053344727,-15.689687728881836,-30.16516876220703,-36.25336837768555,-41.694366455078125,-43.62189865112305,-44.3539924621582,-46.898590087890625,-47.73415756225586,-49.385562896728516,-51.01236343383789,-51.648319244384766,-52.99544143676758,-55.1344108581543,-57.55087661743164,-57.52842330932617,-59.3029670715332,-60.67414093017578,-63.26498031616211,-65.64400482177734,-67.83306121826172,-69.69498443603516,-69.41921997070312,-68.09139251708984,-67.93150329589844,-67.73130798339844,-67.47310638427734,-67.5434341430664,-66.51161193847656,-67.8100357055664,-69.0811996459961,-70.59999084472656,2.7516887187957764,2.877636671066284,2.489988327026367,2.6821179389953613,2.557147979736328,2.6355385780334473,2.4983155727386475,2.4966464042663574,2.4435994625091553,2.49448823928833,2.2547287940979004,2.311941146850586,2.557044267654419,2.4446842670440674,2.3856041431427,2.5186729431152344,2.6634910106658936,3.1229374408721924,3.217059373855591,3.046374797821045,3.063351631164551,2.7185401916503906,3.0254709720611572,4.358986854553223,3.7872300148010254,3.822301149368286,3.933104991912842,3.1781742572784424,3.303159236907959,3.2237842082977295,3.315936803817749,3.3802263736724854,-310.9922180175781,76.61992645263672,28.115753173828125,12.477568626403809,16.698339462280273,15.369232177734375,6.830300807952881,11.058197975158691,6.6962971687316895,4.766422748565674,8.972635269165039,6.982489109039307,3.783243179321289,3.6672842502593994,3.137990951538086,3.249432325363159,3.3588829040527344,2.5955615043640137,2.5206785202026367,2.512929916381836,0.30783069133758545,0.33158078789711,0.4409954249858856,0.6358280777931213,0.9476550817489624,0.8585472106933594,0.447043776512146,0.375632643699646,0.3500516414642334,0.33532240986824036,0.3079298734664917,0.3069283068180084,0.19130496680736542,0.18397223949432373,0.22921450436115265,0.19557338953018188,0.09649772942066193,0.1398470401763916,0.17101718485355377,0.2165132313966751,0.1997651904821396,0.20771577954292297,0.18343932926654816,0.18629732728004456,431.5008886830225,316.0035029364849,1324.0032705603105,0.00978488435324826,0.001423515728674829,280.0,290.0,285.0,284.0,294.0,289.0,3,pranayama
P2,-7.83273458480835,-14.50249195098877,-29.253278732299805,-35.458160400390625,-41.148990631103516,-42.49905776977539,-43.2947998046875,-46.18747329711914,-46.7277717590332,-48.59303665161133,-50.253257751464844,-51.165992736816406,-52.20907974243164,-53.39104080200195,-56.483787536621094,-57.1535758972168,-59.12931823730469,-60.95497512817383,-62.75552749633789,-65.44670104980469,-67.47906494140625,-69.3316421508789,-70.24017333984375,-69.18988037109375,-68.69808959960938,-68.55760192871094,-68.6943359375,-68.49855041503906,-67.82967376708984,-68.59900665283203,-69.42121887207031,-70.75194549560547,2.477139711380005,2.5596611499786377,2.357112407684326,2.523061752319336,2.386469602584839,2.2881524562835693,2.30810809135437,2.6309800148010254,2.504627227783203,2.5920090675354004,2.6774091720581055,2.6230247020721436,2.51305890083313,2.9820854663848877,2.931295156478882,2.770994186401367,2.967902898788452,3.5017123222351074,3.7153351306915283,3.2890312671661377,3.0420687198638916,3.0681917667388916,3.2642722129821777,3.911175489425659,3.6734378337860107,3.912649393081665,3.61478853225708,3.407257318496704,3.534003257751465,3.44020414352417,3.456287384033203,3.1783857345581055,-309.66546630859375,80.55675506591797,27.155139923095703,11.99291706085205,17.595579147338867,14.940563201904297,7.593690872192383,10.51506519317627,6.660699844360352,5.406079292297363,10.59862995147705,7.350303649902344,4.213641166687012,3.1013669967651367,2.7528417110443115,2.839982032775879,2.4638638496398926,2.3632194995880127,2.1784958839416504,2.4657561779022217,0.29984667897224426,0.3289530575275421,0.44406601786613464,0.6555514931678772,0.952387273311615,0.8372783064842224,0.4373272657394409,0.38498881459236145,0.35973477363586426,0.34201592206954956,0.30656975507736206,0.30029481649398804,0.191456601023674,0.17998427152633667,0.21824459731578827,0.17757965624332428,0.09758235514163971,0.14518536627292633,0.17161494493484497,0.23124371469020844,0.21987144649028778,0.22204706072807312,0.18358401954174042,0.1840900033712387,379.01957034407644,282.929302312935,1203.4677622756983,0.009230894721577726,0.0014275781577453017,290.0,300.0,295.0,294.0,304.0,299.0,3,pranayama
P2,-6.476592063903809,-12.865236282348633,-27.05780601501465,-33.6856575012207,-39.569114685058594,-41.29814529418945,-41.897308349609375,-44.84380340576172,-45.46237564086914,-47.15335464477539,-48.86701583862305,-49.78811264038086,-51.21554946899414,-52.90449905395508,-55.33879852294922,-54.9497184753418,-57.64029312133789,-60.1634635925293,-62.57473373413086,-65.0287094116211,-67.25617218017578,-68.87503814697266,-69.39449310302734,-69.03691101074219,-68.75304412841797,-68.72520446777344,-68.76213836669922,-68.87959289550781,-68.06671142578125,-69.24186706542969,-70.16366577148438,-71.10026550292969,2.842313289642334,2.6185433864593506,2.322871446609497,2.6280689239501953,2.6457228660583496,2.386486768722534,2.5469701290130615,2.3180925846099854,2.3960511684417725,2.489816904067993,2.313772439956665,2.244021415710449,2.38004469871521,2.395355224609375,2.470289707183838,3.067697048187256,2.326350450515747,2.8414852619171143,2.899156093597412,2.565490961074829,2.2507989406585693,2.0347299575805664,2.7210073471069336,3.2148265838623047,2.548452138900757,2.4683096408843994,2.3655548095703125,2.063297986984253,2.491251230239868,2.1298375129699707,1.9158703088760376,1.799134612083435,-305.2995910644531,84.62769317626953,26.229873657226562,12.385551452636719,17.84442138671875,15.188677787780762,7.271788120269775,10.26728343963623,7.154475688934326,5.197588920593262,7.688642978668213,4.184995651245117,3.3500747680664062,2.772783041000366,2.6552627086639404,2.5541632175445557,2.8631505966186523,2.3425073623657227,2.507017135620117,2.3599324226379395,0.27308541536331177,0.3043789267539978,0.41949349641799927,0.6495915055274963,0.9596880078315735,0.8332123756408691,0.42544859647750854,0.3727205991744995,0.33184945583343506,0.3036684989929199,0.2773682177066803,0.2724984586238861,0.17117512226104736,0.16536523401737213,0.2150769680738449,0.17126114666461945,0.08396761119365692,0.14850640296936035,0.17280814051628113,0.23371849954128265,0.20887628197669983,0.19945724308490753,0.16697674989700317,0.1665419042110443,339.1184331516636,269.0401364921694,1091.8126395929999,0.00939516567575406,0.0014008472207933664,300.0,310.0,305.0,304.0,314.0,309.0,3,pranayama
P2,-7.412479400634766,-13.910196304321289,-28.21864891052246,-34.65138244628906,-40.097564697265625,-42.049503326416016,-42.96223831176758,-45.57099151611328,-46.41724395751953,-48.375816345214844,-49.9192008972168,-50.97696304321289,-52.088382720947266,-53.69838333129883,-56.49178695678711,-56.402976989746094,-58.72623062133789,-60.91915512084961,-62.87087631225586,-65.02501678466797,-67.52700805664062,-69.48809051513672,-70.51664733886719,-70.3959732055664,-69.78598022460938,-69.6114501953125,-69.73802947998047,-69.9123306274414,-69.6131820678711,-70.26838684082031,-71.25879669189453,-72.23660278320312,2.43623423576355,2.5478432178497314,2.171313524246216,2.6125686168670654,2.6155779361724854,2.203263282775879,2.4018239974975586,2.2710940837860107,2.4339687824249268,2.5327510833740234,2.383307456970215,2.453219413757324,2.728883981704712,2.933612823486328,2.792602777481079,3.062098503112793,2.896038770675659,3.8865554332733154,4.897492408752441,4.472831726074219,3.684579610824585,3.288942575454712,2.963500738143921,3.419187068939209,3.017094135284424,3.3418049812316895,2.86230206489563,2.772526979446411,3.0308423042297363,3.0000159740448,2.2263386249542236,1.8375874757766724,-310.6209411621094,84.75237274169922,25.74994468688965,13.095795631408691,17.762413024902344,14.36224365234375,7.435133457183838,10.490057945251465,6.46688985824585,5.157425403594971,10.395119667053223,5.657205104827881,4.913296699523926,3.3732471466064453,2.80949068069458,2.788382053375244,2.26987886428833,2.5148708820343018,2.2578563690185547,2.6140575408935547,0.30746373534202576,0.33071693778038025,0.43589890003204346,0.6961109042167664,0.95604407787323,0.7866137027740479,0.4188007712364197,0.40057530999183655,0.39142706990242004,0.37113824486732483,0.32951775193214417,0.31483760476112366,0.199599951505661,0.18834298849105835,0.22339431941509247,0.15897655487060547,0.10240370780229568,0.14759688079357147,0.18090994656085968,0.23735661804676056,0.2374483048915863,0.24076539278030396,0.1998310089111328,0.19429199397563934,341.17462530686294,267.4413835919374,1091.8210926958945,0.009418956641531322,0.0013755977852270007,310.0,320.0,315.0,314.0,324.0,319.0,3,pranayama
P2,-8.832723617553711,-15.556660652160645,-29.836362838745117,-36.42339324951172,-41.824127197265625,-43.14667892456055,-44.171539306640625,-46.56022644042969,-47.480838775634766,-48.8607063293457,-50.76817321777344,-51.66376495361328,-53.35002899169922,-54.80314636230469,-57.563053131103516,-57.720760345458984,-59.64154052734375,-61.949710845947266,-63.91725540161133,-66.51334381103516,-67.71186828613281,-69.41979217529297,-70.52540588378906,-70.0079574584961,-69.56634521484375,-69.71307373046875,-69.411376953125,-68.8529281616211,-68.23388671875,-69.15153503417969,-69.97520446777344,-71.03813934326172,2.6613576412200928,2.4822120666503906,2.3274784088134766,2.701087236404419,2.760786294937134,3.1576685905456543,3.2692551612854004,3.0528998374938965,2.580395221710205,2.8236641883850098,2.8499717712402344,2.8986403942108154,2.918135643005371,2.8590340614318848,2.928816556930542,2.816514015197754,3.0459699630737305,3.4463419914245605,3.3056137561798096,2.9515271186828613,3.7537710666656494,3.8408384323120117,3.9955520629882812,4.414318084716797,4.144287586212158,4.041799068450928,4.206265449523926,4.615816593170166,5.031543731689453,4.670162677764893,4.434404373168945,4.244947910308838,-313.6357421875,80.11062622070312,27.457786560058594,11.73064136505127,17.146507263183594,14.3468017578125,8.071893692016602,10.545780181884766,6.641064643859863,5.672088146209717,12.624367713928223,9.637967109680176,4.9339985847473145,2.8703110218048096,3.1120004653930664,2.798250913619995,2.5613911151885986,2.6798415184020996,2.2297985553741455,2.515988349914551,0.29649198055267334,0.3237495422363281,0.43739306926727295,0.6487134099006653,0.9526668190956116,0.8282473683357239,0.4512059688568115,0.4097987115383148,0.3765346109867096,0.3527529835700989,0.3133561611175537,0.30314934253692627,0.18569576740264893,0.17839519679546356,0.2234451323747635,0.18500442802906036,0.10235999524593353,0.15062494575977325,0.17488296329975128,0.23341165482997894,0.21635103225708008,0.22710250318050385,0.19428898394107819,0.1875821053981781,412.7601641728362,329.5929025884571,1260.0189013383267,0.00970671403712297,0.0014030110323801637,320.0,330.0,325.0,324.0,334.0,329.0,3,pranayama
P2,-7.381492614746094,-13.978275299072266,-28.097883224487305,-34.410614013671875,-40.13899230957031,-41.79280471801758,-42.865989685058594,-45.25452423095703,-46.06957244873047,-47.866363525390625,-49.491397857666016,-50.325767517089844,-51.93303298950195,-53.77109146118164,-55.720252990722656,-55.34995651245117,-57.604679107666016,-59.13854217529297,-61.267818450927734,-64.04158020019531,-67.22579956054688,-68.73939514160156,-69.20721435546875,-68.63713073730469,-68.2406997680664,-68.5384292602539,-68.50064086914062,-68.51541900634766,-67.76866149902344,-68.59580993652344,-69.3317642211914,-70.26651000976562,2.665205955505371,2.7565059661865234,2.309565305709839,2.4880990982055664,2.4549102783203125,2.3404698371887207,2.252548933029175,2.3386363983154297,2.4870967864990234,2.2276949882507324,2.086806297302246,2.2528200149536133,2.3057961463928223,2.263437509536743,2.338989496231079,2.944175958633423,2.638989210128784,3.5720255374908447,4.309159278869629,3.4875402450561523,3.0146427154541016,3.5034868717193604,3.8975789546966553,4.476933002471924,3.896282434463501,3.676882028579712,3.6755285263061523,3.95694899559021,4.220435619354248,4.038459777832031,3.9278855323791504,3.710538864135742,-305.835693359375,81.49256896972656,25.830055236816406,12.897934913635254,18.24444580078125,13.848142623901367,7.15401029586792,10.82584285736084,7.204586505889893,4.3361735343933105,11.120685577392578,8.064322471618652,4.307334899902344,3.212299108505249,2.75028133392334,2.644021511077881,2.580958127975464,2.327622413635254,2.5203497409820557,2.6013457775115967,0.2982589602470398,0.3236806094646454,0.43499165773391724,0.6518527269363403,0.9477099180221558,0.8097218871116638,0.428003191947937,0.3865398168563843,0.3666650950908661,0.3519303500652313,0.31589287519454956,0.305631548166275,0.180764302611351,0.1717318296432495,0.2231808602809906,0.1850695013999939,0.11214800179004669,0.1497536450624466,0.17865122854709625,0.23588153719902039,0.22837787866592407,0.2383180856704712,0.20342329144477844,0.19115544855594635,392.2762220930851,315.02926288790604,1204.9699511397312,0.009812074028422274,0.001350112957879901,330.0,340.0,335.0,334.0,344.0,339.0,3,pranayama
P2,-8.16773796081543,-14.83203125,-29.176803588867188,-35.59798049926758,-41.08208084106445,-42.85327911376953,-43.794593811035156,-46.420372009277344,-47.56462860107422,-48.72843933105469,-50.853153228759766,-51.62068176269531,-53.15446472167969,-54.780155181884766,-57.976776123046875,-58.0511589050293,-59.92949295043945,-62.6784782409668,-64.999267578125,-67.07049560546875,-69.40919494628906,-71.4875259399414,-72.63883972167969,-72.1099853515625,-71.06693267822266,-71.15180206298828,-71.41667175292969,-71.25240325927734,-70.80607604980469,-71.41394805908203,-72.14582824707031,-72.86358642578125,2.7630302906036377,2.584052085876465,2.2525198459625244,2.4707376956939697,2.455512285232544,2.2024154663085938,2.3630144596099854,2.4098973274230957,2.205761194229126,2.4227359294891357,2.2052104473114014,2.0696187019348145,2.1941797733306885,2.3753843307495117,2.1361944675445557,2.4307074546813965,2.433300018310547,2.8530497550964355,2.7428929805755615,2.568341016769409,2.1608359813690186,1.6429400444030762,1.631083607673645,2.4415128231048584,2.8306543827056885,2.6340830326080322,2.0101938247680664,1.8116703033447266,1.8745907545089722,1.6971417665481567,1.5135488510131836,1.3475853204727173,-317.6844787597656,86.08386993408203,27.001081466674805,11.514116287231445,17.900157928466797,14.587072372436523,7.69746208190918,10.397628784179688,6.748558044433594,4.831254482269287,6.389920711517334,3.6420795917510986,3.5959904193878174,2.6613779067993164,2.463461399078369,2.407731533050537,2.6082603931427,2.260169267654419,2.031665802001953,2.392634153366089,0.30583637952804565,0.331545352935791,0.4431362748146057,0.6737560629844666,0.9547740817070007,0.8122310638427734,0.42595401406288147,0.3820457458496094,0.3599049150943756,0.34476330876350403,0.32582351565361023,0.31629854440689087,0.20350463688373566,0.19347552955150604,0.23333218693733215,0.1830921769142151,0.10435406863689423,0.1573479026556015,0.1730792224407196,0.21702679991722107,0.21830210089683533,0.23286637663841248,0.209278866648674,0.201598659157753,325.0293665730604,252.7778218351218,1067.389741603406,0.009253552784222737,0.001407118048518896,340.0,350.0,345.0,344.0,354.0,349.0,3,pranayama
P2,-6.6443305015563965,-13.031039237976074,-27.205612182617188,-33.65039825439453,-39.18601989746094,-41.305606842041016,-42.021846771240234,-44.183555603027344,-45.343204498291016,-46.972415924072266,-48.60280227661133,-49.51017761230469,-51.007049560546875,-52.799354553222656,-55.22236633300781,-54.654422760009766,-57.067501068115234,-58.97455596923828,-61.82743453979492,-64.63424682617188,-66.66776275634766,-67.75395202636719,-67.66492462158203,-65.55065155029297,-65.1694107055664,-66.33013153076172,-65.95223236083984,-65.72027587890625,-65.0137939453125,-66.32694244384766,-67.69359588623047,-68.9251708984375,2.606421947479248,2.5797407627105713,2.1756017208099365,2.6153156757354736,2.6480042934417725,2.3644309043884277,2.410487174987793,2.3352887630462646,2.505708932876587,2.4779624938964844,2.3715708255767822,2.422457695007324,2.3280551433563232,2.3303425312042236,2.6971490383148193,3.081393241882324,2.9318645000457764,3.490185499191284,3.203082323074341,2.916339159011841,3.138291358947754,3.5178747177124023,4.016330242156982,4.964181423187256,5.14145040512085,4.171957492828369,4.135915756225586,4.096327781677246,4.226973056793213,3.8911824226379395,3.816114902496338,3.4423675537109375,-299.2144775390625,78.62212371826172,28.287919998168945,12.371190071105957,16.392148971557617,16.194950103759766,6.39829683303833,10.330957412719727,7.759141445159912,4.61585807800293,11.902471542358398,7.926298141479492,3.068450689315796,3.3503127098083496,3.0082814693450928,3.4851059913635254,3.194204092025757,2.4636144638061523,2.4937987327575684,2.603330135345459,0.27250730991363525,0.29054078459739685,0.39202046394348145,0.6029949188232422,0.9496864080429077,0.84325110912323,0.4438536465167999,0.37816953659057617,0.34788990020751953,0.33039742708206177,0.300289124250412,0.28675565123558044,0.16663789749145508,0.15800423920154572,0.1991417109966278,0.17413216829299927,0.10142593085765839,0.15214692056179047,0.18136921525001526,0.23092900216579437,0.21083326637744904,0.21801072359085083,0.19121800363063812,0.17869974672794342,416.7631903863878,329.5179610462587,1271.8861377351168,0.009858523056844547,0.0013959192438051105,350.0,360.0,355.0,354.0,364.0,359.0,3,pranayama
P2,-7.545113563537598,-14.150190353393555,-28.30605125427246,-34.733001708984375,-40.45560073852539,-42.263118743896484,-43.29091262817383,-45.524478912353516,-46.42284393310547,-48.395606994628906,-50.02109146118164,-50.9463005065918,-52.133792877197266,-53.5173225402832,-56.40559005737305,-56.54756546020508,-58.52372741699219,-60.708038330078125,-62.981021881103516,-65.77713012695312,-67.67261505126953,-68.84503173828125,-69.6810302734375,-68.24530792236328,-67.89967346191406,-68.40229034423828,-68.18860626220703,-68.0020751953125,-67.53934478759766,-68.17597198486328,-68.84469604492188,-69.87167358398438,2.479123592376709,2.553771734237671,2.1971640586853027,2.5345678329467773,2.3634026050567627,2.2846624851226807,2.261728048324585,2.3024184703826904,2.5510659217834473,2.575681209564209,2.4548332691192627,2.4161264896392822,2.7871930599212646,2.9943687915802,2.9771153926849365,3.026416063308716,3.3723151683807373,3.9859423637390137,3.895049571990967,3.381978988647461,4.1155924797058105,4.544320583343506,4.55324125289917,5.858615875244141,5.588454723358154,4.869431972503662,5.158151149749756,5.315250396728516,5.473821640014648,5.306461334228516,5.120700836181641,4.6027069091796875,-307.5944519042969,80.39818572998047,28.063016891479492,12.088135719299316,17.501001358032227,15.119811058044434,7.409225940704346,9.914956092834473,7.350372791290283,4.927586078643799,14.87744140625,10.675535202026367,3.792581081390381,2.641597032546997,3.0957865715026855,3.239651918411255,2.798966407775879,2.3903279304504395,2.3108506202697754,2.552161931991577,0.29440659284591675,0.3152603507041931,0.42192018032073975,0.6181115508079529,0.9497286081314087,0.8307716846466064,0.43707790970802307,0.3717446029186249,0.35610851645469666,0.35249361395835876,0.31670254468917847,0.3052143454551697,0.19017770886421204,0.17792482674121857,0.21367686986923218,0.18983006477355957,0.09868887811899185,0.15131521224975586,0.1722036749124527,0.2384480983018875,0.2235778570175171,0.23789027333259583,0.1902283877134323,0.1830919235944748,406.79549444269423,329.3181169337297,1244.126887324423,0.009890244344547564,0.0014181217411532998,360.0,370.0,365.0,364.0,374.0,369.0,3,pranayama
P2,-8.717799186706543,-15.40192985534668,-29.50592803955078,-35.72721481323242,-41.23165512084961,-43.03812789916992,-44.65005111694336,-46.69017028808594,-47.315834045410156,-49.27383804321289,-50.97289276123047,-51.96541976928711,-53.28245544433594,-55.12195587158203,-57.227359771728516,-57.07624053955078,-59.64746856689453,-61.75101089477539,-64.38087463378906,-66.8678970336914,-68.81640625,-70.00943756103516,-69.82823181152344,-68.7359619140625,-69.38636016845703,-70.03916931152344,-69.8102798461914,-69.66991424560547,-68.9422836303711,-69.55216217041016,-70.33405303955078,-71.3211669921875,2.6965134143829346,2.57710337638855,2.1738383769989014,2.631464958190918,2.402221441268921,2.3710529804229736,2.419121742248535,2.5173816680908203,2.542377471923828,2.649620294570923,2.3967485427856445,2.346691608428955,2.45214581489563,2.502807855606079,2.938861846923828,3.2606019973754883,3.397658586502075,3.742030143737793,3.3765206336975098,3.410027503967285,4.3531012535095215,4.854444980621338,5.0423054695129395,5.539278030395508,4.694622039794922,4.590773105621338,4.8124847412109375,5.202983379364014,5.507360935211182,5.21110200881958,5.101241111755371,4.652958869934082,-314.0069580078125,81.02568817138672,27.42435646057129,12.43893051147461,17.171293258666992,14.887669563293457,7.671954154968262,9.277958869934082,7.7060866355896,4.952530860900879,14.167728424072266,10.708968162536621,3.8286731243133545,3.150629997253418,3.0567538738250732,2.6844964027404785,2.6068973541259766,2.6748390197753906,2.6388163566589355,2.602910041809082,0.3070674538612366,0.3274869918823242,0.4340806007385254,0.6877645254135132,0.9622206687927246,0.8031237125396729,0.43516749143600464,0.40259885787963867,0.3796195089817047,0.3560275435447693,0.3186069428920746,0.3093928098678589,0.1940588653087616,0.17416076362133026,0.2090228796005249,0.15843668580055237,0.09138312190771103,0.14530682563781738,0.1876317262649536,0.2452041208744049,0.23050878942012787,0.22443963587284088,0.19074398279190063,0.1906818449497223,407.7223109603044,364.6155833091647,1228.0910398991848,0.010140615936774943,0.0014056918444111943,370.0,380.0,375.0,374.0,384.0,379.0,3,pranayama
P2,-5.545120716094971,-12.1734037399292,-26.51593780517578,-32.80739212036133,-38.5434455871582,-40.260223388671875,-41.179962158203125,-43.616172790527344,-44.27586364746094,-45.54239273071289,-47.39292526245117,-48.71797180175781,-50.319679260253906,-51.465389251708984,-54.262481689453125,-54.37728500366211,-56.29916000366211,-59.120948791503906,-61.37602996826172,-63.314910888671875,-65.1150131225586,-66.67180633544922,-67.96807861328125,-66.76922607421875,-66.10201263427734,-66.58061981201172,-66.53871154785156,-66.29398345947266,-66.03083038330078,-66.68399047851562,-67.60472869873047,-68.42532348632812,2.6056227684020996,2.628441095352173,2.2472164630889893,2.521672010421753,2.5471653938293457,2.4453580379486084,2.7092416286468506,2.9295804500579834,3.470334529876709,4.020092964172363,3.616213083267212,3.4696476459503174,3.653879404067993,3.982433557510376,4.570892810821533,5.093085289001465,5.273230075836182,5.430354118347168,5.682872295379639,5.761538982391357,5.726930618286133,5.862871170043945,5.7359442710876465,5.796533584594727,5.703633785247803,5.549779415130615,5.478085041046143,6.029913902282715,6.432936191558838,6.242931365966797,5.717008590698242,5.401578903198242,-296.6120300292969,81.38752746582031,27.094619750976562,12.037250518798828,17.059635162353516,15.111520767211914,7.850147724151611,10.307753562927246,7.136805057525635,5.084955215454102,20.674589157104492,11.407071113586426,5.793300151824951,2.8177759647369385,3.1269726753234863,3.4103994369506836,2.9382450580596924,2.3927948474884033,2.220524787902832,2.5168697834014893,0.32025784254074097,0.3342851400375366,0.4247034788131714,0.63434898853302,0.9481340050697327,0.8360620737075806,0.4395667612552643,0.39432138204574585,0.3753238618373871,0.3638172149658203,0.3306550979614258,0.3254888355731964,0.20727752149105072,0.18357059359550476,0.21449974179267883,0.17823776602745056,0.10058145970106125,0.14789380133152008,0.175184965133667,0.23527935147285461,0.2234134078025818,0.23265309631824493,0.20258674025535583,0.2043399214744568,423.98416635573795,423.81940164588167,1211.2301270911896,0.00982227015661253,0.0014325621305033565,380.0,390.0,385.0,384.0,394.0,389.0,3,pranayama
P2,-10.935726165771484,-11.073670387268066,-19.500614166259766,-28.56198501586914,-28.769725799560547,-39.613868713378906,-41.9067268371582,-45.15947341918945,-42.12176513671875,-41.26352310180664,-41.3187255859375,-40.66469955444336,-48.30997085571289,-52.58345413208008,-56.88666534423828,-57.39995193481445,-60.14542007446289,-63.56339645385742,-64.85450744628906,-65.64691162109375,-66.6590805053711,-65.32575225830078,-65.77896881103516,-68.15414428710938,-65.96867370605469,-62.7498893737793,-58.19462203979492,-59.5430793762207,-61.13725662231445,-61.603050231933594,-66.57787322998047,-69.85694885253906,2.7873311042785645,6.7900896072387695,12.846283912658691,10.704490661621094,16.286134719848633,6.867335796356201,6.476627826690674,5.901469707489014,9.347814559936523,10.893397331237793,10.749241828918457,11.823748588562012,7.21552038192749,5.520030498504639,4.760933876037598,4.181016445159912,3.6951351165771484,3.7214720249176025,3.4346375465393066,3.489621877670288,4.617415904998779,5.437164306640625,5.750792026519775,5.27824068069458,5.593754768371582,7.138903617858887,9.670594215393066,8.704976081848145,6.393383502960205,6.991514205932617,4.5408501625061035,4.057531356811523,-288.46954345703125,81.66507720947266,36.290367126464844,5.998852729797363,8.912087440490723,21.07529067993164,6.822777271270752,10.44399642944336,-5.3743391036987305,0.045290492475032806,28.447067260742188,15.950104713439941,11.055692672729492,8.238150596618652,8.054533958435059,6.403233051300049,4.649878025054932,4.69304084777832,12.555095672607422,5.986386299133301,0.32539859414100647,0.17877383530139923,0.22024224698543549,0.308834433555603,0.5021765828132629,0.4705703556537628,0.2567785978317261,0.19989308714866638,0.19155023992061615,0.19983597099781036,0.337662935256958,0.644939661026001,0.19107767939567566,0.20541313290596008,0.2511703073978424,0.30931079387664795,0.4604142904281616,0.4368532598018646,0.2514183223247528,0.2284001260995865,0.22508613765239716,0.2390706092119217,0.1741599589586258,0.3646233081817627,623.1231778168177,788.9345952363689,1512.258945255427,0.018682705553944315,0.002380457939580083,390.0,400.0,395.0,394.0,404.0,399.0,1,chanting
P2,-10.29482650756836,-7.649104595184326,-12.77966594696045,-29.451000213623047,-27.045787811279297,-40.14308166503906,-40.789188385009766,-44.275577545166016,-42.65648651123047,-41.712257385253906,-43.8346061706543,-42.833492279052734,-50.543785095214844,-54.426979064941406,-58.55794143676758,-59.205482482910156,-61.81978225708008,-65.05366516113281,-66.2093276977539,-67.30426788330078,-69.14615631103516,-69.49345397949219,-70.13916778564453,-71.90946197509766,-69.961181640625,-66.20514678955078,-60.71699142456055,-62.244049072265625,-67.252197265625,-67.13501739501953,-71.10496520996094,-73.22073364257812,2.634986400604248,5.588996887207031,10.828612327575684,7.155533790588379,11.583251953125,5.944207668304443,6.225105285644531,5.610523700714111,9.671577453613281,11.447131156921387,9.980710983276367,12.057389259338379,5.853504657745361,4.137521266937256,2.93644642829895,2.7468855381011963,2.944192886352539,3.0484650135040283,2.979612112045288,3.2624218463897705,3.6077373027801514,4.675060749053955,4.867880821228027,3.2966442108154297,3.851482629776001,8.160890579223633,10.283700942993164,8.448657989501953,6.035836219787598,6.7462310791015625,4.284010887145996,2.967133045196533,-297.8890380859375,93.36497497558594,38.55683898925781,9.033368110656738,10.620908737182617,20.545387268066406,5.526741027832031,11.915453910827637,-4.666448593139648,-1.0997449159622192,26.484067916870117,8.360891342163086,8.380130767822266,9.705578804016113,11.149166107177734,6.02167272567749,4.93966817855835,6.1430583000183105,8.415593147277832,4.72935676574707,0.25165027379989624,0.10293003171682358,0.13104557991027832,0.20080851018428802,0.2930121123790741,0.25118526816368103,0.12684565782546997,0.10927475243806839,0.1053902804851532,0.1325700879096985,0.5452002882957458,0.8183753490447998,0.1451444923877716,0.16227345168590546,0.21063107252120972,0.28250372409820557,0.3993835151195526,0.3474624454975128,0.19187217950820923,0.1815667301416397,0.1869313269853592,0.18506693840026855,0.266381174325943,0.309579074382782,443.2385085168354,471.7570081387761,1161.4967759253414,0.018854906830046404,0.0024790747556835413,400.0,410.0,405.0,404.0,414.0,409.0,1,chanting
P2,-11.582324981689453,-9.219264030456543,-14.318089485168457,-31.43717384338379,-29.33047866821289,-40.40436553955078,-44.35700225830078,-47.283451080322266,-47.286869049072266,-46.74659729003906,-47.70533752441406,-47.232994079589844,-52.55811309814453,-56.34721374511719,-60.09404373168945,-60.48069381713867,-63.10721969604492,-66.17243194580078,-67.63262176513672,-69.17667388916016,-71.35259246826172,-71.89859008789062,-72.50322723388672,-73.54105377197266,-72.2505111694336,-69.54257202148438,-64.71784973144531,-66.01048278808594,-69.36019897460938,-70.55696868896484,-73.52579498291016,-74.70980834960938,2.7702417373657227,5.731260776519775,11.146883964538574,8.240015029907227,12.68525218963623,7.009727954864502,4.613744258880615,4.3484578132629395,8.09340763092041,10.211088180541992,8.64468002319336,9.14528751373291,6.194404125213623,4.363180637359619,3.3182339668273926,2.8903110027313232,2.766648292541504,2.7979748249053955,2.785395860671997,2.9035537242889404,3.347982168197632,3.762882947921753,4.447218418121338,3.518324136734009,3.7444777488708496,6.339415073394775,8.456279754638672,7.849442005157471,6.185042381286621,5.169440269470215,3.237964391708374,2.6241226196289062,-311.55877685546875,93.68730163574219,38.17213821411133,12.097103118896484,14.276188850402832,19.65157699584961,4.459829330444336,9.515398025512695,-4.004354476928711,-0.9856932163238525,22.5819091796875,9.313993453979492,9.831731796264648,8.815008163452148,8.958020210266113,4.814669609069824,6.014287948608398,5.118148326873779,8.945341110229492,5.18886137008667,0.27813100814819336,0.11458396166563034,0.13913331925868988,0.21910595893859863,0.3172649145126343,0.26365429162979126,0.12775665521621704,0.1067475974559784,0.0957074910402298,0.1047382578253746,0.4139191508293152,0.7888622879981995,0.15906886756420135,0.1686292141675949,0.21366465091705322,0.29834872484207153,0.415878027677536,0.35038459300994873,0.19169704616069794,0.17892473936080933,0.15410935878753662,0.14144045114517212,0.19775573909282684,0.3380633592605591,413.4952658339573,455.29484936919954,1091.1024135726311,0.019253688732598608,0.0024206300731748343,410.0,420.0,415.0,414.0,424.0,419.0,1,chanting
P2,-8.931337356567383,-5.383169174194336,-7.921970367431641,-27.1622371673584,-22.17852210998535,-36.30633544921875,-42.696510314941406,-45.7073860168457,-45.26160430908203,-44.9879150390625,-46.818572998046875,-44.80117416381836,-51.07979202270508,-55.20634078979492,-58.11206817626953,-58.4266242980957,-60.64237594604492,-63.38862991333008,-65.27955627441406,-66.94463348388672,-68.57876586914062,-68.0130386352539,-68.61760711669922,-70.05132293701172,-69.04938507080078,-64.79621887207031,-59.21323013305664,-61.416019439697266,-66.38811492919922,-66.89276123046875,-70.09451293945312,-71.12385559082031,2.8488638401031494,3.6184885501861572,6.719012260437012,7.594547748565674,10.681134223937988,6.843627452850342,3.470271587371826,3.0862152576446533,5.71760368347168,7.727583408355713,6.840892791748047,9.019718170166016,4.742552757263184,2.8608241081237793,2.6308071613311768,2.282060146331787,2.881246328353882,3.8637654781341553,2.9716036319732666,2.868903160095215,3.5972414016723633,4.494823932647705,4.425553321838379,4.113221168518066,4.035326957702637,6.698272228240967,8.677377700805664,7.153505325317383,5.65822696685791,5.494278907775879,4.59432315826416,4.084033489227295,-293.70947265625,92.72266387939453,42.973140716552734,15.3977632522583,13.97977352142334,19.931941986083984,2.2739996910095215,8.007072448730469,-5.956979751586914,-2.9658257961273193,19.075895309448242,8.759346961975098,7.520106792449951,7.638280868530273,7.940737247467041,6.107848644256592,6.127792835235596,5.581099033355713,8.513609886169434,4.5729451179504395,0.2698938548564911,0.057838235050439835,0.07469844073057175,0.11527405679225922,0.15191318094730377,0.12524759769439697,0.061898376792669296,0.05369757115840912,0.05112747102975845,0.0640764832496643,0.4185967743396759,0.9439444541931152,0.08262424170970917,0.10581877827644348,0.15755072236061096,0.20653048157691956,0.2614765167236328,0.21952760219573975,0.11697190254926682,0.1135280579328537,0.10968130826950073,0.10957380384206772,0.13995583355426788,0.19467425346374512,423.9550824522858,389.7459804596868,1131.709370527368,0.021244199535962877,0.0025646663270890713,420.0,430.0,425.0,424.0,434.0,429.0,1,chanting
P2,-10.284051895141602,-7.727790355682373,-12.386208534240723,-26.1457462310791,-21.443939208984375,-32.83198928833008,-42.80974197387695,-46.225791931152344,-44.989566802978516,-42.52961730957031,-41.82236862182617,-39.643245697021484,-48.86853790283203,-53.97846603393555,-58.359004974365234,-59.1356315612793,-61.08317184448242,-63.78377914428711,-65.72575378417969,-67.4810791015625,-69.12604522705078,-68.6644058227539,-69.43941497802734,-70.80795288085938,-69.57833099365234,-63.17572784423828,-57.72403335571289,-60.83246612548828,-65.94892120361328,-66.06395721435547,-69.76538848876953,-71.47210693359375,2.5660078525543213,5.503614902496338,11.24549388885498,8.56374740600586,14.073643684387207,7.6794352531433105,3.519749402999878,3.2878639698028564,5.640104293823242,7.708815097808838,7.154545307159424,6.7826714515686035,4.683228015899658,4.1443586349487305,2.937816619873047,2.3881256580352783,2.957597255706787,3.542681932449341,2.6629762649536133,2.4782862663269043,3.4019367694854736,3.0820250511169434,3.9905059337615967,4.0609235763549805,3.81292462348938,5.248924255371094,7.187814235687256,5.783524513244629,3.6868736743927,3.485905170440674,4.156651496887207,3.533583641052246,-291.6557922363281,93.10868835449219,41.018768310546875,9.119450569152832,10.624784469604492,21.34458351135254,2.4797282218933105,8.098836898803711,-9.632683753967285,-5.444185256958008,17.248931884765625,11.29621696472168,10.734460830688477,7.311511039733887,5.415372371673584,5.649119853973389,7.930049419403076,5.23691463470459,9.1937894821167,5.682077407836914,0.2888753414154053,0.11057505756616592,0.13918858766555786,0.22318775951862335,0.2812862992286682,0.21705913543701172,0.10619862377643585,0.10024581104516983,0.10281084477901459,0.11334062367677689,0.3697584569454193,0.819998562335968,0.13100211322307587,0.17244504392147064,0.22563117742538452,0.32931944727897644,0.4072650372982025,0.3191928267478943,0.17197076976299286,0.1783396154642105,0.18581151962280273,0.18002727627754211,0.17841652035713196,0.31325575709342957,474.8253153402244,512.8999148056845,1215.6482954024495,0.02003539189385151,0.0025471248663961887,430.0,440.0,435.0,434.0,444.0,439.0,1,chanting
P2,-10.70755672454834,-9.36482048034668,-14.56899642944336,-33.43596649169922,-30.68537712097168,-40.238868713378906,-44.043495178222656,-46.8707389831543,-48.1987419128418,-47.825679779052734,-49.96505355834961,-50.4240608215332,-53.71728515625,-56.51704788208008,-60.32776641845703,-60.4271125793457,-62.762306213378906,-65.91809844970703,-67.8189926147461,-69.59841918945312,-71.20965576171875,-72.69266510009766,-73.24198913574219,-73.65925598144531,-72.78133392333984,-71.84913635253906,-68.67041015625,-68.91584777832031,-71.60630798339844,-72.3745346069336,-73.17887878417969,-74.0987777709961,2.652332067489624,6.094866752624512,11.6738920211792,5.651636600494385,11.155893325805664,6.3267502784729,5.013575553894043,5.223974227905273,6.820577144622803,9.468571662902832,8.123091697692871,8.418397903442383,5.877490997314453,4.541965484619141,3.012287139892578,2.794646978378296,3.012256383895874,3.4644248485565186,3.1060657501220703,3.002537488937378,3.7871041297912598,4.144203186035156,4.825466156005859,4.466129779815674,4.254526138305664,6.106301307678223,7.2388200759887695,6.593354225158691,5.480763912200928,5.011754989624023,4.532474040985107,3.958566427230835,-316.0228271484375,95.19258117675781,37.324527740478516,13.687676429748535,16.543720245361328,16.731008529663086,5.437969207763672,7.948176860809326,-0.2576417922973633,0.22529980540275574,24.61906623840332,10.405834197998047,7.076643943786621,8.011502265930176,7.857418537139893,3.23949933052063,4.073879241943359,3.380199909210205,5.670650005340576,4.503827095031738,0.346107542514801,0.1408957690000534,0.17972250282764435,0.2799101173877716,0.3673712909221649,0.3028412461280823,0.15067751705646515,0.13671919703483582,0.13116008043289185,0.13411027193069458,0.34767892956733704,0.7981656789779663,0.1445719301700592,0.1826297640800476,0.24903486669063568,0.3345894515514374,0.42512616515159607,0.3598330318927765,0.20527225732803345,0.2097395360469818,0.1992073953151703,0.18822407722473145,0.15513171255588531,0.32575204968452454,364.9855730356024,336.41258292850927,1018.0622159369644,0.017544137906032483,0.0024082213640213013,440.0,450.0,445.0,444.0,454.0,449.0,1,chanting
P2,-9.236916542053223,-3.931039810180664,-4.927924633026123,-23.40383529663086,-14.885659217834473,-29.569650650024414,-43.294036865234375,-46.34231948852539,-46.171512603759766,-43.91490936279297,-46.281524658203125,-44.23236846923828,-51.078880310058594,-54.451358795166016,-58.98073196411133,-59.23348617553711,-61.65483474731445,-64.91405487060547,-66.58422088623047,-68.23971557617188,-70.28501892089844,-69.9581527709961,-71.20116424560547,-72.77983856201172,-71.80912017822266,-66.60619354248047,-60.02238082885742,-64.21870422363281,-69.32669830322266,-69.15345764160156,-72.24750518798828,-73.12930297851562,2.6734108924865723,1.4692184925079346,1.8215149641036987,7.025826930999756,8.166858673095703,7.517512321472168,2.9064085483551025,2.8377201557159424,4.109830379486084,7.025615692138672,6.808601379394531,8.755805969238281,5.631725311279297,4.565892696380615,2.859785795211792,2.3782434463500977,2.4538729190826416,2.940598249435425,2.6170058250427246,2.565340518951416,3.1270065307617188,3.8310577869415283,4.055840492248535,3.605501174926758,3.5671215057373047,6.366386890411377,7.251848220825195,5.149025917053223,4.20774507522583,4.445689678192139,3.4826998710632324,3.238769292831421,-295.5823974609375,103.09896850585938,45.64521026611328,15.470296859741211,14.073741912841797,18.61330795288086,-0.7029789686203003,4.309086799621582,-10.321112632751465,-6.216776371002197,18.6444149017334,4.94185209274292,5.5639801025390625,6.133119583129883,6.158994197845459,5.562326431274414,5.455023765563965,2.984165668487549,6.809320449829102,4.270833492279053,0.34297314286231995,0.025731313973665237,0.02012200653553009,0.033459410071372986,0.04417414963245392,0.036767132580280304,0.019334638491272926,0.017300667241215706,0.015892155468463898,0.024439677596092224,0.30119094252586365,1.0,0.12559689581394196,0.01939893700182438,0.019313475117087364,0.02476484328508377,0.030970659106969833,0.027227574959397316,0.018536696210503578,0.017112385481595993,0.013199850916862488,0.015004551969468594,0.09319247305393219,0.0,376.4239707640391,421.1964476689385,944.3122938330641,0.02354965741009281,0.0029402016662061214,450.0,460.0,455.0,454.0,464.0,459.0,1,chanting
P2,-10.161406517028809,-8.749151229858398,-13.85941219329834,-29.445032119750977,-25.769771575927734,-35.145965576171875,-42.54296112060547,-45.47311019897461,-46.00620651245117,-43.96129608154297,-44.48457336425781,-42.543418884277344,-49.23528289794922,-54.28340148925781,-58.65736389160156,-59.19649887084961,-61.31546401977539,-64.15184783935547,-66.18052673339844,-68.25318145751953,-69.05660247802734,-69.36556243896484,-68.90973663330078,-70.60921478271484,-69.99011993408203,-66.30870056152344,-62.37014389038086,-64.17002868652344,-68.04110717773438,-68.86419677734375,-70.670654296875,-72.04563903808594,2.60426926612854,5.849405765533447,11.648701667785645,7.5931172370910645,14.105761528015137,8.854759216308594,4.146944999694824,4.23710823059082,5.3667192459106445,7.873095512390137,8.165030479431152,10.214367866516113,6.445408344268799,4.095999717712402,2.7737042903900146,2.359673500061035,2.6699154376983643,3.552138566970825,3.072310209274292,2.7290146350860596,3.3428332805633545,3.7606616020202637,4.83278751373291,4.007137775421143,3.758568048477173,5.67883825302124,8.283082962036133,6.880215644836426,4.781469821929932,4.659414768218994,4.043536186218262,3.4195432662963867,-298.7203674316406,93.44889831542969,37.777034759521484,10.597384452819824,11.731691360473633,19.701438903808594,4.9130425453186035,6.978699207305908,-5.121980667114258,-2.680488348007202,23.231616973876953,10.614466667175293,8.375221252441406,7.0273213386535645,7.415641784667969,6.601491928100586,5.4056291580200195,4.844151973724365,8.985939979553223,6.014824390411377,0.3733997642993927,0.12749210000038147,0.1456836313009262,0.24473993480205536,0.3457843065261841,0.29726293683052063,0.15486401319503784,0.14345112442970276,0.13638515770435333,0.1359151303768158,0.3299560248851776,0.7977586388587952,0.17791174352169037,0.16125518083572388,0.1999271810054779,0.2996409237384796,0.41765618324279785,0.36674565076828003,0.21062588691711426,0.21599522233009338,0.217093825340271,0.20584070682525635,0.18268907070159912,0.3229331076145172,422.0688092015561,419.697616824971,1140.7870291393053,0.0180641404437355,0.0024092444218695164,460.0,470.0,465.0,464.0,474.0,469.0,1,chanting
P2,-8.165388107299805,-4.882627487182617,-7.805120944976807,-28.642757415771484,-23.097122192382812,-33.660282135009766,-43.12384796142578,-45.88310241699219,-47.72444152832031,-47.425907135009766,-49.922096252441406,-49.59096908569336,-52.860107421875,-55.51031494140625,-58.73149108886719,-58.584129333496094,-60.93750762939453,-64.08733367919922,-65.85047149658203,-67.93138885498047,-70.03155517578125,-71.0167465209961,-72.06742095947266,-72.64107513427734,-71.8475112915039,-70.27123260498047,-65.57391357421875,-67.33049011230469,-70.79730987548828,-71.05286407470703,-72.28240203857422,-72.98889923095703,2.5269076824188232,4.797408103942871,9.441303253173828,7.048929691314697,11.916807174682617,8.032083511352539,2.580620050430298,2.422420024871826,2.474837064743042,3.7793524265289307,3.3979263305664062,3.898902654647827,3.085556745529175,2.397737741470337,2.241198778152466,2.283776044845581,2.470053195953369,2.96437406539917,2.8209686279296875,2.5794310569763184,2.643662214279175,2.765174150466919,2.632486581802368,2.7727596759796143,2.8503198623657227,3.8136603832244873,5.5867743492126465,3.9467263221740723,3.0951731204986572,3.1526987552642822,2.379828453063965,2.127943754196167,-304.46563720703125,100.08718872070312,41.66015625,17.884302139282227,18.290008544921875,15.897320747375488,1.7380279302597046,5.528914451599121,-3.1550276279449463,-1.7835859060287476,12.538975715637207,8.419172286987305,8.563823699951172,5.144576072692871,3.8290746212005615,2.539307117462158,6.2560272216796875,3.5283730030059814,7.0483717918396,4.652987957000732,0.39851319789886475,0.08095170557498932,0.09449281543493271,0.1579812914133072,0.21232560276985168,0.17806845903396606,0.09337981790304184,0.08205429464578629,0.07507617771625519,0.07467147707939148,0.2690185010433197,0.8872743248939514,0.13294003903865814,0.1285039782524109,0.17296528816223145,0.26379847526550293,0.3490428030490875,0.2991173267364502,0.17019812762737274,0.1587824821472168,0.14942903816699982,0.13924148678779602,0.10410337150096893,0.26843342185020447,326.84451266291285,330.06753235571347,888.1078265102086,0.020105631888051045,0.0026490131858736277,470.0,480.0,475.0,474.0,484.0,479.0,1,chanting
P2,-11.647087097167969,-7.349291801452637,-9.723429679870605,-25.37057113647461,-16.668256759643555,-28.582382202148438,-44.38367462158203,-46.82259750366211,-47.20296096801758,-43.830806732177734,-45.972747802734375,-44.258846282958984,-50.944725036621094,-56.77259063720703,-60.492774963378906,-61.24531936645508,-63.430503845214844,-66.83846282958984,-68.6457290649414,-70.36376190185547,-72.2994155883789,-71.41824340820312,-71.58203125,-74.3152847290039,-73.1838150024414,-67.32514953613281,-60.10091781616211,-64.2332763671875,-70.61015319824219,-70.60665130615234,-74.02743530273438,-75.22492980957031,2.562838554382324,4.120638370513916,8.565406799316406,6.048232555389404,10.668489456176758,7.6194891929626465,3.642662763595581,3.731470823287964,5.499087810516357,7.20630407333374,7.175928115844727,8.544510841369629,6.093851089477539,3.598299503326416,2.7580277919769287,2.352536916732788,2.415426015853882,2.493196964263916,2.5257458686828613,2.5027804374694824,2.63059401512146,2.6395866870880127,4.069243431091309,2.9060094356536865,3.124983310699463,4.021835803985596,5.1034321784973145,4.162825584411621,3.0485424995422363,3.099092960357666,2.8274600505828857,2.348249673843384,-303.2557678222656,102.34447479248047,44.579227447509766,12.482398986816406,10.255945205688477,18.970273971557617,-1.3771915435791016,4.70150089263916,-11.148337364196777,-6.024713039398193,14.047523498535156,10.199906349182129,8.305261611938477,7.1187872886657715,5.917285919189453,6.327609539031982,7.007735252380371,5.224560260772705,6.466169834136963,4.351544380187988,0.44522911310195923,0.05983896180987358,0.05975678563117981,0.1089744046330452,0.15179064869880676,0.12699954211711884,0.0675489753484726,0.06241483613848686,0.055351484566926956,0.055612385272979736,0.23276934027671814,0.9092649817466736,0.1897316873073578,0.094962939620018,0.12826107442378998,0.2153613120317459,0.29919150471687317,0.2541123330593109,0.14819444715976715,0.14706818759441376,0.13568757474422455,0.12250536680221558,0.13573330640792847,0.24808244407176971,406.33106024541513,501.7086445040603,1011.1654912459836,0.022292134933294662,0.0028105603996664286,480.0,490.0,485.0,484.0,494.0,489.0,1,chanting
P2,-10.543018341064453,-9.335375785827637,-14.29859447479248,-33.70216369628906,-30.525102615356445,-38.740726470947266,-43.98994064331055,-46.59356689453125,-47.546539306640625,-47.024192810058594,-49.260101318359375,-49.551353454589844,-52.72335433959961,-55.89802169799805,-59.343631744384766,-59.46358108520508,-60.95247268676758,-63.53926467895508,-65.96258544921875,-68.13763427734375,-68.87103271484375,-69.38787078857422,-69.39249420166016,-69.88975524902344,-69.65837860107422,-68.58161926269531,-65.70487213134766,-66.04998016357422,-67.14442443847656,-68.01367950439453,-69.07437896728516,-70.39688873291016,2.5643882751464844,5.881903171539307,11.61158275604248,5.466720104217529,11.357680320739746,7.076314449310303,4.4902238845825195,4.629295349121094,5.581203937530518,8.180817604064941,7.523623943328857,8.128457069396973,5.578300476074219,4.142088890075684,3.773000955581665,3.1032073497772217,3.632927179336548,4.596007823944092,3.7247543334960938,3.6394457817077637,4.481125354766846,4.707967281341553,5.380635738372803,5.118469715118408,4.916082859039307,5.816897392272949,7.485386848449707,6.799673557281494,5.8135271072387695,5.523458003997803,5.1151041984558105,4.670629501342773,-305.6993103027344,87.45391082763672,38.49526596069336,13.910783767700195,15.985435485839844,16.268062591552734,5.928435802459717,7.420801639556885,0.09520797431468964,0.37027013301849365,24.55678939819336,10.343647003173828,8.188611030578613,7.749021053314209,6.613532543182373,3.9125728607177734,4.79073429107666,4.01128625869751,6.095583438873291,4.452236652374268,0.41867387294769287,0.13459911942481995,0.16518685221672058,0.26791518926620483,0.36002376675605774,0.3041157126426697,0.15832087397575378,0.14114679396152496,0.12967504560947418,0.12595660984516144,0.2737707495689392,0.7833096981048584,0.1663573533296585,0.15789344906806946,0.2257414311170578,0.32331034541130066,0.42152005434036255,0.3621922433376312,0.21376731991767883,0.2103167474269867,0.19409282505512238,0.18134911358356476,0.1308329701423645,0.33746612071990967,429.37054909174435,356.1971500688805,1209.8021621076236,0.01755999854988399,0.0023429447319358587,490.0,500.0,495.0,494.0,504.0,499.0,1,chanting
P2,-8.86100959777832,-3.405830144882202,-4.063694000244141,-25.559560775756836,-16.0725040435791,-28.997987747192383,-42.46426773071289,-45.022396087646484,-47.068824768066406,-44.563072204589844,-46.98993682861328,-44.04168701171875,-50.334449768066406,-55.180213928222656,-58.9653205871582,-59.056644439697266,-61.51896667480469,-64.69964599609375,-66.49256134033203,-68.141845703125,-69.94261932373047,-69.84595489501953,-71.18374633789062,-72.88633728027344,-72.01768493652344,-66.47611999511719,-59.18790817260742,-63.09189224243164,-69.21153259277344,-68.90857696533203,-72.15472412109375,-73.03142547607422,2.5447235107421875,1.2197966575622559,1.423714518547058,5.223284721374512,6.7952728271484375,6.6625075340271,3.131199836730957,3.300147771835327,3.3529632091522217,5.146202087402344,5.563140869140625,8.149580001831055,5.119019031524658,2.9481256008148193,2.2763335704803467,2.0279581546783447,2.085111379623413,2.365859031677246,2.143930673599243,2.1326005458831787,2.554826021194458,3.28950834274292,3.550816535949707,2.9846913814544678,2.708939790725708,5.5298237800598145,6.329944133758545,4.700620651245117,3.4246857166290283,3.735995054244995,2.6915977001190186,2.4334044456481934,-295.117919921875,102.37963104248047,45.91522216796875,15.611799240112305,14.219581604003906,18.725250244140625,-1.0486438274383545,5.252501487731934,-9.95715045928955,-4.714985370635986,14.517332077026367,4.005592346191406,4.120228290557861,5.375279426574707,6.334878921508789,4.067473411560059,4.675119876861572,2.5753660202026367,6.65898323059082,3.6506993770599365,0.43143853545188904,0.028686799108982086,0.020244138315320015,0.036124955862760544,0.04726916179060936,0.0378071628510952,0.01867595687508583,0.015961499884724617,0.014293388463556767,0.020616261288523674,0.2493334412574768,0.9999858140945435,0.11928258091211319,0.012802818790078163,0.014915126375854015,0.020826153457164764,0.02672785520553589,0.022250523790717125,0.013215099461376667,0.011844174936413765,0.00990666076540947,0.012004023417830467,0.0661686435341835,0.00029386617825366557,368.2594388296093,414.0020596178944,944.0069225386824,0.022592354263341066,0.0028535739984363317,500.0,510.0,505.0,504.0,514.0,509.0,1,chanting
P2,-10.784818649291992,-9.03152084350586,-14.471096992492676,-30.61965560913086,-27.443340301513672,-35.689781188964844,-41.97185516357422,-44.92303466796875,-44.93332290649414,-42.52944564819336,-44.582401275634766,-42.065223693847656,-47.659873962402344,-53.64772033691406,-58.18613052368164,-58.946258544921875,-61.58249282836914,-65.26951599121094,-67.09827423095703,-68.62125396728516,-69.55889129638672,-69.35430145263672,-69.71261596679688,-71.9194107055664,-71.23262786865234,-67.96176147460938,-63.25563430786133,-64.10967254638672,-69.2254409790039,-70.05762481689453,-72.51124572753906,-73.7319107055664,2.597198009490967,6.573836803436279,12.422160148620605,7.605522155761719,14.051037788391113,9.354066848754883,4.791275978088379,4.989842414855957,7.365760803222656,10.314020156860352,9.780759811401367,12.806510925292969,8.92871379852295,5.364863395690918,4.179858684539795,3.8320424556732178,3.7526321411132812,4.0361785888671875,3.904310703277588,3.719853639602661,4.077077865600586,4.795783996582031,5.611160755157471,4.276947975158691,4.20265007019043,6.878070831298828,9.832988739013672,9.201534271240234,4.830313682556152,4.66782283782959,3.487863779067993,2.936795473098755,-300.99560546875,95.84944152832031,35.28274917602539,8.676142692565918,10.852044105529785,20.533693313598633,5.561396598815918,7.7843804359436035,-5.193498611450195,-0.6969330906867981,28.10438346862793,12.032195091247559,9.622974395751953,8.276702880859375,9.037467956542969,6.64224910736084,5.065017223358154,3.812540292739868,10.800040245056152,5.185543060302734,0.37001994252204895,0.13845185935497284,0.17824651300907135,0.3038996756076813,0.3997241258621216,0.31919747591018677,0.1460266262292862,0.12187417596578598,0.11340466886758804,0.1153266429901123,0.2708646357059479,0.7296043634414673,0.16603697836399078,0.16769017279148102,0.2291954904794693,0.344375878572464,0.4484359622001648,0.36488544940948486,0.18788865208625793,0.1724051684141159,0.16341646015644073,0.15407626330852509,0.13838863372802734,0.36917659640312195,432.6037768728559,470.65786551986656,1111.2533452082337,0.01785342046113689,0.002482509473338723,510.0,520.0,515.0,514.0,524.0,519.0,1,chanting
P2,-9.787729263305664,-4.326241970062256,-5.449894428253174,-26.975849151611328,-19.37743377685547,-30.263986587524414,-43.532047271728516,-45.84599685668945,-47.6202507019043,-44.033809661865234,-50.49008560180664,-50.461761474609375,-54.14366149902344,-57.16362762451172,-60.24587631225586,-60.354373931884766,-62.40131378173828,-65.36182403564453,-67.0340347290039,-69.12653350830078,-70.96900177001953,-71.0140151977539,-72.18600463867188,-72.68141174316406,-71.99549865722656,-69.29580688476562,-62.87778091430664,-65.52178955078125,-68.6324691772461,-68.94271850585938,-71.62999725341797,-72.71357727050781,2.5397961139678955,3.460489511489868,5.771199703216553,8.749054908752441,12.790074348449707,10.050817489624023,2.376324415206909,2.6018881797790527,3.037698268890381,6.746480464935303,3.8817830085754395,5.010028839111328,2.9507319927215576,1.9183428287506104,1.8058067560195923,2.095094680786133,1.9881107807159424,2.287022829055786,2.3405144214630127,2.2320096492767334,2.380267381668091,3.4889779090881348,3.4323294162750244,3.4640414714813232,2.84623122215271,5.413902282714844,6.005760192871094,4.362015724182129,5.654200077056885,6.113321304321289,4.346879482269287,3.973808526992798,-302.7223815917969,100.30261993408203,47.66304016113281,16.97684669494629,15.394515037536621,15.020626068115234,-0.4795600175857544,5.645679950714111,-5.8640456199646,-3.1753153800964355,17.65103530883789,7.904806613922119,8.169429779052734,3.5112709999084473,4.943535804748535,3.026369333267212,5.304332733154297,3.424795627593994,7.532893657684326,5.356406211853027,0.4768718481063843,0.047607097774744034,0.041696012020111084,0.0722682923078537,0.09604331105947495,0.07767347246408463,0.03768552094697952,0.03261338174343109,0.03025045618414879,0.03354604169726372,0.22462135553359985,0.972705602645874,0.1574685424566269,0.07191731035709381,0.10183141380548477,0.16008062660694122,0.20894421637058258,0.17010873556137085,0.09070077538490295,0.08905024826526642,0.08226313441991806,0.07311244308948517,0.07603642344474792,0.13849858939647675,363.52251784984,358.5702989051624,951.2333871918247,0.022216230423433875,0.0031275195069611073,520.0,530.0,525.0,524.0,534.0,529.0,1,chanting
P2,-9.732224464416504,-7.3574700355529785,-12.178197860717773,-30.123435974121094,-24.608966827392578,-32.07737731933594,-41.10617446899414,-42.9085693359375,-41.272430419921875,-33.94679260253906,-39.743595123291016,-39.36726379394531,-45.15485763549805,-52.19721603393555,-55.831993103027344,-56.39846420288086,-58.58803939819336,-62.08649826049805,-63.81793975830078,-65.55748748779297,-67.03682708740234,-66.05281829833984,-66.33650207519531,-68.63064575195312,-66.62045288085938,-61.765384674072266,-55.33448791503906,-56.990745544433594,-61.56315612792969,-61.05563735961914,-66.82997131347656,-69.40119171142578,2.472801446914673,6.526333332061768,13.012046813964844,6.069370269775391,13.045783042907715,8.547064781188965,4.101870059967041,4.321413993835449,7.481923580169678,11.293099403381348,8.3118314743042,8.398221015930176,6.2340569496154785,5.049743175506592,4.008486747741699,3.5935182571411133,3.8051514625549316,4.2865519523620605,4.081721782684326,4.104094982147217,4.432682991027832,3.461860418319702,4.341145992279053,4.805108070373535,4.595024585723877,3.3201253414154053,5.977069854736328,5.64436674118042,4.3729448318481445,4.774399757385254,4.631454944610596,4.742138862609863,-279.6028747558594,88.14244079589844,38.41319274902344,4.229687213897705,8.35098934173584,21.546947479248047,4.749307155609131,12.387646675109863,-6.571712017059326,-1.7595757246017456,17.756637573242188,17.2513484954834,10.055534362792969,7.802886486053467,6.867000579833984,6.812954902648926,5.768219470977783,4.282885551452637,9.185397148132324,4.998362064361572,0.7653155326843262,0.24306465685367584,0.1510058492422104,0.19916020333766937,0.31874021887779236,0.3257298171520233,0.18173490464687347,0.13046663999557495,0.12329182028770447,0.12432098388671875,0.1357869654893875,0.4979739785194397,0.34208914637565613,0.14334078133106232,0.22969114780426025,0.2866007387638092,0.41396182775497437,0.4243786334991455,0.24718277156352997,0.20889684557914734,0.20060963928699493,0.2044014036655426,0.17409634590148926,0.22654911875724792,565.0008357842031,641.824347900957,1403.591277905586,0.01921856873549884,0.0027331472374498844,530.0,540.0,535.0,534.0,544.0,539.0,1,chanting
P2,-9.199172019958496,-7.229938983917236,-11.717485427856445,-32.796016693115234,-28.744335174560547,-36.18798065185547,-43.464656829833984,-46.179752349853516,-48.0130615234375,-47.7210578918457,-49.777931213378906,-49.87240219116211,-52.58123016357422,-55.7944450378418,-58.69279479980469,-58.8712043762207,-60.742557525634766,-64.01412200927734,-65.67647552490234,-67.35061645507812,-69.07010650634766,-69.90694427490234,-71.21923828125,-71.55081939697266,-70.61554718017578,-69.2651138305664,-65.32405853271484,-65.9066162109375,-68.1642837524414,-68.64259338378906,-70.51683807373047,-71.63270568847656,2.5338118076324463,5.986025810241699,11.961701393127441,4.850732326507568,10.995001792907715,7.3837995529174805,2.580012083053589,2.6556553840637207,2.8162622451782227,3.9073879718780518,3.8411331176757812,4.265297889709473,3.1780617237091064,2.7570319175720215,2.9623048305511475,2.8575947284698486,3.1293506622314453,3.5756263732910156,3.418473720550537,3.4592597484588623,3.9083569049835205,4.015726566314697,4.423098087310791,4.72363805770874,4.352024555206299,4.93255615234375,5.713777542114258,4.720365524291992,5.657623767852783,5.915536403656006,5.414098739624023,4.973219871520996,-305.1947021484375,91.87621307373047,39.6480598449707,15.517553329467773,17.628538131713867,16.238079071044922,3.9019389152526855,7.66308069229126,-1.405874490737915,0.8434750437736511,14.262272834777832,14.498797416687012,8.961100578308105,5.366878509521484,3.804290533065796,2.55214524269104,5.672382354736328,3.2622547149658203,7.234389305114746,4.231672286987305,0.4721951484680176,0.13027895987033844,0.1620367169380188,0.2734382748603821,0.3428923785686493,0.2668740749359131,0.14158062636852264,0.1278294324874878,0.1160559430718422,0.10794925689697266,0.23969846963882446,0.783754289150238,0.20506668090820312,0.16303260624408722,0.24216806888580322,0.34950587153434753,0.42844825983047485,0.341159462928772,0.20364628732204437,0.19969111680984497,0.18278883397579193,0.16208437085151672,0.1100676879286766,0.34154289960861206,404.7630693397544,395.3416156104988,1096.1481300707696,0.0186577816850348,0.0024690080899745226,540.0,550.0,545.0,544.0,554.0,549.0,1,chanting
P2,-11.463890075683594,-5.354344367980957,-6.066228866577148,-26.656518936157227,-15.863028526306152,-27.255229949951172,-43.29757308959961,-44.83451461791992,-46.406532287597656,-40.719383239746094,-45.00070571899414,-43.52984619140625,-49.70944595336914,-56.552642822265625,-60.01487350463867,-60.52092361450195,-62.997535705566406,-66.93390655517578,-68.31173706054688,-69.67745971679688,-71.33865356445312,-68.94876861572266,-70.31576538085938,-74.402099609375,-73.24024200439453,-66.86602020263672,-58.11113739013672,-61.089073181152344,-66.34735107421875,-66.48656463623047,-73.36882019042969,-75.1232681274414,2.6659674644470215,2.8065855503082275,5.07386589050293,4.931119441986084,7.53034782409668,6.691425800323486,4.2288618087768555,4.937754154205322,7.100399017333984,11.920905113220215,9.58048152923584,8.628068923950195,7.504155158996582,4.569729804992676,3.373187303543091,2.983457326889038,2.7439169883728027,2.4484100341796875,2.3648862838745117,2.567915916442871,3.448535680770874,4.641842365264893,5.475358963012695,2.8095784187316895,3.0744755268096924,5.352417469024658,7.356616020202637,8.336809158325195,4.128714561462402,4.11871337890625,1.9633656740188599,2.087050676345825,-296.4198913574219,101.3806381225586,46.87010192871094,11.162318229675293,9.544167518615723,19.185388565063477,-1.1816143989562988,7.050267696380615,-13.225581169128418,-3.0820789337158203,20.76025390625,5.667630672454834,6.90734338760376,8.2492036819458,9.014643669128418,5.965145111083984,5.647435188293457,5.907021999359131,6.404789924621582,3.320568323135376,0.4933358430862427,0.048647258430719376,0.03118540719151497,0.05322873964905739,0.06719212979078293,0.051128219813108444,0.02629002556204796,0.023526854813098907,0.022497456520795822,0.026876725256443024,0.22996662557125092,0.9676253199577332,0.19391492009162903,0.09893640875816345,0.08671801537275314,0.1360044777393341,0.17183242738246918,0.1343705654144287,0.07459962368011475,0.06902457028627396,0.07040054351091385,0.06815304607152939,0.08981127291917801,0.14229229092597961,438.4173153163549,506.429961662558,1072.3256405448442,0.02261841103538283,0.0032281747553497553,550.0,560.0,555.0,554.0,564.0,559.0,1,chanting
P2,-9.312169075012207,-7.56441593170166,-12.574024200439453,-32.40864562988281,-28.087310791015625,-35.35964584350586,-42.74722671508789,-45.037353515625,-46.73095703125,-45.27970886230469,-46.63897705078125,-46.37252426147461,-49.3803825378418,-54.36280059814453,-57.93665313720703,-58.47386932373047,-60.62592315673828,-64.06355285644531,-65.76909637451172,-67.38420104980469,-68.90406799316406,-68.92486572265625,-69.73643493652344,-72.08856964111328,-70.72327423095703,-68.7876968383789,-64.2582778930664,-64.60157012939453,-69.05438995361328,-69.8780288696289,-72.11698150634766,-73.34395599365234,2.7099485397338867,6.19266939163208,12.505311012268066,4.0250349044799805,12.037774085998535,8.777200698852539,3.0082919597625732,3.2828943729400635,4.594255447387695,8.147942543029785,7.902905464172363,9.15845775604248,7.598251819610596,4.024682998657227,3.611358880996704,3.1914899349212646,3.3571174144744873,3.512213945388794,3.1907942295074463,3.2884562015533447,3.563791036605835,4.827184200286865,5.410161018371582,3.2428531646728516,3.6589205265045166,5.9051737785339355,8.933197021484375,8.508557319641113,4.13250207901001,4.2038068771362305,2.7792770862579346,2.269357442855835,-302.02783203125,94.5431137084961,36.24509811401367,13.206376075744629,14.467159271240234,18.632617950439453,4.708169937133789,8.087658882141113,-3.3441059589385986,0.802207350730896,21.902328491210938,10.608291625976562,9.604586601257324,6.286965370178223,7.721133232116699,5.832465171813965,4.273848056793213,3.4508824348449707,9.134963989257812,4.411947727203369,0.5044655799865723,0.1655137687921524,0.1798648238182068,0.2962337136268616,0.3769153356552124,0.3016932010650635,0.159148707985878,0.14736708998680115,0.14121997356414795,0.13638676702976227,0.27843382954597473,0.745191752910614,0.28215572237968445,0.18823029100894928,0.2502163052558899,0.3556644916534424,0.44148606061935425,0.3609996438026428,0.21575897932052612,0.21782070398330688,0.21470625698566437,0.1975318193435669,0.18266895413398743,0.32628583908081055,387.19404539507525,363.7912263449826,1046.7492800795756,0.017958780452436193,0.0024728048592805862,560.0,570.0,565.0,564.0,574.0,569.0,1,chanting
P2,-11.085200309753418,-7.238007545471191,-8.771875381469727,-31.010223388671875,-22.84546661376953,-32.662269592285156,-45.12337875366211,-47.831520080566406,-49.20603561401367,-47.8006706237793,-50.19302749633789,-50.093021392822266,-53.03780746459961,-55.77949905395508,-58.210506439208984,-59.197914123535156,-60.91087341308594,-63.828311920166016,-65.88817596435547,-67.72586822509766,-68.65684509277344,-68.70037841796875,-70.44805145263672,-71.34800720214844,-70.77764892578125,-68.57806396484375,-64.17044067382812,-65.6458740234375,-68.9188232421875,-69.55168151855469,-71.92206573486328,-73.10205078125,2.9275052547454834,3.568432569503784,7.214949131011963,7.013600826263428,11.320003509521484,8.726499557495117,3.196506977081299,3.359243631362915,3.6357955932617188,5.830452919006348,5.406655311584473,6.69080114364624,6.233038902282715,6.170876502990723,6.58941125869751,5.640601634979248,5.849271774291992,5.989837169647217,5.104272365570068,5.515433311462402,7.218568801879883,7.92436408996582,6.7771430015563965,6.3306884765625,6.018213272094727,7.714625358581543,8.556877136230469,7.12824010848999,6.498409271240234,6.535944938659668,5.2184906005859375,4.4958577156066895,-304.101806640625,94.06494903564453,40.55455780029297,18.49629783630371,16.470882415771484,16.11932945251465,0.8210184574127197,4.383586883544922,-5.253589153289795,-1.4777055978775024,28.046133041381836,7.305235862731934,10.90305233001709,4.8291521072387695,5.418606281280518,4.599539279937744,5.287205219268799,4.323978900909424,6.903226375579834,4.878793716430664,0.9378466606140137,0.20754612982273102,0.05160539597272873,0.06972777098417282,0.1280423253774643,0.14105749130249023,0.07911019027233124,0.05559718608856201,0.05012628436088562,0.04778508469462395,0.06730752438306808,0.555688738822937,0.20827798545360565,0.06830062717199326,0.09338109195232391,0.12993887066841125,0.23958860337734222,0.26715558767318726,0.14944368600845337,0.12106483429670334,0.11445903778076172,0.11403271555900574,0.0931512787938118,0.18251162767410278,413.67160951842186,400.0379522549304,1078.7935401845423,0.02115583309164733,0.0028234408237040043,570.0,580.0,575.0,574.0,584.0,579.0,1,chanting
P2,-11.297910690307617,-7.3601975440979,-10.763761520385742,-26.878965377807617,-19.142677307128906,-29.022741317749023,-43.99214172363281,-47.01162338256836,-46.08656311035156,-40.73739242553711,-43.729736328125,-41.199310302734375,-48.208953857421875,-55.90717315673828,-59.264442443847656,-59.54310989379883,-61.744083404541016,-64.98462677001953,-66.48468017578125,-67.8212890625,-69.21745300292969,-66.33576202392578,-67.46263122558594,-71.40636444091797,-70.42615509033203,-64.08059692382812,-56.75045394897461,-58.997764587402344,-63.14168167114258,-62.68946075439453,-69.28239440917969,-71.88676452636719,2.524872303009033,5.7803802490234375,11.466403007507324,6.567098617553711,13.168852806091309,8.744067192077637,3.0778350830078125,3.397216558456421,4.815311431884766,7.608743190765381,7.023008346557617,7.703583240509033,6.603395938873291,3.7278330326080322,3.5773792266845703,3.31134033203125,3.4058916568756104,3.5662496089935303,2.9945528507232666,2.799471139907837,3.836810827255249,4.054981708526611,5.039764881134033,4.456436634063721,4.014390468597412,4.712485313415527,7.485901832580566,7.381080150604248,3.3631551265716553,3.8156204223632812,4.050217628479004,4.36679220199585,-290.4191589355469,91.55642700195312,44.677711486816406,9.670917510986328,9.811525344848633,19.862220764160156,1.6110354661941528,7.26705265045166,-12.783926010131836,-3.2841944694519043,20.259580612182617,10.378484725952148,10.456534385681152,5.754295349121094,5.746940612792969,5.27570104598999,6.419309139251709,3.886914014816284,9.59514045715332,4.606814861297607,0.446049302816391,0.09606607258319855,0.10563971102237701,0.18588219583034515,0.23370952904224396,0.17864064872264862,0.09300646185874939,0.0871473103761673,0.0881212130188942,0.087343230843544,0.24913929402828217,0.8513115048408508,0.2023056149482727,0.15711580216884613,0.2021889090538025,0.3111845850944519,0.38711127638816833,0.30025291442871094,0.17878703773021698,0.17895257472991943,0.18010678887367249,0.16635438799858093,0.11682325601577759,0.29496142268180847,516.6239506842087,511.3511229335847,1304.9434866643464,0.02027670026102088,0.002971907611936331,580.0,590.0,585.0,584.0,594.0,589.0,1,chanting
P2,-10.276188850402832,-8.878692626953125,-13.954554557800293,-32.678802490234375,-28.219999313354492,-36.32526397705078,-43.05866622924805,-45.63213348388672,-46.50115203857422,-42.68074035644531,-46.9102668762207,-47.597049713134766,-50.974369049072266,-55.334712982177734,-58.93794250488281,-59.010948181152344,-61.32725524902344,-64.66172790527344,-66.48615264892578,-68.30766296386719,-70.05277252197266,-70.25180053710938,-70.0526123046875,-71.9612808227539,-70.04141998291016,-68.48299407958984,-60.33192825317383,-60.876014709472656,-66.44970703125,-67.12162017822266,-70.92827606201172,-73.00276184082031,2.470644950866699,5.769837379455566,12.041847229003906,5.966946601867676,11.869659423828125,8.145913124084473,5.122381210327148,5.171652317047119,6.569194316864014,10.399221420288086,9.157625198364258,9.558067321777344,7.352269172668457,4.444391250610352,3.785787343978882,3.49916410446167,3.252042531967163,3.2256791591644287,2.6870815753936768,2.6354758739471436,3.158273935317993,4.8817315101623535,5.647261142730713,3.3037474155426025,3.8487486839294434,5.049507141113281,8.692030906677246,9.243426322937012,5.316590309143066,5.379062652587891,4.796579837799072,3.540355682373047,-301.8121643066406,90.13134765625,39.67496109008789,10.521437644958496,12.769057273864746,19.482402801513672,2.6048903465270996,11.126163482666016,-3.9585342407226562,0.9721630811691284,26.08612823486328,8.417323112487793,8.759238243103027,8.837821960449219,7.440284729003906,4.486255168914795,4.834657669067383,3.079019069671631,7.8750810623168945,3.56123685836792,0.48089197278022766,0.14802077412605286,0.17221421003341675,0.2842112183570862,0.3653582036495209,0.28783610463142395,0.13478828966617584,0.11457029730081558,0.10357419401407242,0.1125083863735199,0.25721365213394165,0.7379370331764221,0.2676600217819214,0.17157216370105743,0.23675531148910522,0.3412284851074219,0.4286728799343109,0.34485629200935364,0.1810382455587387,0.17188966274261475,0.15327303111553192,0.16586299240589142,0.1851166933774948,0.3601854145526886,442.3704464458026,403.8349903929814,1192.4837996650056,0.01838475203016241,0.0023893944453448057,590.0,600.0,595.0,594.0,604.0,599.0,1,chanting
P2,-8.595376014709473,-3.5590598583221436,-3.9847218990325928,-26.242101669311523,-16.597183227539062,-28.232563018798828,-41.141075134277344,-43.21855926513672,-43.40852355957031,-36.85564041137695,-43.813533782958984,-41.57596206665039,-47.47212600708008,-54.2789306640625,-57.390140533447266,-57.56831741333008,-60.02323532104492,-62.93029022216797,-64.28817749023438,-65.99745178222656,-66.78140258789062,-64.24752044677734,-65.3319320678711,-68.61309814453125,-68.2277603149414,-64.42143249511719,-56.352630615234375,-58.64252853393555,-60.2730827331543,-59.97966384887695,-66.67190551757812,-69.60807800292969,2.6175343990325928,1.083627700805664,1.378013253211975,5.835842609405518,8.259368896484375,7.523858070373535,3.7797155380249023,4.243844509124756,5.092859745025635,8.256635665893555,6.883288383483887,10.539521217346191,7.926060676574707,2.6322884559631348,2.7451894283294678,2.550833225250244,2.692732334136963,3.367838144302368,2.9085896015167236,2.7139720916748047,3.746844530105591,5.4254469871521,5.154550075531006,4.360993385314941,3.9913485050201416,5.260544776916504,5.261006832122803,5.9415082931518555,4.937213897705078,6.082708358764648,4.390895843505859,4.130579471588135,-278.6573486328125,93.4657211303711,46.818790435791016,11.307517051696777,10.965940475463867,17.8353271484375,2.9965322017669678,7.584728240966797,-10.453527450561523,-1.7789140939712524,18.929931640625,6.448629856109619,5.851500988006592,7.742943286895752,8.404853820800781,5.552201747894287,3.513545036315918,3.2691829204559326,7.738811016082764,3.3928439617156982,0.5046228170394897,0.036579206585884094,0.025005755946040154,0.04229822754859924,0.04716756194829941,0.03568921610713005,0.017892541363835335,0.01503092609345913,0.014070522971451283,0.01940329000353813,0.22469545900821686,1.0,0.15224474668502808,0.01858539693057537,0.02043764293193817,0.028910528868436813,0.02674783766269684,0.019449926912784576,0.010799580253660679,0.009389352984726429,0.008722664788365364,0.010442441329360008,0.06819041818380356,0.0,478.8548000429434,453.82099903929816,1237.5897559421753,0.022957149071925753,0.002893028547987342,600.0,610.0,605.0,604.0,614.0,609.0,1,chanting
P2,-11.141324996948242,-10.094866752624512,-14.923369407653809,-32.591957092285156,-27.788087844848633,-34.87236785888672,-42.794036865234375,-46.09461212158203,-44.615089416503906,-40.94673538208008,-42.90923309326172,-41.747413635253906,-46.69687271118164,-54.44584655761719,-58.8727912902832,-58.93087387084961,-61.199005126953125,-64.81804656982422,-66.62739562988281,-68.2449722290039,-69.261474609375,-69.38843536376953,-69.34878540039062,-71.2521743774414,-69.56385803222656,-66.39816284179688,-60.98746109008789,-61.634254455566406,-67.05772399902344,-67.78251647949219,-71.02982330322266,-72.97771453857422,2.5758519172668457,6.486727714538574,12.388301849365234,5.935734748840332,13.00808048248291,9.091511726379395,4.537859916687012,4.583033084869385,6.823396682739258,10.923943519592285,9.990315437316895,11.321635246276855,8.825616836547852,5.139116287231445,4.071523666381836,3.68355131149292,3.6949150562286377,3.62211012840271,3.542475700378418,3.605886697769165,3.957660436630249,4.722721099853516,5.517871379852295,4.2626118659973145,4.717402458190918,7.34481143951416,10.216861724853516,10.38184928894043,5.191776752471924,5.99399471282959,4.331255912780762,3.52774977684021,-298.2288513183594,91.62383270263672,36.00313186645508,6.833775997161865,9.655536651611328,21.517192840576172,5.426519870758057,9.860730171203613,-5.976190567016602,-1.5975176095962524,28.81532096862793,10.092752456665039,9.624897003173828,8.038392066955566,8.313446044921875,7.1131463050842285,4.408411979675293,3.3615801334381104,9.949954986572266,5.894948482513428,0.47678670287132263,0.15302421152591705,0.18406802415847778,0.301569402217865,0.37767666578292847,0.29976147413253784,0.17133259773254395,0.15515732765197754,0.14708161354064941,0.1352909356355667,0.2539438009262085,0.7496836185455322,0.23551666736602783,0.17358948290348053,0.24545925855636597,0.3489765524864197,0.4310523271560669,0.34994879364967346,0.23305481672286987,0.23412707448005676,0.22865937650203705,0.20239441096782684,0.143508180975914,0.34991592168807983,480.931378836292,512.5252070946925,1233.3556119405575,0.018405144286542923,0.002482140902429819,610.0,620.0,615.0,614.0,624.0,619.0,1,chanting
P2,-7.974145412445068,-3.6819515228271484,-5.005434036254883,-27.15866470336914,-20.72208595275879,-30.598268508911133,-42.51875305175781,-45.36988067626953,-47.0455207824707,-46.73945999145508,-48.59977722167969,-46.87569808959961,-51.50485610961914,-55.46555709838867,-58.67572784423828,-58.51980209350586,-60.4180793762207,-63.30500411987305,-64.58714294433594,-66.79907989501953,-68.84241485595703,-68.50829315185547,-70.01104736328125,-70.82781219482422,-69.74420166015625,-66.58453369140625,-59.86277389526367,-63.017616271972656,-65.89826202392578,-66.31124114990234,-69.8630599975586,-71.24956512451172,2.7864480018615723,3.6077864170074463,6.384786128997803,7.541543960571289,12.975276947021484,10.090875625610352,2.5678744316101074,2.8174571990966797,2.908151865005493,4.008917808532715,4.467686653137207,6.702975749969482,4.432133197784424,2.573739528656006,2.95051646232605,2.6197702884674072,3.1177384853363037,3.85439133644104,3.472844362258911,3.2845876216888428,4.017353534698486,5.011002540588379,5.057392120361328,5.117656707763672,4.693813323974609,7.18534517288208,8.460168838500977,7.120150566101074,7.078161716461182,7.260278224945068,5.1670098304748535,4.673989295959473,-293.8533630371094,95.73390197753906,45.92727279663086,17.565998077392578,16.512859344482422,17.216527938842773,0.043369513005018234,6.418860912322998,-6.842645645141602,-2.248108386993408,22.69207000732422,7.152158737182617,8.74396800994873,3.593708038330078,4.751591682434082,3.853975772857666,6.359951019287109,4.0839762687683105,9.518468856811523,4.849495887756348,0.4979268014431,0.06120765954256058,0.05928542837500572,0.096884585916996,0.1227947324514389,0.09884163737297058,0.05546426773071289,0.051117319613695145,0.045005232095718384,0.044551100581884384,0.22637905180454254,0.9610147476196289,0.1340983361005783,0.09174825251102448,0.12688224017620087,0.19038313627243042,0.2400902658700943,0.19703054428100586,0.12424349039793015,0.12037526071071625,0.10389350354671478,0.08731596916913986,0.07091822475194931,0.1616956889629364,388.5018842914397,389.8958635440835,1028.3505746192493,0.02136542017111369,0.002891482086852193,620.0,630.0,625.0,624.0,634.0,629.0,1,chanting
P2,-9.45007038116455,-6.544455528259277,-10.459933280944824,-24.28763198852539,-17.788921356201172,-28.70409393310547,-42.65233612060547,-45.88930892944336,-45.002830505371094,-41.96565628051758,-42.970947265625,-39.33712387084961,-47.50139236450195,-53.770301818847656,-57.38560104370117,-57.898582458496094,-59.559104919433594,-62.20030975341797,-64.53073120117188,-66.17357635498047,-67.24652862548828,-66.21607208251953,-67.49506378173828,-68.68595123291016,-67.18677520751953,-60.97869873046875,-55.48371505737305,-58.98027420043945,-61.84172058105469,-62.096351623535156,-67.8216552734375,-69.66450500488281,2.641730546951294,5.467536926269531,11.137353897094727,7.61379861831665,13.791842460632324,8.53508186340332,2.8685405254364014,2.90874981880188,4.589810371398926,7.659294605255127,6.919364929199219,7.816339015960693,5.861391544342041,3.962742567062378,3.593857526779175,3.0694007873535156,3.620854377746582,4.684978008270264,3.966090202331543,3.8150718212127686,4.789877891540527,4.209932327270508,5.184028148651123,5.470610618591309,5.001254558563232,4.702672481536865,6.949551582336426,6.66375207901001,4.912310600280762,4.701394557952881,5.681300163269043,5.451147556304932,-282.44854736328125,90.39967346191406,43.87960433959961,10.865849494934082,10.928922653198242,20.38665008544922,0.25524193048477173,6.39380407333374,-11.4627685546875,-5.196876049041748,19.202049255371094,14.083638191223145,10.42240047454834,6.074580192565918,5.337799549102783,7.109357833862305,6.69107723236084,5.145921230316162,9.99838924407959,6.005516529083252,0.4038172662258148,0.09549331665039062,0.10471079498529434,0.17781700193881989,0.2527509331703186,0.2231227159500122,0.11600857228040695,0.1053967997431755,0.09828175604343414,0.09597154706716537,0.24941302835941315,0.8255246877670288,0.20447342097759247,0.1384730190038681,0.18260087072849274,0.27896368503570557,0.393312007188797,0.35420823097229004,0.199227973818779,0.19767852127552032,0.19190870225429535,0.18042069673538208,0.11483234167098999,0.3163596987724304,537.4134891482788,558.7391581170243,1333.110329654052,0.02094058149651972,0.00281410850584507,630.0,640.0,635.0,634.0,644.0,639.0,1,chanting
P2,-10.333356857299805,-8.011151313781738,-12.88042163848877,-31.643085479736328,-27.63751220703125,-36.761024475097656,-42.197669982910156,-44.74785232543945,-46.372989654541016,-44.42939758300781,-46.86103439331055,-45.3432502746582,-50.80215072631836,-55.53086471557617,-59.27174377441406,-59.25754165649414,-61.43101119995117,-64.36886596679688,-66.51731872558594,-68.44093322753906,-70.17955017089844,-70.13365173339844,-71.0731201171875,-72.71231842041016,-70.72620391845703,-67.3548583984375,-61.47686004638672,-64.30204772949219,-69.04981994628906,-69.68562316894531,-72.19351196289062,-73.51287078857422,2.550435781478882,5.906067848205566,11.813851356506348,6.305613040924072,12.28897476196289,7.620006084442139,3.9765517711639404,4.306065559387207,6.104283809661865,9.214231491088867,8.040929794311523,9.34941577911377,6.343503952026367,3.589103937149048,2.618116617202759,2.727487325668335,3.008803129196167,3.5331013202667236,3.3149330615997314,3.0046026706695557,3.2365219593048096,3.775088310241699,4.350878715515137,3.3476474285125732,3.5410537719726562,6.716681957244873,8.575896263122559,6.6596221923828125,4.504487991333008,4.360145568847656,3.4075236320495605,3.0103323459625244,-303.2143859863281,94.08069610595703,38.31855773925781,11.749457359313965,12.637176513671875,19.422779083251953,3.2060234546661377,9.859129905700684,-3.567530632019043,-1.0334250926971436,21.15670394897461,10.567817687988281,9.389558792114258,7.602781295776367,8.510995864868164,5.35582971572876,5.915328502655029,4.208275318145752,8.163229942321777,4.971475601196289,0.39852139353752136,0.11900965124368668,0.13822610676288605,0.23993730545043945,0.3378755450248718,0.2852552831172943,0.14660018682479858,0.13633683323860168,0.13009829819202423,0.12787893414497375,0.29173070192337036,0.7931378483772278,0.20210251212120056,0.15198162198066711,0.19974952936172485,0.3063831329345703,0.42292338609695435,0.36419233679771423,0.2135692685842514,0.21755553781986237,0.21116137504577637,0.199668288230896,0.15288107097148895,0.3350628614425659,403.71745212339766,374.0582176261601,1089.718371893475,0.01839381525522042,0.002536549000069499,640.0,650.0,645.0,644.0,654.0,649.0,1,chanting
P2,-8.913278579711914,-2.5631766319274902,-3.3147518634796143,-27.957429885864258,-19.360435485839844,-32.684757232666016,-40.35034942626953,-42.63275909423828,-44.857418060302734,-41.75930404663086,-47.44227600097656,-44.06201934814453,-50.34052276611328,-55.12420654296875,-58.76044845581055,-58.619476318359375,-60.570030212402344,-63.88874053955078,-65.57904815673828,-67.1936264038086,-68.89888763427734,-67.67830657958984,-69.48532104492188,-71.08145904541016,-69.84716033935547,-64.04042053222656,-57.228763580322266,-61.63691329956055,-64.43671417236328,-64.47843170166016,-69.91535949707031,-71.40154266357422,2.5254158973693848,1.2843396663665771,1.624822735786438,4.7601470947265625,5.770991325378418,5.3283233642578125,3.430043935775757,3.4540627002716064,4.449213981628418,6.731081485748291,4.877370834350586,7.74692440032959,4.331990718841553,2.9818408489227295,2.564838171005249,2.615394115447998,3.087965965270996,3.790578842163086,3.1937789916992188,3.0014536380767822,3.9838836193084717,4.227754592895508,4.471280097961426,4.6883721351623535,4.14158821105957,5.956288814544678,5.905483245849609,4.827963829040527,5.033744812011719,5.373798847198486,4.691772937774658,4.520723819732666,-289.2249450683594,96.34799194335938,46.82060241699219,14.054593086242676,12.870655059814453,18.897127151489258,0.6966586709022522,9.029831886291504,-7.200379848480225,-1.9173758029937744,14.485054969787598,9.056617736816406,4.717243671417236,6.812060832977295,7.101232051849365,4.039300918579102,3.841655969619751,4.0365495681762695,6.805217742919922,3.1962263584136963,0.37815746665000916,0.024642623960971832,0.019037190824747086,0.03317726030945778,0.04209912195801735,0.03296755999326706,0.016366956755518913,0.013943947851657867,0.013215302489697933,0.023855840787291527,0.30395546555519104,1.0,0.11394298076629639,0.010951932519674301,0.014338483102619648,0.020438309758901596,0.025210320949554443,0.020176753401756287,0.011242058128118515,0.010231434367597103,0.010039097629487514,0.01597047969698906,0.09589485824108124,0.0,413.9031963776316,378.77953478465776,1089.918170606832,0.022320457511600927,0.003057166701182723,650.0,660.0,655.0,654.0,664.0,659.0,1,chanting
P2,-11.75680160522461,-10.196161270141602,-15.243279457092285,-35.021339416503906,-31.453819274902344,-37.5118293762207,-41.70438003540039,-43.969112396240234,-42.330657958984375,-36.05690002441406,-41.242225646972656,-39.699729919433594,-44.9937744140625,-53.86745071411133,-58.081974029541016,-58.67338943481445,-61.11567687988281,-64.67777252197266,-66.09479522705078,-66.89279174804688,-68.10576629638672,-67.7328872680664,-68.43228149414062,-71.56639862060547,-70.26191711425781,-64.48778533935547,-60.20527267456055,-61.608192443847656,-65.04793548583984,-64.07280731201172,-70.49275970458984,-72.96809387207031,2.560534954071045,6.643529415130615,12.827570915222168,5.500169277191162,11.915178298950195,7.84066104888916,4.24219274520874,5.038105487823486,7.578731060028076,12.69055461883545,9.438811302185059,10.637727737426758,8.024904251098633,4.816793441772461,3.8754236698150635,3.397036552429199,3.6387319564819336,3.7113006114959717,3.852445602416992,4.068764686584473,4.38868522644043,5.164387226104736,5.492710590362549,3.9760680198669434,4.138322830200195,7.255438327789307,9.631307601928711,8.462292671203613,6.648835182189941,7.463688373565674,4.2512993812561035,3.441746473312378,-294.4332275390625,89.26109313964844,33.567317962646484,2.849165201187134,7.782458782196045,22.008329391479492,8.966032028198242,13.87944221496582,-5.358145236968994,0.6439450979232788,28.845802307128906,10.731598854064941,7.695029258728027,7.344315052032471,8.2443265914917,6.397471904754639,3.9804952144622803,4.418884754180908,9.060153007507324,3.902770519256592,0.47221502661705017,0.15623468160629272,0.17919006943702698,0.3066815137863159,0.3867596983909607,0.29961758852005005,0.15399086475372314,0.1379675418138504,0.13539843261241913,0.13309429585933685,0.26950719952583313,0.7569287419319153,0.23495598137378693,0.17463469505310059,0.23265987634658813,0.35634952783584595,0.4441129267215729,0.3500882089138031,0.20077918469905853,0.19803708791732788,0.20270873606204987,0.19436237215995789,0.15839868783950806,0.3428334593772888,525.5364123173172,615.2450809345997,1319.4232196952307,0.017705010150812064,0.0025648619048297405,660.0,670.0,665.0,664.0,674.0,669.0,1,chanting
P2,-8.676624298095703,-4.623290061950684,-7.243903636932373,-28.231372833251953,-21.383056640625,-31.61318016052246,-42.416717529296875,-44.77389907836914,-47.1741828918457,-45.666507720947266,-48.13663101196289,-47.548805236816406,-51.83076095581055,-55.55099868774414,-58.869258880615234,-58.753318786621094,-60.51991271972656,-63.39622497558594,-65.34536743164062,-67.20442199707031,-68.45848083496094,-68.44403839111328,-69.73008728027344,-70.15908813476562,-69.5361099243164,-66.9546127319336,-62.88114547729492,-65.1066665649414,-64.7109375,-65.27190399169922,-68.42949676513672,-69.9745101928711,2.5274600982666016,5.252695083618164,9.89880084991455,6.714242458343506,11.857550621032715,8.910931587219238,2.3791651725769043,2.59709095954895,2.991703748703003,5.586349964141846,4.698089599609375,5.364560127258301,3.9192843437194824,2.5551810264587402,2.5224640369415283,2.4742581844329834,2.874269962310791,3.2747254371643066,2.8200697898864746,2.693481683731079,3.5937931537628174,4.043131351470947,4.369624614715576,4.558952331542969,4.045663356781006,5.532144069671631,6.793033123016357,4.95681095123291,6.66848611831665,6.624232292175293,4.652596950531006,4.325402736663818,-294.97235107421875,94.20948791503906,45.3851432800293,15.623455047607422,16.38022232055664,15.313340187072754,2.246943473815918,5.378468036651611,-4.978433132171631,-1.7351490259170532,18.85913848876953,7.4219183921813965,10.413217544555664,5.962242603302002,4.377389907836914,2.551276206970215,5.866899490356445,4.639755725860596,8.117040634155273,4.129936218261719,0.4385773539543152,0.0868319422006607,0.09773221611976624,0.1582343578338623,0.19833910465240479,0.15622811019420624,0.08032333105802536,0.07257916033267975,0.07222797721624374,0.07551544904708862,0.26384082436561584,0.902842104434967,0.13918857276439667,0.1524115353822708,0.19624876976013184,0.2819485068321228,0.34562015533447266,0.27502232789993286,0.14894616603851318,0.1417946219444275,0.15187817811965942,0.14998745918273926,0.11520226299762726,0.2465006411075592,397.9039214185093,369.4118420098608,1088.6592175175638,0.02009770156612529,0.0028905312065035105,670.0,680.0,675.0,674.0,684.0,679.0,1,chanting
P2,-11.954368591308594,-7.76447057723999,-10.626826286315918,-29.183124542236328,-22.65006446838379,-33.95249938964844,-41.58827590942383,-43.921348571777344,-40.07543182373047,-33.759281158447266,-44.02680969238281,-43.22079849243164,-49.89754104614258,-55.93280029296875,-60.954952239990234,-61.12702178955078,-63.43639373779297,-66.72750091552734,-68.70217895507812,-70.0689697265625,-71.57306671142578,-71.04215240478516,-71.5502700805664,-73.32634735107422,-72.22189331054688,-66.66444396972656,-60.75056076049805,-65.6391830444336,-68.80252075195312,-69.50537109375,-72.43155670166016,-73.69029235839844,2.441526412963867,4.71916389465332,9.581507682800293,7.29243278503418,11.868182182312012,7.747508525848389,3.9241440296173096,4.301535606384277,6.620699882507324,9.480753898620605,7.8371171951293945,10.748736381530762,8.358220100402832,4.750473499298096,3.0417561531066895,2.397547483444214,2.370690107345581,2.342982769012451,2.2842819690704346,2.508579730987549,2.6257691383361816,3.0979490280151367,3.9631540775299072,3.1864521503448486,3.3311643600463867,6.856661796569824,8.43346118927002,7.637876510620117,3.959643840789795,3.3035004138946533,3.4900763034820557,3.2820639610290527,-299.9490966796875,101.1788558959961,41.426029205322266,5.471523761749268,5.8927531242370605,18.614404678344727,5.199100017547607,11.108650207519531,-4.983534812927246,-4.507750988006592,20.675926208496094,9.904126167297363,8.493879318237305,8.68640422821045,7.43870210647583,9.104225158691406,5.541617393493652,5.364476203918457,5.534788608551025,4.654547691345215,0.39164790511131287,0.07891881465911865,0.08068724721670151,0.13605932891368866,0.18382535874843597,0.15493862330913544,0.07499825209379196,0.06597661226987839,0.06307680904865265,0.06667222082614899,0.2745547592639923,0.8776878714561462,0.1877436339855194,0.13054177165031433,0.16797159612178802,0.2520948052406311,0.33818987011909485,0.2903912663459778,0.15160121023654938,0.14663241803646088,0.14566701650619507,0.13540515303611755,0.11054033786058426,0.2729000449180603,438.255263420447,530.4612161941706,1092.5944586323928,0.021130909222737818,0.002820144407451153,680.0,690.0,685.0,684.0,694.0,689.0,1,chanting
P2,-11.487842559814453,-8.306443214416504,-12.407212257385254,-34.0327262878418,-30.122270584106445,-39.44748306274414,-42.18655014038086,-45.113037109375,-44.05219650268555,-41.08245849609375,-45.53705978393555,-43.24744415283203,-48.99558639526367,-55.27211380004883,-59.25412368774414,-59.71637725830078,-62.21259307861328,-65.5310287475586,-67.29596710205078,-68.7939453125,-70.50358581542969,-70.43403625488281,-70.80262756347656,-73.08946990966797,-71.58257293701172,-67.7362289428711,-63.699806213378906,-65.85603332519531,-69.64519500732422,-69.46036529541016,-73.0044937133789,-74.59278869628906,2.600374221801758,5.714512348175049,10.995657920837402,4.062648296356201,9.246212005615234,5.003597736358643,4.408706188201904,4.570069789886475,7.905570030212402,10.69475269317627,8.733270645141602,11.85720443725586,7.8189873695373535,4.523375511169434,3.325422763824463,2.8844258785247803,2.9904162883758545,3.2343287467956543,3.3359837532043457,3.422922372817993,3.576587677001953,4.399055004119873,5.369960784912109,3.910607099533081,4.234417915344238,7.612834930419922,10.052462577819824,8.744353294372559,5.063257217407227,6.181056022644043,3.6649317741394043,2.963371753692627,-304.8516845703125,95.35812377929688,35.50358581542969,8.472293853759766,11.06563949584961,20.897920608520508,7.284768581390381,11.25400447845459,-2.876004219055176,-0.731513261795044,24.352373123168945,9.60335636138916,7.535128593444824,9.839727401733398,9.417261123657227,7.3857903480529785,4.212138652801514,5.061133861541748,6.919590473175049,3.6345181465148926,0.3743840754032135,0.10922866314649582,0.13034281134605408,0.2120591104030609,0.28046146035194397,0.23194243013858795,0.11508412659168243,0.10501173138618469,0.09909363836050034,0.10080540180206299,0.31104445457458496,0.8355499505996704,0.15877075493335724,0.15661601722240448,0.21665675938129425,0.30410441756248474,0.39019981026649475,0.3285093605518341,0.18229947984218597,0.1811908632516861,0.17632989585399628,0.1646203100681305,0.12979331612586975,0.30843159556388855,425.16135043286744,452.0723630546694,1101.1947267168464,0.018837913283062644,0.0025526355020701885,690.0,700.0,695.0,694.0,704.0,699.0,1,chanting
P2,-8.397273063659668,-4.101600646972656,-6.4049391746521,-26.013286590576172,-19.368637084960938,-32.409671783447266,-41.822845458984375,-44.511592864990234,-46.180564880371094,-45.710655212402344,-47.887516021728516,-44.7017936706543,-50.708335876464844,-54.83842849731445,-57.926700592041016,-57.90328598022461,-59.69273376464844,-62.08049011230469,-64.22401428222656,-66.40211486816406,-67.94269561767578,-67.1315689086914,-68.3697738647461,-69.67257690429688,-68.98361206054688,-66.41144561767578,-60.37112045288086,-63.19184112548828,-65.31275177001953,-65.78748321533203,-69.16654205322266,-70.55667114257812,2.71293044090271,4.516305923461914,8.054830551147461,6.674999713897705,10.44682788848877,7.480120658874512,2.56022047996521,2.579742193222046,3.1978282928466797,4.803891658782959,4.322005271911621,8.058599472045898,4.167665958404541,2.535261392593384,2.689258337020874,2.5337109565734863,3.1579487323760986,4.319969177246094,3.582441568374634,3.4694643020629883,4.058011531829834,4.628973007202148,4.716675758361816,5.04127836227417,4.629386901855469,5.696175575256348,7.865785598754883,6.543403148651123,5.952880382537842,6.075133800506592,5.166912078857422,4.605769157409668,-290.65350341796875,94.97525787353516,43.98651885986328,16.787853240966797,15.731023788452148,16.77625274658203,1.3004873991012573,5.488473892211914,-6.722607135772705,-2.67714786529541,20.13051414489746,8.7232084274292,7.31292724609375,5.199984550476074,5.198279857635498,4.3309407234191895,4.609610080718994,4.168372631072998,8.787557601928711,4.569186210632324,0.35093173384666443,0.06660190224647522,0.08040427416563034,0.12162332236766815,0.153575599193573,0.12583324313163757,0.06434143334627151,0.05383933708071709,0.0490279346704483,0.055135153234004974,0.31062623858451843,0.9292263984680176,0.11148862540721893,0.12344522029161453,0.1763637214899063,0.23445633053779602,0.28507867455482483,0.23855577409267426,0.1362747848033905,0.12580160796642303,0.11713733524084091,0.10722839087247849,0.113138347864151,0.22018642723560333,402.97603489766334,381.7272354444606,1080.7195547554068,0.020457964762180973,0.0027438614051789045,700.0,710.0,705.0,704.0,714.0,709.0,1,chanting
P2,-11.187525749206543,-7.4538702964782715,-10.690844535827637,-29.39488983154297,-23.414461135864258,-35.255332946777344,-42.15465545654297,-45.02724075317383,-42.39289855957031,-38.78339767456055,-42.973045349121094,-37.3573112487793,-47.50026321411133,-54.32819747924805,-59.17023468017578,-59.39773178100586,-61.368247985839844,-64.18194580078125,-66.30894470214844,-68.32028198242188,-69.60213470458984,-68.42422485351562,-69.35008239746094,-71.5652084350586,-70.19841766357422,-64.18678283691406,-57.64383316040039,-61.48097229003906,-66.39189910888672,-66.09944915771484,-70.93778228759766,-72.49893951416016,2.6936697959899902,4.6630964279174805,9.363283157348633,5.89601469039917,10.231894493103027,6.0018696784973145,4.0757880210876465,4.011514186859131,8.214755058288574,10.071842193603516,6.854575157165527,8.141509056091309,6.402053356170654,4.730008125305176,3.4002816677093506,3.07453989982605,3.5016283988952637,4.163796424865723,3.71565318107605,3.6868860721588135,4.2982916831970215,3.8797590732574463,4.916687965393066,4.714430332183838,4.813969135284424,5.433196544647217,6.761655330657959,6.226872444152832,4.392772674560547,4.516756057739258,4.858916282653809,4.290472507476807,-292.5726623535156,94.50159454345703,39.29861068725586,6.649992942810059,8.70108413696289,22.310720443725586,4.993591785430908,10.758166313171387,-8.356024742126465,-4.34901237487793,19.34550666809082,10.696625709533691,9.255282402038574,8.160386085510254,7.230655193328857,5.728646278381348,7.2898640632629395,5.548769950866699,7.28236198425293,4.131711006164551,0.35483962297439575,0.07655707001686096,0.08348427712917328,0.13840807974338531,0.19316154718399048,0.16762757301330566,0.085435651242733,0.0796017050743103,0.08348950743675232,0.09208518266677856,0.33479011058807373,0.8887001872062683,0.14897620677947998,0.12350839376449585,0.15923522412776947,0.23443463444709778,0.3299161195755005,0.29205912351608276,0.16469989717006683,0.17581087350845337,0.196247398853302,0.1938733458518982,0.15555167198181152,0.25995030999183655,483.1648647291101,568.5814806590777,1217.9892764615793,0.020485154437354988,0.0025748407933861017,710.0,720.0,715.0,714.0,724.0,719.0,1,chanting
P2,-11.358842849731445,-8.813291549682617,-14.182136535644531,-32.819950103759766,-29.507123947143555,-39.67276382446289,-43.46236038208008,-46.0890998840332,-44.873538970947266,-43.28910827636719,-46.1701774597168,-44.980411529541016,-49.62512969970703,-54.50461959838867,-57.90715789794922,-58.31748580932617,-59.81840896606445,-61.1820068359375,-62.72977828979492,-64.99403381347656,-67.12895965576172,-68.7493667602539,-69.66796112060547,-69.5932388305664,-68.2427749633789,-66.17560577392578,-63.20778274536133,-65.0283203125,-67.26165771484375,-67.96890258789062,-69.19529724121094,-70.62421417236328,2.666102409362793,6.300135135650635,12.255648612976074,5.494388103485107,10.60469913482666,6.61835241317749,4.081838130950928,3.967752695083618,8.179410934448242,10.588479042053223,9.224489212036133,11.193526268005371,7.056309700012207,4.454755783081055,3.742375612258911,3.7186176776885986,4.068693161010742,4.341540336608887,4.017683506011963,3.968752384185791,4.1771440505981445,4.8129191398620605,5.157522201538086,4.973093032836914,4.8361897468566895,6.8737263679504395,8.292635917663574,7.017383098602295,5.202920436859131,4.719480991363525,4.497013092041016,4.084223747253418,-298.2472839355469,87.90100860595703,33.8173713684082,12.085185050964355,14.496966361999512,17.531152725219727,6.789617538452148,10.382331848144531,-1.9887816905975342,-2.7638065814971924,26.147031784057617,9.662993431091309,8.771957397460938,8.941601753234863,8.689101219177246,5.362864017486572,4.24492073059082,3.9618358612060547,6.372644424438477,5.945341110229492,0.33817464113235474,0.1298796683549881,0.1480357050895691,0.2411850094795227,0.3425837755203247,0.3003975749015808,0.15307465195655823,0.14255310595035553,0.13922087848186493,0.1430218368768692,0.37771186232566833,0.7918099164962769,0.16941893100738525,0.17894704639911652,0.214121013879776,0.3073183298110962,0.4285281002521515,0.3840789794921875,0.2169332206249237,0.2190026491880417,0.21780259907245636,0.21009165048599243,0.18659815192222595,0.32631638646125793,474.993482898464,475.7538903893562,1241.7362968755883,0.01844253008990719,0.002512924140319228,720.0,730.0,725.0,724.0,734.0,729.0,1,chanting
P2,-8.272981643676758,-2.6435813903808594,-3.755239486694336,-21.7141056060791,-13.232600212097168,-29.059341430664062,-40.295162200927734,-43.32095718383789,-43.574432373046875,-41.443214416503906,-44.25657272338867,-39.43444061279297,-48.05656433105469,-54.01476287841797,-57.71635818481445,-57.969757080078125,-59.71767044067383,-62.527122497558594,-64.14326477050781,-65.71934509277344,-67.83316802978516,-66.43748474121094,-68.39851379394531,-69.83489990234375,-68.06743621826172,-61.7133674621582,-52.957176208496094,-59.06282043457031,-63.934391021728516,-64.91053771972656,-68.95256042480469,-70.04397583007812,2.632007598876953,0.994594156742096,1.2662237882614136,5.1551737785339355,5.797844409942627,5.973852157592773,2.74314284324646,2.9419429302215576,6.344045162200928,8.875832557678223,7.233121871948242,11.199731826782227,7.131102561950684,2.7968125343322754,2.9695780277252197,2.576927661895752,3.276632070541382,3.8902480602264404,3.8022947311401367,3.8267579078674316,4.173909664154053,4.983155250549316,4.3866424560546875,4.787117958068848,4.170309066772461,7.73525857925415,7.221005439758301,5.552419662475586,4.6495890617370605,5.182440757751465,3.884824514389038,3.803757667541504,-279.8399353027344,97.56771087646484,47.32527160644531,13.90767765045166,11.068516731262207,20.017601013183594,-1.4738245010375977,6.877568244934082,-11.968907356262207,-6.456420421600342,20.931859970092773,5.455563068389893,6.821071624755859,6.5318098068237305,7.4026384353637695,4.525461196899414,5.467940807342529,4.102293014526367,6.817992687225342,4.760659694671631,0.3151010274887085,0.025895608589053154,0.023479698225855827,0.03741534799337387,0.04374784231185913,0.03563707321882248,0.016737347468733788,0.013609676621854305,0.012727789580821991,0.024182844907045364,0.3376043438911438,1.0,0.10102159529924393,0.01488228514790535,0.019089600071310997,0.02367107942700386,0.02456171251833439,0.020309682935476303,0.010306253097951412,0.009365886449813843,0.008554628118872643,0.012957570143043995,0.10567735135555267,0.0,452.8226434616476,465.21211345345125,1126.4912892310679,0.022971876812645012,0.0029424536041915417,730.0,740.0,735.0,734.0,744.0,739.0,1,chanting
P2,-9.677800178527832,-7.854630470275879,-13.233756065368652,-29.88060760498047,-26.179710388183594,-35.488555908203125,-41.075923919677734,-44.17782211303711,-42.0833625793457,-39.11766052246094,-43.464080810546875,-39.95240020751953,-47.38332748413086,-53.91475296020508,-57.79574966430664,-58.306488037109375,-60.54945755004883,-63.76890563964844,-65.2947006225586,-66.57603454589844,-68.83191680908203,-67.74031066894531,-69.12968444824219,-71.2699966430664,-69.07437896728516,-62.19929885864258,-57.43907165527344,-61.364830017089844,-65.32475280761719,-65.61540985107422,-70.90001678466797,-72.45356750488281,2.675348997116089,6.121154308319092,12.083070755004883,6.435335159301758,12.26858139038086,6.6115193367004395,3.6092336177825928,3.4699618816375732,7.717743873596191,10.756341934204102,7.757387161254883,10.771585464477539,7.362761974334717,4.307885646820068,3.320678949356079,2.8091933727264404,2.753251314163208,3.0344505310058594,3.1322641372680664,3.5420684814453125,3.2917368412017822,4.289948463439941,4.651163578033447,3.4319303035736084,4.506691932678223,8.640271186828613,11.183374404907227,8.613253593444824,5.501981258392334,5.798587799072266,2.816589117050171,2.5355064868927,-291.1722412109375,91.95487976074219,37.78730010986328,7.674742221832275,8.827803611755371,22.038259506225586,4.155904293060303,12.206155776977539,-6.027613162994385,-1.8898810148239136,24.672462463378906,8.689581871032715,10.218810081481934,6.5030317306518555,8.873173713684082,8.060351371765137,5.8970465660095215,4.949365139007568,9.343299865722656,5.444981098175049,0.3323785960674286,0.1307087540626526,0.1695469170808792,0.2709365487098694,0.36055800318717957,0.3026871383190155,0.14629510045051575,0.12245222181081772,0.11038913577795029,0.11344640702009201,0.3295523524284363,0.7695516347885132,0.15564337372779846,0.17337976396083832,0.2429795116186142,0.333353191614151,0.4327073395252228,0.3715197741985321,0.20362892746925354,0.1917622685432434,0.17463214695453644,0.16355298459529877,0.16948015987873077,0.34792861342430115,467.7226853811698,497.3120740284223,1220.655305332067,0.017512416618329467,0.0024849511682987213,740.0,750.0,745.0,744.0,754.0,749.0,1,chanting
P2,-12.345911979675293,-11.041510581970215,-16.832971572875977,-34.92760467529297,-32.08377456665039,-41.93457794189453,-45.85758972167969,-48.61524963378906,-48.91596603393555,-48.772621154785156,-50.85034942626953,-50.65026092529297,-54.26240921020508,-57.616512298583984,-61.03555679321289,-61.22050094604492,-63.263240814208984,-66.07860565185547,-67.8946762084961,-69.87164306640625,-71.47254180908203,-72.56095886230469,-73.03575134277344,-73.69794464111328,-72.24995422363281,-70.73139190673828,-65.85861206054688,-67.63377380371094,-71.30496978759766,-72.1148681640625,-73.36625671386719,-74.66382598876953,2.6593029499053955,5.944355010986328,11.866558074951172,5.817172527313232,10.866385459899902,6.032334804534912,3.9004735946655273,3.5469284057617188,7.355734825134277,9.577999114990234,8.173538208007812,8.88847827911377,6.049060344696045,4.364142417907715,3.8053815364837646,3.286686897277832,3.584916114807129,4.07291316986084,3.59704852104187,3.6697916984558105,4.354570388793945,4.6216559410095215,5.342445373535156,4.885965824127197,4.753342151641846,7.038130283355713,8.484920501708984,7.544356346130371,5.872372150421143,5.665305137634277,5.057951927185059,4.402616024017334,-318.6863708496094,90.41841125488281,36.87691116333008,13.818233489990234,15.339259147644043,18.268184661865234,4.563328266143799,9.293973922729492,-1.0459229946136475,-0.20103071630001068,24.233736038208008,10.501420974731445,9.508275032043457,8.432262420654297,7.753940582275391,5.247435569763184,4.717184543609619,4.310769557952881,6.279097557067871,4.977809429168701,0.35877469182014465,0.14197778701782227,0.16830483078956604,0.2564844787120819,0.3770831525325775,0.3391725420951843,0.16010142862796783,0.13514354825019836,0.13593050837516785,0.14592838287353516,0.3519042730331421,0.7699968218803406,0.17905955016613007,0.1737891137599945,0.22742995619773865,0.3035668730735779,0.42728516459465027,0.38947194814682007,0.20069776475429535,0.19528783857822418,0.20123891532421112,0.20706796646118164,0.17134664952754974,0.3367829918861389,409.4219237733817,391.7694020990429,1126.2947987054004,0.017433113399071925,0.0023825285024940968,750.0,760.0,755.0,754.0,764.0,759.0,1,chanting
P2,-8.722711563110352,-3.417151689529419,-4.84946870803833,-26.098323822021484,-17.857271194458008,-30.684091567993164,-40.88710021972656,-43.19075393676758,-44.012779235839844,-41.872657775878906,-45.29443359375,-39.311134338378906,-46.456443786621094,-54.54593276977539,-58.092525482177734,-58.16032409667969,-60.48088455200195,-63.45681381225586,-65.25458526611328,-66.70519256591797,-68.4554443359375,-67.13204193115234,-68.66996002197266,-70.80220794677734,-69.2746353149414,-63.26176452636719,-55.90619659423828,-60.7646369934082,-64.9738540649414,-65.4913101196289,-70.08316040039062,-71.47394561767578,2.5517630577087402,3.266467809677124,5.852444648742676,6.210878372192383,8.992971420288086,7.301113605499268,3.8459746837615967,4.050179958343506,6.783332824707031,10.699164390563965,6.890213489532471,11.418537139892578,7.675502777099609,2.7273027896881104,2.688352346420288,2.171799421310425,2.3293118476867676,2.8646292686462402,2.5187973976135254,2.88179349899292,3.0989599227905273,5.193478584289551,4.471941947937012,3.4879257678985596,4.00318717956543,9.079728126525879,9.621260643005371,6.934120178222656,6.368855953216553,7.002294063568115,3.9131646156311035,3.474966049194336,-285.6074523925781,97.43335723876953,44.42226028442383,12.336047172546387,11.419266700744629,20.962038040161133,1.1666395664215088,7.6177778244018555,-10.16769790649414,-3.887054681777954,23.54663848876953,6.010270118713379,7.241085052490234,8.040760040283203,9.13040828704834,5.511289596557617,5.114161491394043,5.562624931335449,8.675081253051758,4.160386085510254,0.39515557885169983,0.042791109532117844,0.040586333721876144,0.06911978870630264,0.09217782318592072,0.07900547981262207,0.04213302582502365,0.03585214912891388,0.02993231639266014,0.03542518988251686,0.2825259864330292,0.9674120545387268,0.13257311284542084,0.06279028952121735,0.09073318541049957,0.14546214044094086,0.2068541795015335,0.18448415398597717,0.10907156765460968,0.09674825519323349,0.07435685396194458,0.06261980533599854,0.10831984132528305,0.15408873558044434,431.7237146051908,429.664841937355,1095.5274931799456,0.021630519504060326,0.0029963855631649494,760.0,770.0,765.0,764.0,774.0,769.0,1,chanting
P2,-6.25222635269165,-12.99329662322998,-27.050037384033203,-32.89213943481445,-38.280479431152344,-39.46851348876953,-40.881229400634766,-42.6279411315918,-42.5865592956543,-43.274932861328125,-46.27029800415039,-47.51840591430664,-48.22612762451172,-49.90489196777344,-52.622032165527344,-52.25817108154297,-54.42721176147461,-57.28178787231445,-58.484066009521484,-61.39219284057617,-65.1904296875,-66.0870361328125,-66.11141204833984,-64.00823974609375,-62.630950927734375,-63.07583999633789,-63.25154113769531,-63.02000427246094,-63.0322380065918,-64.61247253417969,-66.36954498291016,-67.76117706298828,2.4666221141815186,2.3996686935424805,2.3999216556549072,2.895596981048584,3.4805519580841064,3.124974250793457,2.7823171615600586,3.1482419967651367,4.015461444854736,4.917573928833008,4.3351826667785645,3.383937120437622,3.7928590774536133,4.138782978057861,4.539815902709961,4.793098449707031,4.891688823699951,5.086346626281738,5.336778163909912,4.5620574951171875,3.785771131515503,4.112792015075684,4.569051265716553,5.86392879486084,6.352029800415039,6.218630313873291,6.049446105957031,5.90540075302124,6.145330905914307,5.373507022857666,4.5764360427856445,3.9056851863861084,-288.1183166503906,76.87588500976562,25.14120864868164,10.716333389282227,15.143769264221191,16.79397964477539,5.396878719329834,11.81414794921875,7.433760643005371,4.150973320007324,19.621660232543945,9.211116790771484,5.196456432342529,3.2319860458374023,3.539492607116699,4.1127238273620605,4.147190570831299,2.889295816421509,2.521057367324829,3.223071575164795,0.28402623534202576,0.31208857893943787,0.4194691777229309,0.6372681260108948,0.9469028115272522,0.8621240854263306,0.4318143427371979,0.3650113046169281,0.35199761390686035,0.34628596901893616,0.31340616941452026,0.29570481181144714,0.16508202254772186,0.15801863372325897,0.19869045913219452,0.16831736266613007,0.10837379842996597,0.1325039565563202,0.14980390667915344,0.20544840395450592,0.2068810611963272,0.2196563184261322,0.18284845352172852,0.16834408044815063,456.4570093647198,436.05985353828305,1330.0999416210082,0.009166319243039444,0.0016264172736555338,770.0,780.0,775.0,774.0,784.0,779.0,4,viparita_swasa
P2,-7.5845866203308105,-14.5967435836792,-28.462888717651367,-34.3436279296875,-39.89204788208008,-41.25593185424805,-42.752201080322266,-44.601688385009766,-45.05406951904297,-45.70696258544922,-48.672725677490234,-49.92881774902344,-50.33639144897461,-52.24272155761719,-55.60795593261719,-55.266075134277344,-57.41588592529297,-60.21102523803711,-61.517417907714844,-64.46269226074219,-68.23380279541016,-69.11825561523438,-69.23395538330078,-66.4380111694336,-64.52666473388672,-65.22502899169922,-65.85049438476562,-66.23370361328125,-66.74617004394531,-68.32010650634766,-69.91351318359375,-70.88349914550781,2.4477269649505615,2.576204776763916,2.2446823120117188,2.5609796047210693,2.924229621887207,2.5110669136047363,2.5031917095184326,2.5264930725097656,3.037881851196289,3.84895920753479,3.2443604469299316,2.494718074798584,3.104311943054199,3.162771701812744,3.4205801486968994,3.713125705718994,3.3977773189544678,3.5908713340759277,4.18280029296875,3.786864757537842,2.9771475791931152,3.119175434112549,3.5965309143066406,5.1791510581970215,5.91402006149292,5.589386940002441,5.070871829986572,4.712340831756592,4.878054141998291,4.408921241760254,3.630713701248169,3.163499116897583,-302.4005126953125,79.8350601196289,26.126386642456055,11.607571601867676,14.324893951416016,17.80423927307129,5.121598243713379,11.318737983703613,7.7276411056518555,3.3397369384765625,14.684051513671875,7.933716773986816,4.288044452667236,2.843705415725708,3.432703971862793,3.6408495903015137,3.7701075077056885,2.59745454788208,2.2796294689178467,3.0679118633270264,0.3089420199394226,0.3404521048069,0.45460227131843567,0.6446763873100281,0.9460920691490173,0.875486433506012,0.4375092685222626,0.3568302094936371,0.34308600425720215,0.3399971127510071,0.31185129284858704,0.30870601534843445,0.19437332451343536,0.18207447230815887,0.21542517840862274,0.18797694146633148,0.10003894567489624,0.12786917388439178,0.15679597854614258,0.2126777470111847,0.2049824595451355,0.21604137122631073,0.18657952547073364,0.1871228814125061,385.7823344904366,304.26266132540604,1209.1510319926156,0.008246401899651971,0.001677109394222498,780.0,790.0,785.0,784.0,794.0,789.0,4,viparita_swasa
P2,-14.828051567077637,-21.120519638061523,-34.68723678588867,-40.02744674682617,-44.822261810302734,-46.75382614135742,-48.238407135009766,-50.22431564331055,-50.35659408569336,-50.59612274169922,-53.63443374633789,-55.08610916137695,-55.854434967041016,-57.760929107666016,-60.032474517822266,-59.90093994140625,-61.56291580200195,-63.827491760253906,-65.5517578125,-68.4100112915039,-70.95539855957031,-71.88386535644531,-72.19910430908203,-69.94879150390625,-68.56062316894531,-68.99329376220703,-69.2433853149414,-68.75157165527344,-68.84151458740234,-70.45610809326172,-71.79403686523438,-73.24446105957031,2.5133583545684814,2.931302785873413,4.504419326782227,4.928971290588379,5.720729351043701,5.137746810913086,4.908335208892822,5.166223526000977,5.268322944641113,6.4088640213012695,6.480112075805664,6.101642608642578,5.905694007873535,5.654427528381348,6.431766033172607,6.567208290100098,6.909660816192627,7.012084007263184,6.918979644775391,6.996923446655273,7.284842491149902,7.199632167816162,6.253625869750977,6.617056846618652,6.990360260009766,6.935970783233643,7.281535625457764,7.658591270446777,7.542049884796143,7.125345706939697,7.123226165771484,6.617908477783203,-326.70953369140625,72.60770416259766,26.23247718811035,11.034753799438477,14.209942817687988,15.779051780700684,5.223958969116211,11.023303031921387,6.831460475921631,3.5699191093444824,30.939470291137695,10.200276374816895,6.04250955581665,3.790297031402588,3.5760855674743652,3.9615933895111084,3.704850435256958,3.13377046585083,3.4260082244873047,3.217710494995117,0.30658280849456787,0.33946114778518677,0.4618333876132965,0.709296464920044,0.9476419687271118,0.8143709301948547,0.4079288840293884,0.3464438319206238,0.32245704531669617,0.3111642301082611,0.3075793385505676,0.3097749352455139,0.19457656145095825,0.18335779011249542,0.22575508058071136,0.1568559855222702,0.1322743147611618,0.15665709972381592,0.17615406215190887,0.20117315649986267,0.1956135481595993,0.19650909304618835,0.18516705930233002,0.19559484720230103,559.3632716992406,610.3239196635731,1494.735527193822,0.011898881598027843,0.0016679635737091303,790.0,800.0,795.0,794.0,804.0,799.0,4,viparita_swasa
P2,-7.515209197998047,-14.478533744812012,-28.117292404174805,-33.33668899536133,-38.70022201538086,-40.545284271240234,-42.26441955566406,-44.33612823486328,-44.62871551513672,-45.41239547729492,-47.86991882324219,-49.42082214355469,-50.002410888671875,-52.216148376464844,-55.02244186401367,-54.71851348876953,-57.08211135864258,-60.2253303527832,-60.94712448120117,-64.00215148925781,-67.1795883178711,-68.22315216064453,-68.39411926269531,-65.8115005493164,-63.97465896606445,-64.43611145019531,-65.18817138671875,-65.52489471435547,-66.24899291992188,-67.89903259277344,-69.51815032958984,-70.36529541015625,2.625981092453003,2.514744997024536,2.313232421875,2.695411443710327,3.510093927383423,2.7390670776367188,2.3796005249023438,2.5388259887695312,3.3702259063720703,3.769669532775879,3.2301552295684814,2.709794759750366,3.2507171630859375,3.388111114501953,3.6059134006500244,3.9008429050445557,3.341184139251709,3.408350944519043,4.079983234405518,3.59765362739563,3.5902016162872314,3.8503551483154297,4.363729476928711,5.4473466873168945,6.099030017852783,6.173997402191162,5.743546962738037,5.410704612731934,5.153947353363037,4.681253433227539,4.191797733306885,3.982901096343994,-299.3899841308594,79.55785369873047,26.234045028686523,11.95296859741211,13.657072067260742,17.54016876220703,4.958445072174072,10.7675142288208,7.078178405761719,3.1288304328918457,16.204307556152344,8.650980949401855,4.296091556549072,2.7113542556762695,3.9327406883239746,3.740326166152954,4.183843612670898,2.428239583969116,2.1889586448669434,2.884561777114868,0.3115793466567993,0.33215466141700745,0.43818366527557373,0.6377161741256714,0.9363147616386414,0.8725371360778809,0.45067232847213745,0.3757530152797699,0.3491484224796295,0.33973705768585205,0.3275081217288971,0.322602778673172,0.19853100180625916,0.17271259427070618,0.20202355086803436,0.17366695404052734,0.10971254855394363,0.1387200802564621,0.16571307182312012,0.2220458835363388,0.20680128037929535,0.2171139270067215,0.21199963986873627,0.2115696370601654,421.58875582864175,390.6202984520012,1254.4110585250012,0.009229761818445476,0.0016132844612002373,800.0,810.0,805.0,804.0,814.0,809.0,4,viparita_swasa
P2,-12.210184097290039,-18.947019577026367,-32.926212310791016,-37.27858352661133,-41.43089294433594,-43.72895812988281,-45.63148880004883,-47.800968170166016,-47.40511703491211,-47.79806137084961,-49.970943450927734,-52.03510284423828,-51.84096908569336,-53.42790222167969,-55.68898010253906,-55.956214904785156,-58.705509185791016,-61.372188568115234,-62.406829833984375,-65.67798614501953,-68.57096862792969,-68.92536163330078,-69.89213562011719,-67.37019348144531,-65.61276245117188,-65.36698913574219,-65.15792846679688,-65.88363647460938,-67.8160171508789,-70.47689819335938,-73.09422302246094,-74.27730560302734,2.785778760910034,2.58659291267395,2.5247139930725098,3.2147583961486816,3.961683511734009,3.655336380004883,3.3633713722229004,3.3959310054779053,4.259450912475586,5.030054092407227,5.243447780609131,4.762572765350342,5.753844738006592,6.352972030639648,6.425498008728027,5.95047664642334,5.671130180358887,5.251560688018799,5.54557466506958,5.575209140777588,6.439559459686279,6.874476909637451,6.2596435546875,6.452246189117432,6.9058685302734375,7.296459674835205,7.3812255859375,7.114567279815674,6.242497444152832,5.383925437927246,4.771261692047119,4.563314914703369,-311.955078125,75.3653793334961,21.94386100769043,12.23880672454834,12.147136688232422,19.058303833007812,2.7359797954559326,11.327373504638672,5.778651237487793,3.940345287322998,24.13108253479004,9.411589622497559,8.817687034606934,3.973266124725342,4.054657459259033,4.5593342781066895,4.6147141456604,3.1984453201293945,2.8332629203796387,3.5505311489105225,0.31316208839416504,0.3361004889011383,0.4329420030117035,0.6740805506706238,0.9561455249786377,0.8448386788368225,0.4412197470664978,0.4003278315067291,0.37985745072364807,0.3610941767692566,0.33345261216163635,0.3203430771827698,0.18424849212169647,0.1761094629764557,0.21827268600463867,0.16128407418727875,0.0861547589302063,0.13498370349407196,0.17840850353240967,0.22508366405963898,0.21594175696372986,0.2167614996433258,0.1954912692308426,0.18886800110340118,521.5781948151964,585.7430938225058,1404.8470466332506,0.009996737238979118,0.0017476073699072003,810.0,820.0,815.0,814.0,824.0,819.0,4,viparita_swasa
P2,-7.609718322753906,-14.228487014770508,-27.64839744567871,-31.90938949584961,-36.282501220703125,-38.69826889038086,-41.057777404785156,-43.13517761230469,-41.93785858154297,-42.50436782836914,-45.28678894042969,-47.75202941894531,-47.65919494628906,-49.457542419433594,-52.02570343017578,-51.758056640625,-54.63417053222656,-57.18674850463867,-57.48042297363281,-60.94691848754883,-65.33931732177734,-65.84595489501953,-65.38424682617188,-62.080562591552734,-60.18817138671875,-60.38695526123047,-60.485748291015625,-60.15037536621094,-61.80078125,-64.4696044921875,-67.24217987060547,-68.56793975830078,2.697140693664551,2.217402696609497,2.335599899291992,3.3952622413635254,4.042487621307373,3.3474385738372803,2.784839153289795,3.0530951023101807,4.271572113037109,4.963268280029297,4.43189001083374,3.211224317550659,4.3175458908081055,4.420295715332031,4.496088981628418,5.1099324226379395,4.269289493560791,4.083241939544678,5.016385078430176,4.358397483825684,3.223127841949463,3.6573903560638428,4.697249412536621,6.332512855529785,7.236625671386719,6.964554786682129,6.9513726234436035,7.239514350891113,6.156495571136475,5.043037414550781,3.6857872009277344,3.20577335357666,-284.8122253417969,74.54529571533203,24.835092544555664,11.050695419311523,11.86633586883545,18.72127342224121,2.2944657802581787,11.971457481384277,5.960025310516357,2.7470109462738037,20.6682186126709,8.386015892028809,3.952582597732544,3.5302014350891113,4.309110641479492,4.4745893478393555,5.038730144500732,2.6529972553253174,2.410691261291504,2.8831231594085693,0.3231907784938812,0.34384414553642273,0.4470263719558716,0.6461085081100464,0.947700560092926,0.8667047619819641,0.44048547744750977,0.3790217339992523,0.3688567280769348,0.36497005820274353,0.33805570006370544,0.3292347192764282,0.19712063670158386,0.17946001887321472,0.2166946828365326,0.1844145804643631,0.09377934783697128,0.14385339617729187,0.15332110226154327,0.1949775665998459,0.19649092853069305,0.2184632420539856,0.18836510181427002,0.19289623200893402,548.705348254199,629.2591493256961,1466.6479592311648,0.010338873984918794,0.0016274228692054749,820.0,830.0,825.0,824.0,834.0,829.0,4,viparita_swasa
P2,-6.9005584716796875,-14.239826202392578,-27.558408737182617,-31.79695701599121,-35.9632682800293,-38.36748504638672,-40.90390396118164,-42.70479202270508,-41.36475372314453,-42.20045852661133,-45.02933883666992,-47.46356201171875,-47.25123596191406,-49.153236389160156,-51.76577377319336,-51.03944396972656,-54.29827880859375,-57.2474365234375,-57.23117446899414,-60.27362060546875,-64.994873046875,-65.48966217041016,-65.04124450683594,-61.57737350463867,-59.69630432128906,-60.096431732177734,-60.34538269042969,-59.51567840576172,-60.99121856689453,-63.604461669921875,-66.45130920410156,-67.95328521728516,2.4379000663757324,2.4495840072631836,2.375450611114502,3.3277134895324707,4.27859354019165,3.6395339965820312,2.9405980110168457,3.267984628677368,4.593430042266846,5.21142578125,4.810778617858887,3.6268045902252197,4.591113567352295,4.772013187408447,4.921771049499512,5.348763942718506,4.579346656799316,4.248115062713623,5.284368515014648,5.016233444213867,3.312098979949951,4.141373157501221,5.133991241455078,6.854605197906494,7.4337334632873535,7.180108070373535,6.961183071136475,7.579774379730225,6.531322479248047,5.335082530975342,4.361496925354004,3.8886802196502686,-282.5794372558594,73.93383026123047,25.114320755004883,10.69150447845459,12.015237808227539,18.60124397277832,2.4945461750030518,12.012665748596191,6.0916619300842285,3.1975109577178955,22.425140380859375,9.026201248168945,4.319491863250732,3.627744197845459,4.283722400665283,4.400222301483154,4.566896438598633,2.499824047088623,2.5085701942443848,2.7080812454223633,0.3205414116382599,0.34478119015693665,0.4455268681049347,0.6552553772926331,0.9481897354125977,0.8656221032142639,0.44886282086372375,0.3843992054462433,0.3564283847808838,0.3414984941482544,0.3322213888168335,0.32571107149124146,0.19673436880111694,0.17591576278209686,0.21019373834133148,0.17428819835186005,0.0975363627076149,0.13183149695396423,0.16577619314193726,0.2196921408176422,0.20722737908363342,0.2151302993297577,0.20184119045734406,0.19936339557170868,529.287957349281,581.196640262471,1453.9373309207963,0.008775467662412993,0.00195666728541255,830.0,840.0,835.0,834.0,844.0,839.0,4,viparita_swasa
P2,-6.943889617919922,-13.957864761352539,-27.589859008789062,-31.3371524810791,-35.58094024658203,-38.069419860839844,-40.72365188598633,-41.98971176147461,-40.17056655883789,-40.932777404785156,-43.974639892578125,-46.86827850341797,-46.39129638671875,-48.233768463134766,-50.26275634765625,-49.89498519897461,-53.28139114379883,-56.38629150390625,-56.01778030395508,-59.587135314941406,-64.68107604980469,-64.3320083618164,-63.55592727661133,-59.38364028930664,-57.45481491088867,-58.50872039794922,-59.420528411865234,-57.551414489746094,-59.30951690673828,-62.625125885009766,-65.93034362792969,-67.62920379638672,2.531132936477661,2.548388719558716,2.2944846153259277,3.480161666870117,4.3729567527771,3.4856090545654297,2.8616366386413574,3.455585479736328,4.9962334632873535,5.635359764099121,4.94650936126709,3.676589250564575,4.70552396774292,4.830250263214111,5.3021240234375,5.828710556030273,4.9573974609375,4.605710506439209,5.892165184020996,5.257108211517334,3.4885919094085693,4.387732028961182,5.40726900100708,7.215489864349365,8.021567344665527,7.422126770019531,6.869068622589111,7.7865777015686035,6.73145866394043,5.35128116607666,4.076595306396484,3.6681647300720215,-277.28778076171875,72.03144836425781,24.1560001373291,10.60805606842041,10.748800277709961,19.74942398071289,1.8487565517425537,12.199813842773438,6.629471778869629,3.16660475730896,23.3941650390625,8.997258186340332,5.051755905151367,3.8809690475463867,4.413257122039795,4.096890926361084,5.042818069458008,2.7293128967285156,2.441267728805542,2.821772813796997,0.31105637550354004,0.34786051511764526,0.4669942855834961,0.7315210700035095,0.96868497133255,0.8175557255744934,0.42349663376808167,0.3809365928173065,0.346924751996994,0.3214923143386841,0.30356839299201965,0.3042623698711395,0.17900356650352478,0.17065994441509247,0.22274865210056305,0.15212976932525635,0.07616602629423141,0.13644392788410187,0.17233946919441223,0.21600176393985748,0.20360784232616425,0.19942322373390198,0.17900294065475464,0.18172906339168549,601.477186141898,767.6761777660963,1547.2324755534908,0.01078070620649652,0.0017893778858706355,840.0,850.0,845.0,844.0,854.0,849.0,4,viparita_swasa
P2,-6.9079437255859375,-13.710047721862793,-27.32021713256836,-31.16802406311035,-35.71514892578125,-38.43335723876953,-40.64549255371094,-42.06268310546875,-40.12001419067383,-40.882320404052734,-44.35936737060547,-46.95005416870117,-46.091304779052734,-48.12970733642578,-50.58173370361328,-49.97745132446289,-53.64133071899414,-57.00941848754883,-56.734275817871094,-60.20122528076172,-65.14118957519531,-64.58918762207031,-63.88640213012695,-59.901851654052734,-57.99370193481445,-59.444156646728516,-60.57852554321289,-58.5832633972168,-60.27977752685547,-63.855377197265625,-67.06621551513672,-68.45299530029297,2.514162063598633,2.531827688217163,2.4243898391723633,3.138632297515869,3.973965883255005,3.6269054412841797,3.1166412830352783,3.1871798038482666,4.780147552490234,5.324760437011719,4.502935886383057,3.52083420753479,4.747982978820801,4.895903587341309,5.0983967781066895,5.673232555389404,4.8149943351745605,4.21273136138916,5.6922383308410645,5.273732662200928,3.7476963996887207,4.673530101776123,5.497486591339111,7.234199047088623,8.059737205505371,7.324619293212891,6.835138320922852,8.133025169372559,7.209531307220459,5.753750324249268,4.536367893218994,4.031184196472168,-279.38031005859375,74.20086669921875,23.663969039916992,10.80744457244873,10.678779602050781,20.10430908203125,2.302135705947876,11.670900344848633,6.821657657623291,3.3823206424713135,23.062145233154297,9.910527229309082,4.828024864196777,3.6402370929718018,4.5237884521484375,4.655852794647217,4.747066020965576,2.744380474090576,2.540557622909546,2.440004348754883,0.317423552274704,0.3361946940422058,0.4306753873825073,0.6190000176429749,0.9370266795158386,0.8790130019187927,0.449991375207901,0.3822293281555176,0.3499467074871063,0.3310762047767639,0.31683799624443054,0.3186851143836975,0.20694434642791748,0.18012601137161255,0.20886096358299255,0.18394547700881958,0.11295706033706665,0.13269942998886108,0.15635356307029724,0.209062397480011,0.19917987287044525,0.20631226897239685,0.1916957050561905,0.2053692489862442,566.1026442275839,686.9141757903133,1481.955668957241,0.010474822360788862,0.001740539213642478,850.0,860.0,855.0,854.0,864.0,859.0,4,viparita_swasa
P2,-6.586379528045654,-13.81069564819336,-27.095726013183594,-31.126375198364258,-35.94425582885742,-38.470924377441406,-40.669979095458984,-41.871646881103516,-39.987335205078125,-40.99900817871094,-44.09944152832031,-46.71636199951172,-46.24134063720703,-48.29475402832031,-50.71067810058594,-49.91081237792969,-53.50530242919922,-57.30534744262695,-56.85051727294922,-60.49452209472656,-65.35005950927734,-64.40830993652344,-63.643489837646484,-59.72254180908203,-58.09439468383789,-59.9054069519043,-61.20027160644531,-58.63179397583008,-60.2263069152832,-64.07244873046875,-67.62077331542969,-69.00820922851562,2.353351593017578,2.7277467250823975,2.2975502014160156,3.152165174484253,4.151061058044434,3.800278902053833,3.2110705375671387,3.5793755054473877,5.12233829498291,5.855004787445068,5.1077070236206055,3.807290554046631,5.175044536590576,5.190171718597412,5.37040901184082,5.916703224182129,5.095454216003418,4.496410369873047,5.807647705078125,5.381868362426758,3.843508243560791,5.02423095703125,5.988144874572754,8.003445625305176,8.559320449829102,7.541528701782227,6.941094875335693,8.630952835083008,7.676792144775391,5.888648986816406,4.203222751617432,3.672717809677124,-279.762451171875,74.87300109863281,23.440563201904297,11.037879943847656,10.410408020019531,20.317371368408203,2.5795836448669434,11.720703125,6.955626487731934,3.725106716156006,24.83310890197754,9.672675132751465,4.925678730010986,3.4542627334594727,5.125723838806152,4.756076335906982,4.808554649353027,2.654998540878296,2.624002695083618,2.362900733947754,0.3084423243999481,0.35750478506088257,0.48905375599861145,0.7478313446044922,0.9702516198158264,0.8054304718971252,0.4168204367160797,0.367128849029541,0.3490351438522339,0.3320702016353607,0.3123616874217987,0.30527544021606445,0.1801534742116928,0.1814105063676834,0.23170940577983856,0.1544206440448761,0.07559588551521301,0.145170196890831,0.16491694748401642,0.20369744300842285,0.2003992646932602,0.19411981105804443,0.16814076900482178,0.17541415989398956,546.4878374951307,678.1460153531033,1445.0343283740933,0.010296956569025522,0.0018849453190341592,860.0,870.0,865.0,864.0,874.0,869.0,4,viparita_swasa
P2,-7.2318010330200195,-14.010432243347168,-27.743877410888672,-31.611541748046875,-35.993003845214844,-38.67211151123047,-40.71123123168945,-42.528907775878906,-40.726680755615234,-41.3260498046875,-44.3522834777832,-47.17279052734375,-46.79669189453125,-48.859981536865234,-51.278099060058594,-50.63883972167969,-53.99647521972656,-56.93549728393555,-57.177085876464844,-60.74919509887695,-65.4541244506836,-64.9024658203125,-64.24436950683594,-60.46411895751953,-58.66797637939453,-59.929100036621094,-61.1072998046875,-59.030887603759766,-60.30787658691406,-63.85344314575195,-67.48590087890625,-68.70909118652344,2.501171588897705,2.776372194290161,2.4449265003204346,3.316260576248169,4.419830322265625,3.453984022140503,3.155855655670166,3.538011074066162,4.984379291534424,5.605498313903809,5.163492679595947,3.669947862625122,4.839879035949707,5.092534065246582,5.158745765686035,5.469045162200928,4.852096080780029,4.5318779945373535,5.5772624015808105,5.101705074310303,3.6408960819244385,4.670753479003906,5.445983409881592,7.257750034332275,7.8600263595581055,7.260824203491211,6.787515163421631,8.041842460632324,7.166708469390869,5.6884541511535645,4.462913990020752,3.9497880935668945,-281.54681396484375,74.2035903930664,24.000410079956055,10.728708267211914,10.760644912719727,19.65384292602539,2.423438787460327,11.963251113891602,6.60669469833374,3.2945237159729004,23.455059051513672,9.459821701049805,4.757053375244141,3.653257369995117,4.819305419921875,4.507798194885254,4.566722393035889,2.6689612865448,2.5953664779663086,2.6530582904815674,0.29944735765457153,0.3117886781692505,0.3998274803161621,0.5991014838218689,0.9386787414550781,0.8827385902404785,0.4670916497707367,0.40596234798431396,0.3726275861263275,0.35181283950805664,0.325982928276062,0.3098786175251007,0.19335058331489563,0.17897167801856995,0.2146781086921692,0.18624430894851685,0.0989154651761055,0.12823808193206787,0.15297040343284607,0.21361808478832245,0.2004987597465515,0.2119806557893753,0.18994861841201782,0.1899269074201584,558.5706862467946,645.9711132359339,1476.4479842230157,0.010326412050464038,0.0017541476991027594,870.0,880.0,875.0,874.0,884.0,879.0,4,viparita_swasa
P2,-9.553730964660645,-16.519723892211914,-29.495487213134766,-33.378326416015625,-37.552154541015625,-40.082820892333984,-42.553672790527344,-44.239479064941406,-42.015716552734375,-42.74769973754883,-45.45033645629883,-48.33419418334961,-47.896026611328125,-49.944881439208984,-52.20085906982422,-51.41898727416992,-55.04695129394531,-57.9150276184082,-57.43281555175781,-61.250091552734375,-65.73440551757812,-65.18905639648438,-63.895225524902344,-60.12348937988281,-58.52782440185547,-59.98685836791992,-60.674041748046875,-58.39089584350586,-59.7952995300293,-63.20316696166992,-66.20323944091797,-67.53177642822266,2.4509973526000977,2.6679742336273193,2.342651605606079,3.2257330417633057,4.300447940826416,3.8019471168518066,3.0930566787719727,3.161654472351074,5.194028854370117,5.661530494689941,5.110110759735107,3.7581870555877686,4.679244518280029,4.976193428039551,5.150842666625977,5.595364570617676,4.719226360321045,4.228484153747559,5.3975396156311035,4.92941951751709,3.6764354705810547,4.404405117034912,5.16745662689209,6.814115047454834,7.61923885345459,6.719185829162598,6.202266693115234,7.532595157623291,6.347429275512695,4.87952995300293,4.513508319854736,4.230277061462402,-285.3678283691406,68.84833526611328,24.50790786743164,9.99538803100586,10.581092834472656,19.221176147460938,2.648376226425171,11.355335235595703,6.418161392211914,3.006516456604004,22.413118362426758,8.828709602355957,5.179482936859131,3.666990280151367,4.613595485687256,4.242929935455322,4.461706161499023,2.5485756397247314,2.670290231704712,2.6210978031158447,0.31119370460510254,0.3332962393760681,0.4342093765735626,0.6541306376457214,0.9477564096450806,0.8449281454086304,0.44226163625717163,0.3997902274131775,0.3896044194698334,0.3814164698123932,0.3475266396999359,0.32431262731552124,0.19889351725578308,0.17952851951122284,0.20791827142238617,0.16276057064533234,0.09979896992444992,0.14076966047286987,0.169499933719635,0.23037071526050568,0.23647093772888184,0.24453780055046082,0.20868679881095886,0.20268061757087708,668.0640785594359,878.8144848462877,1667.3454604510014,0.01173914225638051,0.0017825105460360646,880.0,890.0,885.0,884.0,894.0,889.0,4,viparita_swasa
P2,-6.745672702789307,-13.266084671020508,-26.595693588256836,-30.80434226989746,-35.379783630371094,-37.55571746826172,-39.65444564819336,-41.744327545166016,-39.82101821899414,-40.51935958862305,-43.42329406738281,-46.23369598388672,-45.8913459777832,-48.015743255615234,-50.448062896728516,-49.795066833496094,-53.3049201965332,-56.43993377685547,-55.76701354980469,-59.53843307495117,-64.2513198852539,-63.688541412353516,-62.89081954956055,-58.7963981628418,-57.328670501708984,-59.31169509887695,-60.3975944519043,-57.98135757446289,-59.74639129638672,-63.57740020751953,-66.38147735595703,-67.73067474365234,2.495565414428711,2.559865951538086,2.3181207180023193,3.2902660369873047,3.9274814128875732,3.5851354598999023,3.173261880874634,3.013061046600342,4.594841480255127,5.406457424163818,4.795462608337402,3.679560661315918,4.816749095916748,4.788749694824219,4.824596405029297,5.428393840789795,4.547144889831543,4.22987699508667,5.699317455291748,5.1286940574646,3.798893451690674,4.802018165588379,5.694934844970703,7.428884983062744,7.905115127563477,7.056918144226074,6.521029472351074,8.103086471557617,6.970248699188232,5.473178863525391,4.604970932006836,4.269954204559326,-276.306640625,73.91488647460938,23.620880126953125,11.268839836120605,10.151299476623535,19.39243507385254,2.868232250213623,11.42750358581543,6.639748573303223,3.1274099349975586,22.92767333984375,9.632614135742188,4.824558734893799,3.805708408355713,4.731154441833496,4.235873222351074,4.370884895324707,2.6172494888305664,2.6503207683563232,2.481710433959961,0.30227863788604736,0.310136616230011,0.3959182798862457,0.5909826159477234,0.9367345571517944,0.8885732293128967,0.4733969271183014,0.41730746626853943,0.38366058468818665,0.36256933212280273,0.3278498351573944,0.3130669593811035,0.18989038467407227,0.16760887205600739,0.19331970810890198,0.16948045790195465,0.10357599705457687,0.13318437337875366,0.1685580462217331,0.23660384118556976,0.21714983880519867,0.2212516963481903,0.19701604545116425,0.1962994635105133,583.5553388003792,721.0625385187064,1504.1016774539844,0.010984628770301624,0.001610603416338563,890.0,900.0,895.0,894.0,904.0,899.0,4,viparita_swasa
P2,-9.111807823181152,-16.20001792907715,-29.257862091064453,-33.19943618774414,-37.7193489074707,-40.21501922607422,-42.38881301879883,-43.802825927734375,-41.75986099243164,-42.49897003173828,-45.340213775634766,-48.299766540527344,-47.8122673034668,-49.4478874206543,-51.81010437011719,-51.33769607543945,-54.670772552490234,-57.44236373901367,-57.13814926147461,-60.86528778076172,-64.87960052490234,-64.74990844726562,-63.948848724365234,-60.109779357910156,-58.870975494384766,-61.10749435424805,-61.36781311035156,-58.69301223754883,-60.56576156616211,-64.1646957397461,-66.70338439941406,-67.87889862060547,2.6931569576263428,2.567760467529297,2.508443832397461,3.3720462322235107,4.092494964599609,3.5771641731262207,3.247027635574341,3.607395887374878,5.3490800857543945,5.7292094230651855,5.213076114654541,3.6937074661254883,4.779443264007568,5.078155517578125,5.004378795623779,5.481255054473877,4.536124229431152,4.120213031768799,5.406048774719238,4.924028396606445,3.5898330211639404,4.490640640258789,5.372103691101074,6.937855243682861,7.563217639923096,6.313424110412598,5.586066246032715,7.260410308837891,6.131277084350586,4.748324871063232,4.189431190490723,4.055724620819092,-285.2042236328125,70.25187683105469,23.163555145263672,10.708320617675781,10.94893741607666,18.702138900756836,3.360729694366455,11.4174222946167,6.57356071472168,3.476572036743164,22.230405807495117,8.1751127243042,5.147068977355957,3.6168885231018066,4.857545852661133,4.11828088760376,3.893807888031006,2.6195461750030518,2.5450572967529297,2.4981300830841064,0.3272702693939209,0.35163015127182007,0.45292362570762634,0.6629756689071655,0.9463963508605957,0.8622440099716187,0.460030198097229,0.3993013799190521,0.3717498779296875,0.355572909116745,0.3350222110748291,0.32713279128074646,0.21143285930156708,0.18408845365047455,0.20981712639331818,0.16901709139347076,0.09975976496934891,0.1332962065935135,0.16595880687236786,0.22028137743473053,0.21700714528560638,0.22551865875720978,0.20746496319770813,0.21069122850894928,629.4128309626387,802.5739559164733,1599.5172261172172,0.011155697143271462,0.0017599633429199457,900.0,910.0,905.0,904.0,914.0,909.0,4,viparita_swasa
P2,-7.261379241943359,-14.142437934875488,-27.294931411743164,-31.46489143371582,-36.10230255126953,-38.513633728027344,-40.90297317504883,-42.29612731933594,-40.77580261230469,-41.33229446411133,-44.008602142333984,-47.030120849609375,-46.30260467529297,-48.06648635864258,-50.96966552734375,-50.241641998291016,-53.60792541503906,-56.385459899902344,-56.16550827026367,-59.997989654541016,-63.88260269165039,-63.829376220703125,-63.32562255859375,-59.72578430175781,-57.98805618286133,-59.77742385864258,-60.41640853881836,-58.36556625366211,-59.79788589477539,-63.285919189453125,-66.1624526977539,-67.35762023925781,2.4334044456481934,2.5451560020446777,2.390592336654663,3.327345609664917,3.983623504638672,3.6263439655303955,2.966379165649414,3.279129981994629,4.972848892211914,5.554385662078857,4.857444763183594,3.2022359371185303,4.5096588134765625,4.988666534423828,4.751477241516113,5.281106948852539,4.355768203735352,4.175654888153076,5.4931840896606445,4.990965843200684,4.0146074295043945,4.463817119598389,5.189015865325928,6.794180870056152,7.453754425048828,6.586760520935059,5.796372413635254,7.187310695648193,6.269233226776123,4.9446892738342285,4.141443729400635,3.9993035793304443,-278.7375183105469,72.3834228515625,23.61162757873535,11.066329002380371,11.18858528137207,19.06270408630371,3.2189455032348633,11.450955390930176,6.292688369750977,3.32702374458313,21.412403106689453,9.047493934631348,5.0612101554870605,3.8093392848968506,4.686023712158203,3.895326614379883,4.2834367752075195,2.6497881412506104,2.482914447784424,2.8022069931030273,0.3242872655391693,0.3334692716598511,0.4186665713787079,0.6266840100288391,0.9376067519187927,0.849648118019104,0.4396718740463257,0.39689692854881287,0.38662639260292053,0.37818437814712524,0.35105788707733154,0.3366527259349823,0.20953777432441711,0.18500611186027527,0.20811446011066437,0.1725555807352066,0.12121645361185074,0.1472526490688324,0.15903550386428833,0.21449339389801025,0.21576526761054993,0.23496636748313904,0.21448275446891785,0.21218113601207733,592.0513970620966,738.6738009353248,1529.8341185865117,0.010784104915893272,0.0016764034517109394,910.0,920.0,915.0,914.0,924.0,919.0,4,viparita_swasa
P2,-6.343596935272217,-13.167234420776367,-26.39581298828125,-30.208816528320312,-34.60475158691406,-36.71485900878906,-39.65999221801758,-41.37504577636719,-39.20288848876953,-39.578731536865234,-42.666770935058594,-45.58779525756836,-44.827537536621094,-46.848934173583984,-49.837947845458984,-48.789852142333984,-52.473445892333984,-55.67620086669922,-54.98655319213867,-58.82394790649414,-63.977577209472656,-63.37872314453125,-62.8571891784668,-58.711090087890625,-56.68593978881836,-58.299713134765625,-59.07122802734375,-57.252403259277344,-59.35589599609375,-63.243900299072266,-66.72901153564453,-67.9598388671875,2.469702959060669,2.3993582725524902,2.3815975189208984,3.2405076026916504,4.264524459838867,3.6583192348480225,3.0739712715148926,3.2864158153533936,4.993902206420898,5.4344482421875,4.7553486824035645,3.550957202911377,4.843985557556152,5.084867000579834,4.883114337921143,5.591029644012451,4.773741722106934,4.476890563964844,5.77515983581543,5.304204940795898,3.888643264770508,4.683948040008545,5.537186145782471,7.409693241119385,8.070534706115723,7.2631072998046875,7.127293109893799,8.348653793334961,7.29515266418457,5.755439758300781,4.471726417541504,4.066457271575928,-273.1718444824219,74.22119140625,22.586240768432617,11.010595321655273,9.957632064819336,20.229961395263672,1.840244174003601,11.985397338867188,6.052323818206787,2.7698593139648438,23.800745010375977,9.654216766357422,4.326004505157471,3.926429033279419,4.412815570831299,4.22417688369751,4.597692012786865,2.779956579208374,2.7438855171203613,2.586946964263916,0.3171941339969635,0.3618786036968231,0.48380669951438904,0.7603541016578674,0.9659491181373596,0.7790816426277161,0.3947288691997528,0.36026036739349365,0.35689347982406616,0.3435260057449341,0.3289237916469574,0.31860730051994324,0.17395128309726715,0.17091797292232513,0.2183080017566681,0.15301485359668732,0.09854250401258469,0.14056360721588135,0.17240092158317566,0.207614466547966,0.22047653794288635,0.21952320635318756,0.19660985469818115,0.1830606758594513,592.8217253228736,763.829178599913,1507.523584051728,0.011330164225638052,0.0016873072599992156,920.0,930.0,925.0,924.0,934.0,929.0,4,viparita_swasa
P2,-7.5510430335998535,-14.512468338012695,-27.549983978271484,-31.703948974609375,-35.7455940246582,-38.020912170410156,-40.77091979980469,-42.41215896606445,-40.70122146606445,-41.196590423583984,-43.65058517456055,-46.31999588012695,-45.539817810058594,-47.387451171875,-50.22758483886719,-49.48671340942383,-53.00559997558594,-56.03277587890625,-55.30951690673828,-58.51610565185547,-63.019657135009766,-63.10888671875,-62.96455383300781,-59.07514953613281,-57.1821174621582,-59.39568328857422,-59.98643112182617,-57.863224029541016,-59.82011413574219,-63.56211853027344,-66.45516204833984,-67.6593246459961,2.6292319297790527,2.4753804206848145,2.3688840866088867,3.193002700805664,3.8772122859954834,3.7473838329315186,3.280318021774292,3.3207039833068848,4.7014241218566895,5.3032965660095215,4.550349712371826,3.700406551361084,4.9585041999816895,5.112244606018066,4.941712379455566,5.479953289031982,4.592430114746094,4.037374973297119,5.175057411193848,4.917250633239746,4.182592868804932,4.646941661834717,5.090048789978027,6.972938537597656,7.567497253417969,6.436951160430908,6.056049346923828,7.490289211273193,6.203397274017334,4.706131935119629,3.8964335918426514,3.6867623329162598,-276.7851867675781,71.8326644897461,21.635271072387695,11.609578132629395,10.748714447021484,19.191123962402344,2.9141876697540283,11.254817008972168,5.627110481262207,3.297020673751831,21.55634307861328,8.182910919189453,5.866300106048584,3.5164928436279297,4.868502140045166,4.442698955535889,4.329371452331543,2.7386717796325684,2.6939587593078613,2.670619249343872,0.31612712144851685,0.3485756814479828,0.45959410071372986,0.6631638407707214,0.9397082924842834,0.8541283011436462,0.4440794885158539,0.3902861475944519,0.3810112178325653,0.37442734837532043,0.33838552236557007,0.3225100040435791,0.19515946507453918,0.18345078825950623,0.22029002010822296,0.18040373921394348,0.10989005863666534,0.15119177103042603,0.16522134840488434,0.22470836341381073,0.22618800401687622,0.23764224350452423,0.20185384154319763,0.19654503464698792,619.2390753589182,808.1945715813515,1557.9773648829055,0.011867160310324826,0.0016663428395986557,930.0,940.0,935.0,934.0,944.0,939.0,4,viparita_swasa
P2,-11.6587553024292,-18.676982879638672,-31.884504318237305,-35.6109619140625,-39.2496452331543,-41.86508560180664,-44.40361404418945,-46.28356170654297,-44.782066345214844,-45.05792236328125,-47.303192138671875,-49.99024200439453,-48.953758239746094,-50.42390441894531,-53.40641403198242,-52.689422607421875,-56.60105514526367,-59.89728927612305,-59.539608001708984,-63.31145477294922,-67.03225708007812,-66.47032928466797,-66.64346313476562,-62.63120651245117,-60.32136917114258,-62.709877014160156,-64.14485168457031,-61.64725112915039,-63.89397430419922,-68.115478515625,-71.51380157470703,-72.73312377929688,2.7530486583709717,2.3817989826202393,2.2185652256011963,3.251530885696411,4.020891189575195,3.937837839126587,3.599799156188965,4.047407627105713,5.048388481140137,5.656341552734375,5.679752826690674,4.923633098602295,6.122940540313721,6.668227672576904,6.581483364105225,6.6635332107543945,6.120166778564453,5.57827615737915,6.322170734405518,6.057393550872803,6.203681945800781,6.614534854888916,6.7516608238220215,8.208050727844238,8.812376022338867,7.969542980194092,7.361004829406738,8.594486236572266,7.461654186248779,5.78358793258667,4.576792240142822,4.329321384429932,-298.65472412109375,72.42115783691406,20.211999893188477,11.815226554870605,9.834718704223633,20.596019744873047,1.930435299873352,10.448668479919434,5.790356636047363,3.672027349472046,27.52066421508789,10.098254203796387,7.17085599899292,4.0192742347717285,4.899500370025635,4.67333984375,4.254499912261963,2.8443329334259033,2.7365896701812744,2.856522560119629,0.31812265515327454,0.33307498693466187,0.4229573905467987,0.6178799867630005,0.9290274977684021,0.8783901929855347,0.4776630401611328,0.4284001886844635,0.40195903182029724,0.3833827078342438,0.3505723476409912,0.330883651971817,0.1796225905418396,0.1645742505788803,0.19821977615356445,0.175123393535614,0.12082815170288086,0.1323343813419342,0.18248462677001953,0.24908415973186493,0.227903351187706,0.22734345495700836,0.19431398808956146,0.18461599946022034,625.4426449394165,888.0822555648202,1534.5844012665643,0.01160206097737819,0.0018177034799009562,940.0,950.0,945.0,944.0,954.0,949.0,4,viparita_swasa
P2,-6.635447978973389,-13.513919830322266,-26.991378784179688,-30.96440887451172,-34.893768310546875,-37.46908950805664,-39.94694519042969,-41.448856353759766,-40.21975326538086,-40.97697830200195,-43.22930145263672,-46.01879119873047,-44.97907257080078,-46.57605743408203,-49.506622314453125,-48.74813461303711,-52.59181213378906,-55.8002815246582,-55.214508056640625,-58.85481643676758,-63.35258102416992,-63.107147216796875,-63.10813522338867,-58.522071838378906,-56.21847915649414,-58.725982666015625,-60.40255355834961,-58.2758674621582,-60.387779235839844,-64.65784454345703,-68.07503509521484,-69.25082397460938,2.4377784729003906,2.4192304611206055,2.3535008430480957,3.176218032836914,3.8075006008148193,3.722111463546753,3.193504571914673,3.472403049468994,4.802993297576904,5.122407913208008,4.969049453735352,3.733570098876953,5.11455774307251,5.338472843170166,5.207278251647949,5.516641139984131,4.831496238708496,4.58122444152832,5.731526851654053,5.446639537811279,4.4745306968688965,5.364780902862549,5.974905490875244,8.034512519836426,8.663651466369629,7.654844760894775,6.991907119750977,8.352261543273926,7.503278732299805,5.675919532775879,3.9803919792175293,3.6359710693359375,-275.5355224609375,74.64427947998047,20.641263961791992,12.640846252441406,9.85517406463623,20.5997314453125,1.8265162706375122,11.025476455688477,6.329249858856201,3.3402435779571533,24.3226318359375,9.87855339050293,4.855008602142334,4.053244590759277,4.853823184967041,4.636538028717041,4.235927104949951,2.7122642993927,2.6444735527038574,2.696016788482666,0.32171326875686646,0.3388504981994629,0.44155097007751465,0.634646475315094,0.9396225214004517,0.8693780303001404,0.4423551857471466,0.3747899532318115,0.37170538306236267,0.3712243139743805,0.3461408019065857,0.333452433347702,0.19442231953144073,0.17915832996368408,0.2185538411140442,0.18994063138961792,0.10954955220222473,0.13457658886909485,0.15350070595741272,0.21948446333408356,0.22104695439338684,0.23592284321784973,0.20618198812007904,0.19770745933055878,582.5681417544785,792.5317892618909,1464.5505523405106,0.011596396461716937,0.0017066228901967406,950.0,960.0,955.0,954.0,964.0,959.0,4,viparita_swasa
P2,-6.58396577835083,-11.670888900756836,-24.844017028808594,-29.1871337890625,-33.61342239379883,-35.88461685180664,-38.25897979736328,-39.79866027832031,-38.49876022338867,-39.25257110595703,-41.33699035644531,-44.25044250488281,-43.57058334350586,-45.30519104003906,-48.49038314819336,-47.28352355957031,-51.153324127197266,-54.53300094604492,-53.87528991699219,-57.45016860961914,-62.22785949707031,-61.93190002441406,-61.30942916870117,-57.1280632019043,-55.3622932434082,-57.579322814941406,-58.32222366333008,-56.1450080871582,-58.009490966796875,-61.91464614868164,-64.79984283447266,-66.02375793457031,2.4134087562561035,2.564626455307007,2.474184989929199,3.291100025177002,3.9899778366088867,3.3570096492767334,2.99946928024292,3.441364288330078,5.075040817260742,5.326174736022949,4.95266056060791,3.8086094856262207,5.032391548156738,5.425623416900635,4.972180366516113,5.787161827087402,4.8392791748046875,4.062313556671143,5.423360824584961,5.048529624938965,3.50300669670105,4.523362159729004,5.1922807693481445,7.319541931152344,8.072009086608887,6.8416924476623535,6.340828895568848,7.834150314331055,6.592242240905762,4.83043909072876,3.686486005783081,3.368070602416992,-266.15423583984375,73.36050415039062,22.262752532958984,10.788061141967773,10.348679542541504,19.578575134277344,2.177983522415161,10.813698768615723,5.944436073303223,2.870723247528076,22.94190788269043,8.26375675201416,4.986294269561768,3.6904826164245605,4.635372161865234,4.273421287536621,4.1342997550964355,2.529690980911255,2.553788661956787,2.5374755859375,0.2123768925666809,0.216274693608284,0.2806755304336548,0.52616286277771,0.9349475502967834,0.8737736344337463,0.4314870834350586,0.38742777705192566,0.35123851895332336,0.3222382962703705,0.26603418588638306,0.23001985251903534,0.1338411122560501,0.1365511119365692,0.17071551084518433,0.15034493803977966,0.1119113564491272,0.13511691987514496,0.17194460332393646,0.22835972905158997,0.2107221633195877,0.21888017654418945,0.1719849556684494,0.14586769044399261,624.8910567304381,829.1782033968967,1550.8971887352602,0.01165870613399072,0.0014909659512341022,960.0,970.0,965.0,964.0,974.0,969.0,4,viparita_swasa
P2,-6.069811820983887,-9.846831321716309,-23.310882568359375,-26.993152618408203,-30.963869094848633,-33.57359313964844,-36.233455657958984,-37.97898864746094,-36.35448455810547,-36.874210357666016,-39.112953186035156,-42.08673858642578,-41.56557083129883,-43.40521240234375,-46.30476760864258,-45.143714904785156,-48.928462982177734,-52.10511016845703,-51.63264083862305,-54.90552520751953,-59.68327713012695,-59.45814895629883,-58.92815017700195,-54.92236328125,-53.1744384765625,-54.934139251708984,-55.52001190185547,-53.43495178222656,-55.26166534423828,-58.9508056640625,-61.82783508300781,-63.10863494873047,2.26760196685791,2.6844048500061035,2.402118682861328,3.332509756088257,3.963172197341919,3.3449652194976807,2.787205934524536,3.57743239402771,5.047244548797607,5.40335750579834,4.925943851470947,3.5609560012817383,4.802755832672119,5.208468914031982,5.10017204284668,5.581066131591797,4.633795261383057,4.287104606628418,5.603824138641357,5.128519058227539,3.582412004470825,4.526483535766602,5.163095474243164,7.0781402587890625,7.776115894317627,6.722843647003174,6.274932861328125,7.6768388748168945,6.415031433105469,4.85575532913208,4.015134811401367,3.6946873664855957,-253.24929809570312,71.52841186523438,22.365026473999023,10.078048706054688,10.015361785888672,18.682004928588867,1.74069344997406,10.555455207824707,5.194555759429932,2.3665812015533447,22.522966384887695,8.490468978881836,5.375985622406006,3.701756715774536,4.687244415283203,4.154855251312256,4.253787994384766,2.613813638687134,2.631906747817993,2.4862020015716553,0.15205992758274078,0.14585237205028534,0.19810491800308228,0.4695921838283539,0.9344590306282043,0.8859320282936096,0.401197224855423,0.3633507490158081,0.33538681268692017,0.30679017305374146,0.24932147562503815,0.19003386795520782,0.10200285911560059,0.08989004790782928,0.10237699747085571,0.10552508383989334,0.11856670677661896,0.13181830942630768,0.16754767298698425,0.22944362461566925,0.21586093306541443,0.22170953452587128,0.1780642569065094,0.1364850550889969,727.1834759814667,1080.3572723317866,1690.4719247948692,0.013823684019721578,0.0013208542950451374,970.0,980.0,975.0,974.0,984.0,979.0,4,viparita_swasa
P2,-6.043087005615234,-9.862098693847656,-22.791296005249023,-26.745454788208008,-31.134597778320312,-33.42776107788086,-36.12491226196289,-37.61005783081055,-35.95541763305664,-36.70168685913086,-38.897064208984375,-41.76572036743164,-41.483821868896484,-43.511085510253906,-45.56214141845703,-44.80142593383789,-48.523048400878906,-51.785057067871094,-51.25071716308594,-54.71099090576172,-59.17127990722656,-59.182674407958984,-58.74169921875,-54.56147766113281,-52.81625747680664,-54.33452224731445,-55.14207077026367,-53.21207046508789,-54.99493408203125,-58.444053649902344,-61.37196350097656,-62.58492660522461,2.2533748149871826,2.634838342666626,2.316527843475342,3.351320266723633,3.933135986328125,3.690268039703369,3.1418862342834473,3.5236499309539795,5.241586208343506,5.698896408081055,4.940216541290283,3.846550226211548,4.929598808288574,5.281599998474121,5.2496490478515625,5.744145393371582,4.743292331695557,4.275440692901611,5.542762279510498,5.200215816497803,3.91033935546875,4.63266658782959,5.270277500152588,7.057337760925293,7.599737644195557,6.934738636016846,6.559000492095947,7.523972511291504,6.497522830963135,5.335947513580322,4.779735088348389,4.518815517425537,-251.59661865234375,71.0029525756836,22.28307342529297,9.987333297729492,10.094989776611328,18.58232307434082,1.6841663122177124,10.609831809997559,5.474968433380127,2.234795331954956,23.158605575561523,9.33408260345459,5.143510818481445,4.265359401702881,4.537831783294678,3.970628261566162,3.96106219291687,2.6433582305908203,2.4476358890533447,2.565988302230835,0.15741439163684845,0.14500340819358826,0.19895172119140625,0.5027303695678711,0.9453878402709961,0.8591281175613403,0.40534475445747375,0.3670941889286041,0.32332170009613037,0.28849363327026367,0.23670357465744019,0.18731792271137238,0.11569300293922424,0.09389308094978333,0.10123860836029053,0.09496788680553436,0.11049992591142654,0.14326532185077667,0.20083457231521606,0.24227002263069153,0.20935381948947906,0.20803485810756683,0.1759345680475235,0.14278946816921234,760.2965045372154,1182.4026722919084,1723.4693987625037,0.014348218169953596,0.0012812955537810922,980.0,990.0,985.0,984.0,994.0,989.0,4,viparita_swasa
P2,-5.568260669708252,-9.201805114746094,-21.956262588500977,-26.0456600189209,-30.663726806640625,-32.63404083251953,-35.1018180847168,-36.66777420043945,-35.59712219238281,-36.04393768310547,-37.998558044433594,-40.7319221496582,-40.15644836425781,-42.0041618347168,-44.2697868347168,-43.03866958618164,-47.10729217529297,-50.53422164916992,-50.005455017089844,-53.23158264160156,-58.02263641357422,-58.244625091552734,-58.020591735839844,-53.2984619140625,-51.59449768066406,-53.96855926513672,-54.49835205078125,-52.09917068481445,-54.20104217529297,-58.08674240112305,-61.17280960083008,-62.6573371887207,2.132185697555542,2.534456491470337,2.371853828430176,3.121495246887207,4.0980682373046875,3.724557876586914,3.1855034828186035,3.4838414192199707,5.145920276641846,5.709976673126221,5.036813735961914,3.9910855293273926,5.300755023956299,5.66848087310791,5.363798141479492,6.004611968994141,5.082991600036621,4.672051429748535,6.04193639755249,5.596252918243408,4.501775741577148,4.968000411987305,5.762351989746094,7.842589855194092,8.299348831176758,7.152446269989014,6.832102298736572,8.164072036743164,7.12825870513916,5.883966445922852,5.066789627075195,4.527139663696289,-246.50152587890625,71.14476776123047,20.463972091674805,10.454523086547852,10.295992851257324,18.943506240844727,1.0594497919082642,10.556602478027344,5.2129340171813965,2.588085412979126,24.574573516845703,10.163925170898438,5.668713569641113,4.095003128051758,4.992392539978027,4.5396952629089355,4.104109287261963,2.381481170654297,2.5130691528320312,2.5237321853637695,0.1486082822084427,0.14513841271400452,0.21141822636127472,0.5442858338356018,0.9659678936004639,0.8173596858978271,0.3802753686904907,0.35762426257133484,0.326457142829895,0.29499927163124084,0.24236032366752625,0.18355192244052887,0.09842067211866379,0.08866726607084274,0.1086650863289833,0.10082738846540451,0.0898115262389183,0.15069784224033356,0.18469589948654175,0.23107489943504333,0.211239293217659,0.2096664160490036,0.1666303128004074,0.12516461312770844,778.3015624220579,1252.2232091067285,1729.9172713789483,0.014650703306264501,0.0012848015176132321,990.0,1000.0,995.0,994.0,1004.0,999.0,0,breath_retention
P2,-6.663366794586182,-9.877099990844727,-23.584270477294922,-30.183509826660156,-36.1850471496582,-35.88913345336914,-36.732460021972656,-39.42416000366211,-40.89204406738281,-43.224178314208984,-44.627010345458984,-44.97260284423828,-46.64432144165039,-49.01521682739258,-51.473785400390625,-51.45751953125,-53.03330612182617,-55.85525131225586,-57.26203536987305,-59.306575775146484,-61.08542251586914,-62.81778335571289,-63.35280990600586,-62.85040283203125,-62.06826400756836,-62.19350051879883,-61.70457458496094,-60.62991714477539,-60.17396545410156,-60.645301818847656,-61.68380355834961,-62.955562591552734,2.398738384246826,2.502498149871826,2.3991949558258057,2.934839963912964,3.1502444744110107,2.8419361114501953,2.914076328277588,2.549816846847534,2.787168502807617,3.098705768585205,2.9792933464050293,2.857187032699585,2.7167060375213623,2.633866548538208,3.3855206966400146,3.286367416381836,3.575998544692993,4.200214385986328,4.493702411651611,4.585280418395996,4.402587890625,4.125538349151611,4.255256652832031,4.582568168640137,4.725464820861816,4.741020679473877,4.841073989868164,5.230855941772461,5.689838409423828,5.616640090942383,5.194772243499756,4.785629749298096,-275.5001525878906,75.77376556396484,28.344791412353516,9.777256965637207,15.502252578735352,12.595765113830566,6.587242603302002,9.697940826416016,5.648651599884033,5.315147399902344,15.968477249145508,10.565491676330566,3.9513144493103027,3.2744858264923096,2.546175003051758,2.8729617595672607,2.3059399127960205,2.432957172393799,2.3873441219329834,2.159236192703247,0.13168255984783173,0.12705469131469727,0.17643138766288757,0.43665656447410583,0.9342883825302124,0.8516784310340881,0.3986373543739319,0.3733183443546295,0.3413938581943512,0.3142300248146057,0.2410956174135208,0.17870621383190155,0.09937237948179245,0.09805777668952942,0.10533930361270905,0.10203874111175537,0.1271950751543045,0.1425967514514923,0.18872204422950745,0.258848637342453,0.22731369733810425,0.23085319995880127,0.17439429461956024,0.1333572417497635,607.777244570302,637.1030307424594,1590.4777427684398,0.013819152407192576,0.0009836070239543915,1000.0,1010.0,1005.0,1004.0,1014.0,1009.0,0,breath_retention
P2,-6.8467888832092285,-9.58180046081543,-23.70602035522461,-30.354154586791992,-37.278480529785156,-36.40126419067383,-37.133445739746094,-39.602413177490234,-41.60102844238281,-44.68289566040039,-45.85761642456055,-45.861576080322266,-47.80299377441406,-50.32339096069336,-53.53879165649414,-53.94127655029297,-55.85035705566406,-59.43196105957031,-61.174102783203125,-63.15008544921875,-65.13018798828125,-66.31753540039062,-67.0276107788086,-67.06846618652344,-66.5390625,-67.09992218017578,-66.79725646972656,-66.2824935913086,-66.382568359375,-66.6478500366211,-66.95479583740234,-67.46823120117188,2.318161725997925,2.2481091022491455,2.2866528034210205,2.704962730407715,2.352238178253174,2.5279436111450195,2.4058079719543457,2.4344513416290283,2.4238295555114746,2.331890106201172,2.1029253005981445,2.1951181888580322,1.969868779182434,1.8986680507659912,2.0991101264953613,1.929464340209961,1.8449045419692993,2.1722779273986816,2.5259032249450684,2.2248504161834717,2.25357985496521,2.459449529647827,3.117938995361328,3.5998640060424805,3.4183061122894287,2.774355411529541,2.8543944358825684,3.5565237998962402,3.6393187046051025,3.488704204559326,3.2352845668792725,2.931758165359497,-290.59197998046875,86.78306579589844,27.792848587036133,9.428363800048828,15.2367525100708,13.139872550964355,7.608236312866211,8.40792465209961,6.513761520385742,5.450334548950195,8.174860954284668,7.276999473571777,2.861739158630371,2.7985730171203613,2.510840892791748,2.2474300861358643,2.154095411300659,2.0894336700439453,2.163634777069092,2.038640260696411,0.12094080448150635,0.11413189023733139,0.16392114758491516,0.43144136667251587,0.953850269317627,0.8625258207321167,0.3770490884780884,0.336298406124115,0.29447609186172485,0.26179832220077515,0.20258504152297974,0.15667006373405457,0.08929715305566788,0.07416566461324692,0.08463893830776215,0.08904217183589935,0.09179884195327759,0.13532768189907074,0.16697527468204498,0.2294405996799469,0.2036055028438568,0.20446884632110596,0.14228545129299164,0.10962039232254028,440.6505275332234,402.9606724006671,1248.7686023406047,0.012961544736078886,0.0009183348738588393,1010.0,1020.0,1015.0,1014.0,1024.0,1019.0,0,breath_retention
P2,-6.408278942108154,-9.394718170166016,-23.149646759033203,-29.6351375579834,-35.796417236328125,-35.71438980102539,-36.817604064941406,-38.67990493774414,-39.76909637451172,-42.482234954833984,-44.001033782958984,-44.4412956237793,-45.9377555847168,-48.42322540283203,-51.497989654541016,-51.552711486816406,-53.69677734375,-57.21442413330078,-58.90093994140625,-61.251686096191406,-63.625579833984375,-64.99980926513672,-65.41313934326172,-65.04447174072266,-64.256591796875,-64.72340393066406,-64.896240234375,-64.55016326904297,-64.4714584350586,-65.1070556640625,-65.91989135742188,-66.57010650634766,2.4506921768188477,2.4969725608825684,2.535196304321289,3.450734853744507,3.9275877475738525,3.071462392807007,2.395050048828125,3.2229347229003906,4.51384973526001,5.613411903381348,4.818157196044922,3.9341118335723877,4.441176891326904,4.84470796585083,5.759040832519531,6.494256019592285,5.618124961853027,5.80741548538208,6.107512950897217,5.107494354248047,4.223012447357178,4.329820156097412,5.937750339508057,7.809023380279541,8.368539810180664,7.701229572296143,6.547041893005371,7.282203674316406,7.521063804626465,6.284807205200195,5.090282440185547,4.3196539878845215,-281.84271240234375,85.04292297363281,25.47149085998535,9.029802322387695,14.816389083862305,13.89677619934082,6.788797378540039,9.029755592346191,6.603394508361816,4.672524929046631,25.28948211669922,10.520255088806152,4.692732334136963,2.4587619304656982,3.408437728881836,3.503016233444214,3.749008893966675,2.289668083190918,2.2806148529052734,2.905118227005005,0.14339417219161987,0.13564524054527283,0.18440666794776917,0.43848609924316406,0.9397820830345154,0.863381564617157,0.38279989361763,0.3385811746120453,0.3034859895706177,0.2794305682182312,0.22215645015239716,0.17612294852733612,0.11682280153036118,0.10429151356220245,0.11034075915813446,0.1042020320892334,0.1110474094748497,0.1430390477180481,0.1725202053785324,0.22986288368701935,0.20821286737918854,0.2167229950428009,0.15965425968170166,0.12938189506530762,512.6208260904292,706.4739183040894,1306.2868929482263,0.014540811702436195,0.0009340780670754611,1020.0,1030.0,1025.0,1024.0,1034.0,1029.0,0,breath_retention
P2,-5.40499210357666,-8.649810791015625,-22.571468353271484,-29.500045776367188,-35.6453971862793,-35.2379150390625,-36.163204193115234,-38.759822845458984,-40.17387008666992,-43.087730407714844,-44.177040100097656,-44.28764343261719,-46.022891998291016,-48.356449127197266,-51.35253143310547,-51.719970703125,-53.37895202636719,-56.640663146972656,-58.46634292602539,-60.39846420288086,-62.399757385253906,-63.93691635131836,-64.88861083984375,-64.91419219970703,-64.38545227050781,-64.51387786865234,-64.15680694580078,-63.62028884887695,-63.67645263671875,-64.31031036376953,-64.74395751953125,-65.47631072998047,2.0997133255004883,2.3799471855163574,2.2177019119262695,2.5866169929504395,2.6269190311431885,2.3757901191711426,2.368300676345825,2.3365626335144043,2.4375593662261963,2.358853816986084,2.234020948410034,2.210444688796997,2.1314284801483154,2.1811110973358154,2.465258836746216,2.436265707015991,2.6282637119293213,3.1138970851898193,3.361356496810913,2.9917359352111816,3.048659324645996,3.0150086879730225,3.2066757678985596,3.387096881866455,3.2580299377441406,3.4165642261505127,3.5512468814849854,4.1541876792907715,4.37559700012207,4.079215049743652,3.703286647796631,3.1771035194396973,-279.4871520996094,83.91639709472656,26.528759002685547,9.965198516845703,15.803404808044434,13.169529914855957,7.243968963623047,9.123685836791992,5.997208595275879,5.415309906005859,9.931093215942383,8.333710670471191,3.560159683227539,2.7415921688079834,2.563852071762085,2.324801445007324,2.4082584381103516,2.31376576423645,2.2484569549560547,2.0724151134490967,0.1251499354839325,0.11923462897539139,0.17460496723651886,0.4853302836418152,0.9547325968742371,0.8355858325958252,0.3799918591976166,0.3491024971008301,0.3033185303211212,0.26654863357543945,0.20771998167037964,0.15960478782653809,0.08791572600603104,0.07125087827444077,0.07776876538991928,0.08752606809139252,0.10367544740438461,0.14474396407604218,0.18619292974472046,0.23152361810207367,0.2028263807296753,0.2022654265165329,0.16194894909858704,0.11998787522315979,437.2494325024029,388.7717404111079,1272.090970469409,0.01152275775812065,0.0010074777528643608,1030.0,1040.0,1035.0,1034.0,1044.0,1039.0,0,breath_retention
P2,-6.2656097412109375,-9.444169044494629,-23.07149314880371,-30.1143798828125,-36.523536682128906,-36.31938171386719,-36.98080062866211,-39.46238327026367,-41.2822151184082,-44.337379455566406,-45.511138916015625,-45.37904357910156,-47.203712463378906,-49.75224685668945,-52.991554260253906,-53.509822845458984,-55.24468994140625,-58.77174377441406,-60.61286544799805,-62.87881851196289,-64.72956848144531,-66.06257629394531,-66.71870422363281,-66.97061157226562,-66.45486450195312,-66.88312530517578,-66.66050720214844,-66.4044189453125,-66.72651672363281,-66.92047119140625,-67.14702606201172,-67.4273681640625,2.3312644958496094,2.567558765411377,2.328575372695923,2.719264030456543,2.2338614463806152,2.244701385498047,2.261720657348633,2.3052399158477783,2.3517613410949707,2.4294791221618652,2.075911521911621,2.098818302154541,1.9468454122543335,1.9641118049621582,2.2256839275360107,1.9209163188934326,1.7896651029586792,2.057396173477173,2.3531315326690674,2.11331844329834,2.307330369949341,2.547478199005127,3.2338504791259766,3.502865791320801,3.0589382648468018,2.8496041297912598,3.0303807258605957,3.5294692516326904,3.457226276397705,3.4487674236297607,3.255307197570801,3.141055107116699,-288.9879455566406,87.62581634521484,26.919225692749023,9.781381607055664,15.570310592651367,13.324132919311523,7.624197959899902,8.29084587097168,6.504644393920898,5.0978803634643555,8.15668773651123,7.18488883972168,3.061475992202759,2.56727933883667,2.3393502235412598,2.200291156768799,2.120145082473755,2.1618430614471436,1.9710583686828613,2.1592917442321777,0.1443723887205124,0.13384732604026794,0.18100623786449432,0.4661363959312439,0.9600422382354736,0.8596578240394592,0.39250481128692627,0.3561092019081116,0.31225696206092834,0.27979061007499695,0.22745922207832336,0.1809357851743698,0.09969116747379303,0.08674855530261993,0.0913737490773201,0.09099970012903214,0.08479345589876175,0.13051505386829376,0.1846582144498825,0.2398177534341812,0.2109813541173935,0.21049277484416962,0.1568560153245926,0.11976245790719986,412.2888226881059,369.96141331931557,1196.2083904279023,0.012384897041763342,0.0009477577405050397,1040.0,1050.0,1045.0,1044.0,1054.0,1049.0,0,breath_retention
P2,-5.9586896896362305,-9.4844388961792,-23.11488151550293,-28.604782104492188,-33.87068176269531,-34.738914489746094,-36.135738372802734,-38.163246154785156,-38.65719985961914,-40.62003707885742,-42.636173248291016,-43.524906158447266,-44.47446823120117,-46.35221481323242,-48.83284378051758,-48.88723373413086,-51.004783630371094,-53.74978256225586,-55.10993576049805,-57.906585693359375,-60.981563568115234,-61.823402404785156,-62.1848258972168,-60.898311614990234,-59.6654167175293,-59.766448974609375,-60.24339294433594,-59.714942932128906,-59.54526901245117,-60.98023223876953,-62.20473861694336,-63.56748580932617,2.2417376041412354,2.5090548992156982,2.247396230697632,3.327962636947632,4.518266677856445,3.4388010501861572,2.8220667839050293,3.1668810844421387,4.533742904663086,5.552473068237305,4.853259086608887,3.594529628753662,4.621797561645508,5.223483562469482,5.982816696166992,6.231230735778809,5.268810749053955,6.253482341766357,6.994548320770264,6.1931281089782715,4.743016242980957,5.804337024688721,6.74338960647583,8.574575424194336,9.313955307006836,9.184347152709961,8.060748100280762,8.525550842285156,8.692559242248535,7.421289443969727,6.224152565002441,5.330967426300049,-267.53448486328125,77.07286834716797,24.917139053344727,9.695945739746094,14.233685493469238,14.436797142028809,4.687661170959473,9.74996280670166,6.1899495124816895,4.047243595123291,27.60447883605957,13.719034194946289,4.899406433105469,2.941624402999878,4.07900333404541,3.432971239089966,4.309049606323242,2.3467230796813965,2.1816608905792236,2.9851951599121094,0.13642962276935577,0.1251731514930725,0.17215783894062042,0.43551528453826904,0.9310659766197205,0.8634157776832581,0.4071473181247711,0.37894129753112793,0.33537760376930237,0.3031028211116791,0.23954972624778748,0.18156693875789642,0.08742153644561768,0.07574829459190369,0.08071111887693405,0.09315744042396545,0.1277642697095871,0.1383890062570572,0.18115803599357605,0.24848516285419464,0.222089022397995,0.22907674312591553,0.1689484864473343,0.1241900771856308,653.7973162127747,998.4211861948955,1545.9494602604047,0.015440336789443156,0.0010252397041767836,1050.0,1060.0,1055.0,1054.0,1064.0,1059.0,0,breath_retention
P2,-6.446472644805908,-9.490159034729004,-23.452802658081055,-29.76714324951172,-35.82185363769531,-36.32817840576172,-37.180259704589844,-39.8760871887207,-41.216102600097656,-43.244842529296875,-45.059814453125,-45.48738098144531,-46.66489791870117,-48.884891510009766,-51.58610916137695,-51.42839050292969,-53.4744873046875,-56.56467819213867,-58.31511306762695,-60.630401611328125,-62.616783142089844,-63.97458267211914,-64.81968688964844,-64.3272476196289,-63.26195526123047,-62.9607048034668,-62.78108215332031,-62.013431549072266,-61.45611572265625,-62.297119140625,-63.41394805908203,-64.57933044433594,2.393857717514038,2.3107402324676514,2.1112043857574463,2.680546522140503,2.651499032974243,2.5008249282836914,2.56307053565979,2.3825600147247314,2.765728712081909,2.754716634750366,2.542614459991455,2.453509569168091,2.318453311920166,2.305251121520996,2.75734806060791,2.7441139221191406,2.431743860244751,2.594590663909912,2.62727952003479,2.6000492572784424,2.6219680309295654,2.69442081451416,3.193114995956421,3.1437015533447266,3.237100124359131,3.186933755874634,3.057173252105713,3.2096445560455322,3.2115249633789062,2.951988458633423,2.9770748615264893,2.6958096027374268,-279.20501708984375,79.14212799072266,28.12826919555664,9.662030220031738,16.14679718017578,13.724464416503906,5.886963367462158,9.546483039855957,5.716366291046143,5.135815143585205,9.526993751525879,6.0951642990112305,3.322042226791382,2.544297933578491,2.5932533740997314,2.6293129920959473,2.6356966495513916,2.33854603767395,2.1229054927825928,2.309138059616089,0.13517098128795624,0.12606731057167053,0.17084172368049622,0.4064346253871918,0.9408003091812134,0.8821747899055481,0.39508143067359924,0.34464606642723083,0.3081231415271759,0.27535009384155273,0.2191433310508728,0.17629162967205048,0.10035163909196854,0.08840432018041611,0.09956788271665573,0.09901928156614304,0.10236115753650665,0.12580318748950958,0.17261317372322083,0.23229597508907318,0.1916912943124771,0.19719916582107544,0.15869392454624176,0.1328285038471222,535.8355439610015,488.0443033098898,1467.3701345581235,0.012646597665313225,0.000962823280133307,1060.0,1070.0,1065.0,1064.0,1074.0,1069.0,2,meditation
P2,-6.035704612731934,-9.186938285827637,-23.127490997314453,-29.52001190185547,-35.971580505371094,-36.253662109375,-37.12651443481445,-40.04694747924805,-41.29171371459961,-43.5638313293457,-45.095516204833984,-45.32280349731445,-46.79874038696289,-49.130165100097656,-52.27734375,-52.11216735839844,-54.13985824584961,-57.77143478393555,-59.62772750854492,-61.815372467041016,-63.47130584716797,-64.75688171386719,-65.67980194091797,-65.67521667480469,-65.09280395507812,-64.86314392089844,-64.42281341552734,-64.06857299804688,-63.687557220458984,-64.29075622558594,-64.96166229248047,-65.69175720214844,2.2621002197265625,2.541898488998413,2.1907331943511963,2.6738903522491455,2.5779192447662354,2.6804497241973877,2.7746593952178955,2.605478525161743,2.5176849365234375,2.558826446533203,2.3257200717926025,2.454716205596924,2.3848087787628174,2.325779438018799,2.5553269386291504,2.5038270950317383,2.437380790710449,2.6433112621307373,2.6336193084716797,2.6345489025115967,3.0840303897857666,3.1523311138153076,3.5232253074645996,3.642850160598755,3.3537099361419678,3.387277603149414,3.3637495040893555,3.5205066204071045,3.643104314804077,3.4583046436309814,3.398099422454834,3.161058187484741,-283.3514404296875,83.2960433959961,27.901430130004883,9.61240005493164,16.323257446289062,13.735937118530273,6.9129958152771,8.804971694946289,5.82962703704834,5.195984363555908,10.479875564575195,7.232738971710205,3.0852622985839844,2.5718374252319336,2.6460516452789307,2.415637493133545,2.1512818336486816,2.1487650871276855,2.0621352195739746,2.198716163635254,0.1293230503797531,0.12394856661558151,0.18291306495666504,0.4802909791469574,0.9501218795776367,0.8329210877418518,0.3867254853248596,0.35765278339385986,0.31560391187667847,0.27842801809310913,0.2190636694431305,0.16672837734222412,0.09974128752946854,0.08394289761781693,0.10278479009866714,0.10578858852386475,0.11096026748418808,0.1531355232000351,0.19289715588092804,0.24149289727210999,0.2054695338010788,0.20901130139827728,0.16345633566379547,0.128824383020401,478.4817313705778,434.73588629277845,1340.5517101388014,0.012740628625290023,0.0009299498051404953,1070.0,1080.0,1075.0,1074.0,1084.0,1079.0,2,meditation
P2,-6.233875274658203,-9.634032249450684,-23.342866897583008,-29.698081970214844,-36.03740692138672,-36.21993637084961,-37.25719451904297,-39.849205017089844,-41.090782165527344,-43.070167541503906,-44.45768737792969,-44.96670913696289,-46.38404846191406,-48.62767028808594,-51.40935134887695,-51.443424224853516,-53.2959098815918,-56.103084564208984,-58.07221603393555,-60.55324935913086,-62.41780471801758,-63.82337188720703,-64.61170959472656,-64.03453826904297,-63.37858963012695,-63.54091262817383,-63.0595817565918,-61.83237838745117,-61.803436279296875,-62.89365768432617,-63.96207809448242,-65.12659454345703,2.3042473793029785,2.4912867546081543,2.2445220947265625,2.8727002143859863,3.069687604904175,3.016672372817993,2.7492458820343018,3.030190944671631,3.3079349994659424,3.7388973236083984,3.302133321762085,3.057034969329834,3.192858934402466,3.21232533454895,3.429349660873413,3.4324185848236084,3.4797987937927246,3.8201277256011963,3.835338592529297,3.650474786758423,3.7227468490600586,3.605170726776123,3.8002851009368896,3.7669641971588135,3.541048526763916,3.234558343887329,3.4230728149414062,4.12589168548584,3.8742754459381104,3.390597105026245,3.221684455871582,2.813023805618286,-278.99456787109375,79.88658142089844,27.029184341430664,9.87539291381836,15.96161937713623,13.97195053100586,6.241437911987305,9.737345695495605,5.487527370452881,5.080079078674316,12.229581832885742,7.371039390563965,5.431595325469971,3.577338218688965,2.7972843647003174,3.014734983444214,2.735382556915283,2.7369940280914307,2.637967348098755,2.3290770053863525,0.12730415165424347,0.12377393245697021,0.17746886610984802,0.4770560562610626,0.9458807706832886,0.8414386510848999,0.4136762022972107,0.3984975814819336,0.33782753348350525,0.28255459666252136,0.205290749669075,0.15692724287509918,0.10038478672504425,0.07426830381155014,0.08254651725292206,0.09775324910879135,0.11621079593896866,0.14256396889686584,0.20220701396465302,0.2687801420688629,0.22629070281982422,0.21519921720027924,0.16153277456760406,0.12352850288152695,536.2420676878754,518.995160237819,1441.316821715451,0.013764773056844547,0.0009477146668359637,1080.0,1090.0,1085.0,1084.0,1094.0,1089.0,2,meditation
P2,-7.485791206359863,-10.721590042114258,-24.921764373779297,-31.3315372467041,-37.519187927246094,-37.43635559082031,-38.759796142578125,-41.645809173583984,-42.958168029785156,-44.907859802246094,-46.15627670288086,-46.48115921020508,-48.22905349731445,-50.39689636230469,-53.21284103393555,-53.080562591552734,-55.000274658203125,-58.110843658447266,-60.14334487915039,-62.4423942565918,-64.06240844726562,-65.53433990478516,-66.54490661621094,-66.02790832519531,-65.40788269042969,-65.2953872680664,-64.88542175292969,-64.38471221923828,-63.952308654785156,-64.72232818603516,-65.5724868774414,-66.62940216064453,2.5047740936279297,2.3929708003997803,2.249028205871582,2.467967987060547,2.302154541015625,2.364619255065918,2.4815754890441895,2.4463701248168945,2.5025486946105957,2.5362656116485596,2.5063111782073975,2.2831063270568848,2.158191680908203,2.125312089920044,2.375006914138794,2.094060182571411,2.186835527420044,2.466195821762085,2.6306111812591553,2.4074296951293945,2.7808687686920166,2.9727721214294434,3.0535566806793213,3.4375011920928955,3.2257955074310303,3.129538059234619,3.273860216140747,3.6261754035949707,3.904287576675415,3.672367811203003,3.458026647567749,3.180939197540283,-288.8462219238281,80.8079833984375,27.47026824951172,10.002911567687988,16.333078384399414,13.852270126342773,6.574395656585693,9.299187660217285,5.717133522033691,5.043100357055664,9.066534996032715,7.305254936218262,3.429898262023926,2.6616814136505127,2.555586099624634,2.574523687362671,2.3560848236083984,2.4356307983398438,2.3312225341796875,2.2195680141448975,0.14742419123649597,0.13625474274158478,0.1783054620027542,0.4263191223144531,0.9299048781394958,0.8591448664665222,0.4047342538833618,0.3701435923576355,0.3276008665561676,0.29339519143104553,0.22652539610862732,0.17998722195625305,0.11963795870542526,0.11181498318910599,0.10987555980682373,0.10264553129673004,0.11342567205429077,0.14841492474079132,0.18976593017578125,0.24921998381614685,0.2090669870376587,0.2117425799369812,0.1502801924943924,0.12610533833503723,504.0460162018358,450.598512724768,1398.706207452001,0.012660192502900233,0.0009504917543381453,1090.0,1100.0,1095.0,1094.0,1104.0,1099.0,2,meditation
P2,-7.223175048828125,-10.375181198120117,-24.28561019897461,-30.700796127319336,-36.818603515625,-37.16359329223633,-38.07627487182617,-40.552799224853516,-41.917179107666016,-44.113250732421875,-45.46199035644531,-45.92173767089844,-47.33661651611328,-49.259071350097656,-51.993011474609375,-52.06355285644531,-53.52777099609375,-56.06853103637695,-58.36436080932617,-61.03469467163086,-62.78483963012695,-64.4012451171875,-65.3604965209961,-64.67440032958984,-64.11405944824219,-64.11131286621094,-63.72525405883789,-63.93628692626953,-63.99507141113281,-64.8236083984375,-65.7161865234375,-66.71221160888672,2.4017679691314697,2.448904514312744,2.2725579738616943,2.73787260055542,2.5787620544433594,2.6740386486053467,2.6579582691192627,2.866525173187256,2.736553192138672,3.0006134510040283,2.673062562942505,2.7649850845336914,2.8838798999786377,3.1406238079071045,3.4182214736938477,3.2435247898101807,3.8984906673431396,4.63160514831543,4.124694347381592,3.779561996459961,3.8768253326416016,3.626953363418579,3.5970633029937744,3.864279270172119,3.910194158554077,3.9618780612945557,4.411236763000488,4.07900857925415,3.68664813041687,3.3606724739074707,2.9244532585144043,2.712146043777466,-284.0116882324219,80.72000122070312,25.143779754638672,11.281517028808594,15.757673263549805,13.805018424987793,5.951932430267334,9.653945922851562,6.138616561889648,4.525557041168213,12.641791343688965,7.269613265991211,5.325887203216553,2.9599928855895996,2.8612968921661377,2.813318967819214,2.6500658988952637,2.765143632888794,2.551140069961548,2.3954250812530518,0.1335369497537613,0.1204490065574646,0.16728481650352478,0.4323433041572571,0.9367445707321167,0.8553033471107483,0.39968210458755493,0.36592936515808105,0.3271213173866272,0.29523420333862305,0.23016570508480072,0.17578507959842682,0.10568173974752426,0.0813409760594368,0.08267159014940262,0.09226979315280914,0.11279188841581345,0.15193653106689453,0.1826135218143463,0.2492583692073822,0.2263650894165039,0.23787632584571838,0.17314425110816956,0.12931682169437408,514.1625305537899,527.763320675029,1387.8687647925815,0.013191524071925755,0.0009424707968719304,1100.0,1110.0,1105.0,1104.0,1114.0,1109.0,2,meditation
P2,-6.133775234222412,-9.288814544677734,-23.209936141967773,-29.756729125976562,-35.460025787353516,-35.78851318359375,-36.80488204956055,-38.98353958129883,-40.3165168762207,-42.220829010009766,-43.42530059814453,-44.000762939453125,-45.49324035644531,-47.23527145385742,-49.62141036987305,-49.714805603027344,-51.07338333129883,-53.27712631225586,-54.777587890625,-57.685855865478516,-59.16586685180664,-60.53071594238281,-61.035301208496094,-60.1545295715332,-59.959896087646484,-59.84303283691406,-59.62162399291992,-59.340572357177734,-58.97416687011719,-59.81028747558594,-60.87846374511719,-62.21797561645508,2.2936441898345947,2.4095208644866943,2.324103593826294,2.8323214054107666,3.095473527908325,2.7523062229156494,2.4694581031799316,2.7923240661621094,2.9074251651763916,3.449389696121216,3.7829551696777344,3.1323015689849854,3.0514256954193115,3.665919065475464,3.589982271194458,3.42549467086792,3.8251829147338867,4.027770042419434,4.014257907867432,3.9699411392211914,3.6873579025268555,3.6255342960357666,3.6790106296539307,3.7057626247406006,3.6949880123138428,3.89786434173584,3.8799028396606445,3.9407925605773926,3.778920888900757,3.846663475036621,3.4227447509765625,3.18972110748291,-267.9582214355469,73.12228393554688,25.731143951416016,11.475021362304688,15.28818130493164,13.554651260375977,6.35510778427124,9.76814079284668,6.01838493347168,4.714332103729248,13.45667839050293,7.289106369018555,5.193013668060303,3.098982095718384,2.919994592666626,2.6662566661834717,2.674804449081421,2.6075375080108643,2.4537110328674316,2.367500066757202,0.12709501385688782,0.1254677027463913,0.18848806619644165,0.5407968163490295,0.9579004049301147,0.806638240814209,0.3774200975894928,0.3534276485443115,0.3164590001106262,0.27713632583618164,0.20871131122112274,0.15718108415603638,0.10892938077449799,0.09441868960857391,0.09339864552021027,0.10897212475538254,0.10857434570789337,0.15914343297481537,0.19612322747707367,0.23894205689430237,0.21611587703227997,0.2075195610523224,0.16364839673042297,0.12749986350536346,654.1910210296975,749.0906753008991,1641.8148112346603,0.013995885295823665,0.000930199574213475,1110.0,1120.0,1115.0,1114.0,1124.0,1119.0,2,meditation
P2,-6.967599868774414,-10.038276672363281,-24.08300018310547,-30.870790481567383,-36.75874710083008,-37.098628997802734,-37.96259307861328,-40.513206481933594,-41.76173782348633,-44.08355712890625,-45.40993881225586,-45.38584518432617,-46.75382614135742,-49.022705078125,-51.73374938964844,-51.830848693847656,-53.36531448364258,-55.753536224365234,-57.43943786621094,-59.940635681152344,-61.7573127746582,-63.394168853759766,-64.13848114013672,-63.49980163574219,-63.08247375488281,-62.838905334472656,-62.476463317871094,-62.336265563964844,-61.77645492553711,-62.521949768066406,-63.1953125,-64.30270385742188,2.424015998840332,2.6866648197174072,2.344555377960205,2.567378044128418,2.4377434253692627,2.292820453643799,2.4633431434631348,2.567188024520874,2.6564509868621826,2.695237874984741,2.637219190597534,2.578111410140991,2.6094279289245605,2.7992160320281982,2.885390281677246,2.6355764865875244,3.047203779220581,3.819805860519409,4.133395195007324,3.821059226989746,3.9036319255828857,3.8973848819732666,4.086297512054443,4.1375932693481445,4.044760704040527,4.160977840423584,4.44755220413208,4.539435863494873,4.677709579467773,4.639322757720947,4.278395175933838,3.9050331115722656,-279.6773986816406,76.94242095947266,26.67148208618164,10.797369956970215,16.28839111328125,13.439128875732422,6.754434585571289,9.578828811645508,5.798099517822266,4.792437553405762,13.318826675415039,9.176859855651855,3.937440872192383,2.683915138244629,2.759756326675415,2.5498976707458496,2.1163933277130127,2.585878372192383,2.2142956256866455,2.1909403800964355,0.13147667050361633,0.1241266131401062,0.17454403638839722,0.44332146644592285,0.9416795372962952,0.8667564392089844,0.3808134198188782,0.3318912982940674,0.2989867031574249,0.2755300998687744,0.2207130491733551,0.17115353047847748,0.09329372644424438,0.07762434333562851,0.09524799138307571,0.10352522134780884,0.10986921191215515,0.13500936329364777,0.1766522079706192,0.23541437089443207,0.20038889348506927,0.19662466645240784,0.14752383530139923,0.11878380179405212,572.5538887031948,609.099874474333,1515.4823809051704,0.01353592662412993,0.0009413831867277622,1120.0,1130.0,1125.0,1124.0,1134.0,1129.0,2,meditation
P2,-6.624264240264893,-10.331258773803711,-24.082719802856445,-30.76835060119629,-36.99025344848633,-36.87173843383789,-38.03040313720703,-40.81968688964844,-42.47297668457031,-44.703948974609375,-45.81026077270508,-45.92284393310547,-47.355186462402344,-49.417442321777344,-52.639564514160156,-52.80902862548828,-54.80353546142578,-57.603919982910156,-59.13633728027344,-60.618255615234375,-63.05763244628906,-65.16822814941406,-66.4569091796875,-66.72320556640625,-66.16722106933594,-65.48511505126953,-65.41737365722656,-65.82298278808594,-65.46033477783203,-65.34098815917969,-66.05125427246094,-67.03306579589844,2.4827165603637695,2.650348663330078,2.2390592098236084,2.6952390670776367,2.5146701335906982,2.4756672382354736,2.64486026763916,2.386498212814331,2.5697693824768066,2.4344897270202637,2.435483694076538,2.6494107246398926,2.383652448654175,2.6902389526367188,2.6367197036743164,2.1444180011749268,2.3143908977508545,3.1898934841156006,3.6060879230499268,4.2088165283203125,3.676731586456299,3.023254871368408,2.787065267562866,2.5014238357543945,2.475728988647461,3.159229278564453,3.4416725635528564,2.8834917545318604,3.226412534713745,3.7635650634765625,3.332296133041382,2.9446895122528076,-287.4382629394531,83.42462921142578,25.64729118347168,10.888460159301758,16.88529396057129,12.785867691040039,7.418786525726318,9.117002487182617,5.234067916870117,5.106883525848389,10.24363899230957,6.764646053314209,3.262030601501465,2.6441261768341064,2.429605007171631,2.4716970920562744,2.3541781902313232,2.2008581161499023,2.5943386554718018,2.298386812210083,0.13976527750492096,0.1335657387971878,0.18516585230827332,0.44708478450775146,0.9310376644134521,0.8709514737129211,0.43490731716156006,0.3968898057937622,0.33278796076774597,0.2826310396194458,0.22308699786663055,0.17563480138778687,0.10654187947511673,0.08887702226638794,0.09270241856575012,0.09990394115447998,0.1122916042804718,0.1431012898683548,0.19788819551467896,0.24923306703567505,0.21869875490665436,0.22821484506130219,0.17830246686935425,0.1393173485994339,459.2698630682831,412.92789751305105,1301.2305929734887,0.012404156395011601,0.000979941338300705,1130.0,1140.0,1135.0,1134.0,1144.0,1139.0,2,meditation
P2,-6.502713680267334,-11.798460960388184,-25.546045303344727,-32.0667724609375,-38.35322952270508,-38.815391540527344,-40.026954650878906,-42.93223571777344,-44.265140533447266,-46.783042907714844,-47.966651916503906,-48.310428619384766,-49.780052185058594,-51.918296813964844,-54.75463104248047,-54.5677375793457,-56.86057662963867,-60.27294921875,-62.272239685058594,-64.62487030029297,-66.0582275390625,-67.27928161621094,-68.2923583984375,-68.08154296875,-67.68558502197266,-67.7154541015625,-67.46082305908203,-67.31288146972656,-67.1007308959961,-67.66326141357422,-68.1957778930664,-68.95797729492188,2.405806064605713,2.5871784687042236,2.250704050064087,2.543619394302368,2.3542287349700928,2.4132819175720215,2.236179828643799,2.233907699584961,2.467031717300415,2.412060260772705,2.330130100250244,2.2768683433532715,2.115905523300171,2.1148056983947754,2.320486545562744,2.1503446102142334,2.4297192096710205,2.846558094024658,2.760331869125366,2.5390281677246094,2.927365303039551,3.0965452194213867,3.4266443252563477,4.148286819458008,3.805447816848755,3.468637228012085,3.639289140701294,3.863509178161621,4.066290855407715,3.8092682361602783,3.5165393352508545,3.0738534927368164,-298.7919006347656,84.52523040771484,27.91224479675293,11.31713581085205,16.90012550354004,14.323755264282227,7.186404705047607,8.723546028137207,6.5466485023498535,5.495422840118408,10.12399673461914,8.08249282836914,2.777311325073242,2.6257333755493164,2.413073778152466,2.3470687866210938,2.1732988357543945,1.898648738861084,2.0971364974975586,2.124131679534912,0.23270992934703827,0.2553199231624603,0.3532034754753113,0.6374444365501404,0.9733898043632507,0.8237355947494507,0.39145427942276,0.3395535349845886,0.3192659914493561,0.3020550012588501,0.27424156665802,0.2501859664916992,0.15766091644763947,0.15453343093395233,0.19142232835292816,0.14426067471504211,0.06841814517974854,0.14584049582481384,0.17214691638946533,0.2047155499458313,0.19785045087337494,0.20340317487716675,0.18342433869838715,0.16993190348148346,394.79155139994606,332.96527198738397,1193.6762543269838,0.01082149071925754,0.001181936007924378,1140.0,1150.0,1145.0,1144.0,1154.0,1149.0,2,meditation
P2,-6.355917453765869,-11.777356147766113,-26.052412033081055,-32.75062942504883,-38.801109313964844,-39.034568786621094,-40.447322845458984,-43.442230224609375,-44.6661376953125,-46.73283386230469,-48.2943000793457,-48.563514709472656,-50.14213943481445,-52.412994384765625,-55.23685836791992,-54.98360824584961,-57.24662780761719,-60.409339904785156,-62.490379333496094,-64.80073547363281,-66.50188446044922,-68.16816711425781,-69.0815658569336,-68.66632080078125,-67.98779296875,-68.14485931396484,-67.96957397460938,-67.74494934082031,-67.54637908935547,-68.14833068847656,-68.71891784667969,-69.6844711303711,2.6933016777038574,2.5078845024108887,2.38564133644104,2.4424526691436768,2.425462484359741,2.2859292030334473,2.40261173248291,2.3022797107696533,2.3749465942382812,2.3428242206573486,2.3536767959594727,2.272967576980591,2.084676742553711,2.0008559226989746,1.8774336576461792,2.138343334197998,2.0938966274261475,2.213252067565918,2.324246406555176,2.192713499069214,2.260390043258667,2.194530963897705,2.3366572856903076,2.592698574066162,2.474266529083252,2.07365083694458,1.990041971206665,2.101872444152832,2.3464999198913574,2.1981258392333984,1.9569206237792969,1.8093568086624146,-301.05145263671875,85.04132080078125,27.84441566467285,11.350776672363281,17.12845802307129,14.515825271606445,7.2485833168029785,9.469676971435547,6.651417255401611,5.34342622756958,6.220264434814453,4.412775039672852,2.9762306213378906,2.6217057704925537,2.6221914291381836,2.4628636837005615,2.2964565753936768,2.180187940597534,2.11698317527771,2.1856138706207275,0.2518446743488312,0.25757867097854614,0.3377823829650879,0.563717782497406,0.9489771127700806,0.8609240055084229,0.425900936126709,0.37027424573898315,0.3400948643684387,0.3212131857872009,0.28579333424568176,0.2698846757411957,0.17323742806911469,0.15834873914718628,0.1781197488307953,0.14899279177188873,0.0970442071557045,0.13880515098571777,0.18270090222358704,0.23542548716068268,0.21136996150016785,0.21469484269618988,0.18563871085643768,0.17913596332073212,355.1741101285236,281.4054909549014,1129.9899377008187,0.010026192720417633,0.0013140278169885278,1150.0,1160.0,1155.0,1154.0,1164.0,1159.0,2,meditation
P2,-7.025113105773926,-13.14253044128418,-27.453506469726562,-33.9046630859375,-39.90080642700195,-40.42219161987305,-41.15140914916992,-44.354576110839844,-46.0009880065918,-48.20531463623047,-49.862586975097656,-49.847774505615234,-51.14364242553711,-53.4317626953125,-56.419254302978516,-56.504451751708984,-58.60888671875,-61.96989059448242,-63.91674041748047,-66.20880126953125,-67.44740295410156,-68.94010925292969,-69.96898651123047,-70.2903060913086,-69.80144500732422,-69.78669738769531,-69.48328399658203,-69.4594497680664,-69.18716430664062,-69.65892028808594,-70.1335220336914,-70.80387878417969,2.442979097366333,2.5020029544830322,2.4585866928100586,2.724684238433838,2.508228063583374,2.8099184036254883,2.710597038269043,2.54642391204834,2.6328048706054688,2.853745460510254,2.4847607612609863,2.537581205368042,2.4534218311309814,2.3602073192596436,2.7020018100738525,2.7532339096069336,2.630230665206909,2.776961326599121,2.7760889530181885,2.8542346954345703,3.1146624088287354,3.1404783725738525,3.617575168609619,3.6237425804138184,3.1563050746917725,3.2621543407440186,3.2267754077911377,3.4517712593078613,3.7985095977783203,3.6749463081359863,3.1976449489593506,2.9169392585754395,-308.3756408691406,85.72211456298828,27.778501510620117,11.549159049987793,17.1832332611084,14.145265579223633,7.787405967712402,8.920598030090332,6.6618170738220215,6.145784854888916,10.71325397491455,7.147916316986084,3.15617036819458,2.574669361114502,2.5867421627044678,2.302884578704834,2.2901573181152344,2.3604912757873535,2.0499589443206787,2.03024959564209,0.28778713941574097,0.30439552664756775,0.3903314769268036,0.5943875908851624,0.9446281790733337,0.856769323348999,0.4348059594631195,0.37852194905281067,0.35219740867614746,0.33798345923423767,0.3032006323337555,0.29224082827568054,0.19695115089416504,0.18302281200885773,0.20918303728103638,0.17865699529647827,0.10414925217628479,0.1430850625038147,0.17015478014945984,0.22232811152935028,0.21260064840316772,0.22931179404258728,0.19188587367534637,0.1895034909248352,346.24427194727616,273.08697977088167,1107.348348227478,0.009437083091647331,0.0013400443131104112,1160.0,1170.0,1165.0,1164.0,1174.0,1169.0,2,meditation
P2,-6.203429222106934,-12.521339416503906,-26.514080047607422,-33.03342056274414,-38.98722839355469,-39.57300567626953,-40.60463333129883,-43.583438873291016,-45.0357551574707,-46.98504638671875,-48.19606399536133,-48.42070770263672,-49.634517669677734,-51.918575286865234,-54.99599075317383,-54.58701705932617,-56.315673828125,-58.89164733886719,-60.50651550292969,-63.37675476074219,-65.56021881103516,-67.15660095214844,-67.77754211425781,-66.1067123413086,-66.1155776977539,-66.47863006591797,-66.85918426513672,-66.53372192382812,-66.2888412475586,-67.00843811035156,-67.93801879882812,-69.07518768310547,2.4554593563079834,2.3955235481262207,2.47104549407959,2.7907216548919678,2.955765962600708,3.0594818592071533,2.859876871109009,2.863565444946289,3.1529033184051514,3.5052053928375244,3.463331699371338,3.3235461711883545,3.35626220703125,3.4420206546783447,3.2621681690216064,3.379199743270874,3.45481014251709,3.6188552379608154,4.124908447265625,3.451554298400879,3.056138515472412,3.0125181674957275,3.097407579421997,3.8384087085723877,3.753617286682129,3.6109375953674316,3.2419211864471436,3.581745147705078,4.07150936126709,4.085056304931641,3.2638139724731445,2.8428003787994385,-297.4768981933594,81.24335479736328,26.65910530090332,12.766263961791992,16.763957977294922,14.825510025024414,7.0007147789001465,9.761163711547852,6.834976673126221,4.729918956756592,11.823216438293457,7.351738452911377,5.223443031311035,3.864130735397339,2.847716808319092,2.782562017440796,2.524697780609131,2.573054790496826,2.76165509223938,2.7607741355895996,0.29517170786857605,0.3131202757358551,0.4044034779071808,0.6377183198928833,0.9549230337142944,0.8444609642028809,0.44986262917518616,0.410090833902359,0.3746621608734131,0.35280340909957886,0.32280904054641724,0.3051270544528961,0.19526271522045135,0.18112614750862122,0.20444422960281372,0.16162818670272827,0.09687014669179916,0.14255307614803314,0.17786304652690887,0.23855413496494293,0.22382988035678864,0.2261023223400116,0.2020917385816574,0.19593317806720734,391.4299313736922,315.9535419083527,1205.3524176280503,0.009796213384570766,0.0014026472344994545,1170.0,1180.0,1175.0,1174.0,1184.0,1179.0,2,meditation
P2,-6.96823787689209,-13.306282997131348,-27.37128257751465,-34.19020080566406,-40.607364654541016,-40.87110137939453,-41.630096435546875,-44.939918518066406,-46.50390625,-48.64991760253906,-49.977569580078125,-50.05815887451172,-51.50824737548828,-53.914669036865234,-56.771217346191406,-56.56414031982422,-58.74430847167969,-61.64117431640625,-63.409358978271484,-65.97944641113281,-67.90613555908203,-69.33336639404297,-70.41374206542969,-70.2904281616211,-69.60027313232422,-68.99918365478516,-69.21884155273438,-69.30625915527344,-69.12400817871094,-69.68695068359375,-70.2576904296875,-71.04829406738281,2.533865451812744,2.4699881076812744,2.213890314102173,2.591073989868164,2.400186061859131,2.4202866554260254,2.5782742500305176,2.2202770709991455,2.3297665119171143,2.288494825363159,2.2432079315185547,2.38926362991333,2.537099838256836,1.989671230316162,2.1211745738983154,2.2241392135620117,2.1877999305725098,2.347541570663452,2.370039701461792,2.2719273567199707,2.1083593368530273,2.039375066757202,2.0502045154571533,2.2500922679901123,2.197937488555908,2.361684560775757,2.1357228755950928,1.9638943672180176,2.1348915100097656,2.00034761428833,1.788084864616394,1.6336547136306763,-309.1456298828125,84.82870483398438,27.85315704345703,12.105445861816406,17.512264251708984,14.661722183227539,7.411986351013184,9.806743621826172,6.706905841827393,5.423348426818848,6.0751447677612305,4.134183883666992,3.06132173538208,2.549989700317383,2.4087557792663574,2.4829840660095215,2.3635058403015137,2.1968448162078857,2.1186635494232178,2.1169116497039795,0.282106876373291,0.2934686541557312,0.3784031271934509,0.5714059472084045,0.9379264712333679,0.8705164194107056,0.45977768301963806,0.40412697196006775,0.3783140182495117,0.3630959391593933,0.31671300530433655,0.2958928644657135,0.16030211746692657,0.14405907690525055,0.16779281198978424,0.15793785452842712,0.10949420183897018,0.13608740270137787,0.16581715643405914,0.24344563484191895,0.2265740931034088,0.2318938672542572,0.18070454895496368,0.16327956318855286,334.8691571157033,258.89804778132253,1096.131424145195,0.008997516676334107,0.0014178473502397537,1180.0,1190.0,1185.0,1184.0,1194.0,1189.0,2,meditation
P2,-8.12661361694336,-14.730259895324707,-28.9704532623291,-35.6496467590332,-41.49602508544922,-41.941497802734375,-42.87625503540039,-45.807861328125,-47.4026985168457,-49.606727600097656,-50.87596893310547,-51.36347961425781,-52.61613464355469,-54.72272491455078,-57.37770080566406,-57.34634017944336,-59.22526550292969,-62.20423126220703,-64.0460433959961,-66.50728607177734,-68.25773620605469,-69.32810974121094,-70.34130096435547,-70.11045837402344,-69.37454986572266,-69.03388977050781,-69.21170043945312,-69.17285919189453,-68.89457702636719,-69.36787414550781,-69.90794372558594,-70.82669067382812,2.621497869491577,2.4698286056518555,2.256571054458618,2.5164287090301514,2.4574174880981445,2.4804022312164307,2.3178234100341797,2.223574161529541,2.4664225578308105,2.4580671787261963,2.4037492275238037,2.444523572921753,2.319775104522705,2.276702642440796,2.6258718967437744,2.5502591133117676,2.7621970176696777,3.4111244678497314,3.6741621494293213,3.552478075027466,3.3929402828216553,3.45592999458313,3.6271581649780273,3.89791202545166,4.125410079956055,4.212291240692139,3.9686100482940674,3.827716827392578,4.195570468902588,4.226377487182617,4.144292831420898,3.625364303588867,-312.31512451171875,81.65784454345703,28.167930603027344,12.091629981994629,17.161394119262695,14.485440254211426,7.375994682312012,9.6235933303833,7.129517078399658,5.68328332901001,11.57537841796875,8.754884719848633,3.172801971435547,2.853079080581665,2.2884304523468018,2.3540947437286377,2.2832517623901367,2.4678268432617188,2.286771297454834,2.3694677352905273,0.3200330138206482,0.3317524790763855,0.4273296594619751,0.66352379322052,0.9517055153846741,0.8160412907600403,0.43199387192726135,0.3958326280117035,0.382842481136322,0.3737572431564331,0.3489812910556793,0.33413389325141907,0.19554756581783295,0.1770947128534317,0.2091851383447647,0.1631700098514557,0.09792859107255936,0.1510581076145172,0.18119195103645325,0.23043635487556458,0.22589214146137238,0.23587141931056976,0.21378009021282196,0.20500920712947845,378.0359276925588,302.41410328451275,1191.9861886965934,0.009527715342227377,0.0013934277230873704,1190.0,1200.0,1195.0,1194.0,1204.0,1199.0,2,meditation
P2,-7.302276134490967,-13.79658031463623,-28.125144958496094,-34.751708984375,-40.84062194824219,-41.18357467651367,-42.16496276855469,-45.61786651611328,-46.76935958862305,-49.15132141113281,-50.43194580078125,-50.4832649230957,-52.51861572265625,-54.58388900756836,-57.43596649169922,-57.33963394165039,-59.49888610839844,-62.6418571472168,-64.78111267089844,-67.14573669433594,-68.7807846069336,-70.13261413574219,-71.13783264160156,-70.93914031982422,-70.37350463867188,-70.22261810302734,-70.1172866821289,-69.81024169921875,-69.50031280517578,-70.0151596069336,-70.65855407714844,-71.5091781616211,2.5901451110839844,2.503129005432129,2.2577550411224365,2.5348522663116455,2.4490487575531006,2.545728921890259,2.400263786315918,2.264404535293579,2.46566104888916,2.559976100921631,2.0759780406951904,2.2865052223205566,2.1974775791168213,2.036475896835327,2.2400119304656982,2.129892349243164,2.2247605323791504,2.286630630493164,2.5425848960876465,2.3301501274108887,2.52105712890625,2.5560214519500732,2.699115037918091,2.767430305480957,2.5940659046173096,2.6810927391052246,2.7570154666900635,3.0475246906280518,3.246770143508911,3.1006906032562256,2.822006940841675,2.6090099811553955,-312.85260009765625,85.29194641113281,28.71455192565918,11.439988136291504,17.466941833496094,14.615939140319824,7.595449447631836,9.574400901794434,6.817934513092041,5.759654521942139,8.025186538696289,6.080499649047852,3.06904935836792,2.4166269302368164,2.2798495292663574,2.2115726470947266,2.1629207134246826,2.2918221950531006,2.333132743835449,2.170534610748291,0.30356475710868835,0.30526861548423767,0.3797537684440613,0.5951045751571655,0.9458451867103577,0.8493053317070007,0.4534713625907898,0.4150896966457367,0.3986210227012634,0.38361310958862305,0.3351251780986786,0.31609681248664856,0.21478284895420074,0.17855601012706757,0.18779264390468597,0.16016051173210144,0.09827723354101181,0.15464536845684052,0.17671002447605133,0.23133376240730286,0.22606369853019714,0.2375810593366623,0.20949171483516693,0.21464958786964417,332.2632128285908,252.85276337732017,1093.5459801329184,0.009346450841067286,0.0014392436714842916,1200.0,1210.0,1205.0,1204.0,1214.0,1209.0,2,meditation
P2,-7.586504936218262,-14.012351036071777,-28.209274291992188,-35.073429107666016,-41.06114196777344,-41.608707427978516,-42.42304229736328,-45.6037483215332,-47.0469856262207,-49.140960693359375,-50.26316452026367,-50.593143463134766,-52.297733306884766,-54.662174224853516,-57.508460998535156,-57.4792366027832,-59.91669845581055,-63.55651092529297,-65.64982604980469,-67.90547180175781,-69.36197662353516,-70.59733581542969,-71.66792297363281,-71.87545013427734,-71.43326568603516,-71.2758560180664,-71.16451263427734,-71.2951889038086,-71.3349609375,-71.62615203857422,-72.10621643066406,-72.65489196777344,2.53359055519104,2.3686625957489014,2.2060279846191406,2.7360196113586426,2.3367505073547363,2.320378065109253,2.341078758239746,2.3620715141296387,2.3640635013580322,2.5796027183532715,2.854457378387451,2.5736465454101562,2.167839288711548,2.2831156253814697,2.149977922439575,1.9894193410873413,1.949046015739441,1.966776728630066,1.7775628566741943,1.6697711944580078,1.9952398538589478,2.1140964031219482,2.2672226428985596,2.483539581298828,2.1777877807617188,2.212625026702881,1.8784725666046143,1.9430594444274902,2.1755266189575195,2.1301822662353516,1.8728487491607666,1.5925878286361694,-316.0754089355469,87.80363464355469,27.50528907775879,11.275825500488281,17.22740364074707,15.026344299316406,8.108851432800293,9.029454231262207,7.006248950958252,5.804600715637207,5.585097789764404,4.414292335510254,3.3326423168182373,2.83024525642395,2.455015182495117,2.4482927322387695,2.3815648555755615,2.152885675430298,2.176103353500366,1.9808967113494873,0.2806929349899292,0.3049485385417938,0.4088161885738373,0.6275392770767212,0.9516412615776062,0.8508288860321045,0.4313245713710785,0.36550605297088623,0.34057411551475525,0.3298468589782715,0.3021129071712494,0.2901109755039215,0.1692265123128891,0.15328368544578552,0.19548536837100983,0.16766835749149323,0.09541743993759155,0.14605429768562317,0.16493162512779236,0.20826290547847748,0.20098526775836945,0.21954892575740814,0.19058619439601898,0.1773800253868103,311.9820194373529,250.0799263159803,1028.8541861183191,0.008965795388631091,0.0013805885100737214,1210.0,1220.0,1215.0,1214.0,1224.0,1219.0,2,meditation
P2,-6.556757926940918,-12.488944053649902,-26.760696411132812,-33.262603759765625,-39.23693084716797,-39.543243408203125,-40.40821075439453,-43.570865631103516,-45.00943374633789,-47.16400909423828,-48.65633773803711,-48.65011978149414,-50.29164505004883,-52.24242401123047,-55.0591926574707,-55.21958923339844,-57.03224182128906,-59.8440055847168,-61.7945556640625,-64.16180419921875,-65.42405700683594,-66.83580017089844,-67.42716979980469,-67.05787658691406,-66.89117431640625,-66.62592315673828,-66.71233367919922,-66.36511993408203,-66.04153442382812,-66.6371078491211,-67.54179382324219,-68.62898254394531,2.522122621536255,2.83035945892334,2.5518534183502197,2.9029836654663086,2.913118600845337,2.9714527130126953,2.760606527328491,2.4189865589141846,2.564934730529785,2.7848846912384033,2.891427993774414,2.738863229751587,2.60223650932312,2.847898244857788,3.008911609649658,2.766807794570923,3.062830924987793,3.1812896728515625,3.4382481575012207,3.4555134773254395,3.5160627365112305,3.38018536567688,3.5928759574890137,3.8105647563934326,3.514303207397461,3.5435614585876465,3.316262722015381,3.792257785797119,4.051117897033691,3.7226297855377197,3.376122236251831,2.899958610534668,-298.6010437011719,80.83588409423828,28.062742233276367,12.064886093139648,16.429269790649414,14.500520706176758,7.375762939453125,9.351516723632812,6.62782621383667,5.894312381744385,11.809435844421387,7.137421131134033,4.042715072631836,3.10036563873291,2.6793627738952637,2.71358323097229,2.6599838733673096,2.5642824172973633,2.387157917022705,2.3135452270507812,0.28704702854156494,0.30837976932525635,0.40106481313705444,0.6801581382751465,0.9717843532562256,0.8209455013275146,0.40704795718193054,0.3642885386943817,0.34451085329055786,0.32610148191452026,0.30121544003486633,0.2905495762825012,0.19384534657001495,0.18679021298885345,0.21511775255203247,0.15173888206481934,0.07492519170045853,0.13731439411640167,0.17594482004642487,0.21971961855888367,0.2233179360628128,0.22000540792942047,0.1889560967683792,0.18652203679084778,392.0322505462232,311.232224749855,1226.3739458717523,0.009561702436194896,0.00138064322527498,1220.0,1230.0,1225.0,1224.0,1234.0,1229.0,2,meditation
P2,-7.183564186096191,-13.437837600708008,-28.143638610839844,-34.47941207885742,-40.458229064941406,-41.089317321777344,-41.904762268066406,-44.998233795166016,-46.540985107421875,-48.27710723876953,-49.897884368896484,-50.44169616699219,-51.76884078979492,-53.905372619628906,-56.583492279052734,-56.07852554321289,-58.74567794799805,-62.30268478393555,-64.48524475097656,-66.7276611328125,-68.6180648803711,-70.1509017944336,-71.24407196044922,-70.01432800292969,-69.63699340820312,-70.3022689819336,-70.40559387207031,-70.01058197021484,-69.86547088623047,-70.42314910888672,-71.13626861572266,-71.92628479003906,2.6876168251037598,2.6692545413970947,2.3662264347076416,2.6560890674591064,2.3910274505615234,2.377995014190674,2.2703514099121094,2.286043405532837,2.3962347507476807,2.5812463760375977,2.3028764724731445,2.1720261573791504,2.1906075477600098,2.38000750541687,2.256404399871826,2.6350791454315186,2.738006114959717,2.5013699531555176,2.232670545578003,2.2894811630249023,2.168423652648926,1.9919897317886353,2.094184398651123,3.739553451538086,3.5888772010803223,2.4495513439178467,2.1585028171539307,2.371793031692505,2.384075880050659,2.0111148357391357,1.900156855583191,1.6853258609771729,-311.3362731933594,86.30078887939453,27.148273468017578,11.526752471923828,17.363210678100586,15.078530311584473,7.228843688964844,9.281152725219727,7.566490650177002,5.636799335479736,7.813655853271484,4.444925785064697,2.9671030044555664,2.512375593185425,2.452850341796875,2.745715856552124,2.3827507495880127,2.056321859359741,2.3153586387634277,2.2847108840942383,0.30514660477638245,0.3140420913696289,0.40027913451194763,0.5823798179626465,0.9317978620529175,0.8660482168197632,0.4417979419231415,0.36659708619117737,0.35627055168151855,0.3584441840648651,0.32808375358581543,0.31810030341148376,0.2024019956588745,0.18026398122310638,0.20273877680301666,0.18372122943401337,0.11982963234186172,0.14626164734363556,0.15199634432792664,0.2090635746717453,0.21407590806484222,0.24001996219158173,0.21103739738464355,0.20646223425865173,323.30268082607796,254.12676959469258,1060.4701700459964,0.00914139537412993,0.0014209635555744171,1230.0,1240.0,1235.0,1234.0,1244.0,1239.0,2,meditation
P2,-6.435649871826172,-12.992629051208496,-27.448158264160156,-34.182823181152344,-40.0403938293457,-40.71138000488281,-41.37509536743164,-44.32352066040039,-45.922061920166016,-48.14340591430664,-49.535064697265625,-49.80827713012695,-51.343563079833984,-53.7700309753418,-56.71316146850586,-56.6606559753418,-59.154048919677734,-62.509220123291016,-64.78506469726562,-67.01026153564453,-68.42467498779297,-69.63699340820312,-70.56361389160156,-71.01030731201172,-70.44696044921875,-70.25048065185547,-69.97069549560547,-69.93463897705078,-69.83172607421875,-70.29763793945312,-70.78636932373047,-71.35118865966797,2.506023406982422,2.5490293502807617,2.225736618041992,2.5169432163238525,2.3159375190734863,2.1887454986572266,2.3836004734039307,2.3011088371276855,2.393533229827881,2.318587064743042,2.064093828201294,2.196932554244995,2.132570505142212,2.1492063999176025,1.931005597114563,1.938639760017395,1.7805129289627075,1.7699565887451172,1.8985638618469238,1.7917413711547852,1.6809288263320923,1.705686092376709,1.824155330657959,1.7920788526535034,1.7434070110321045,1.8918832540512085,1.7190287113189697,1.7530938386917114,2.0474298000335693,1.9395672082901,1.7634477615356445,1.6558085680007935,-310.3084411621094,87.30768585205078,28.176746368408203,10.999245643615723,17.190826416015625,14.851917266845703,8.080521583557129,9.296392440795898,7.063663005828857,6.181853771209717,4.669707298278809,3.767385244369507,2.785792112350464,2.507655620574951,2.3053553104400635,2.274284601211548,2.0849685668945312,2.1656980514526367,2.0406341552734375,2.070962905883789,0.31162989139556885,0.32844996452331543,0.4252573847770691,0.6268001794815063,0.9462963342666626,0.8599544167518616,0.43284714221954346,0.3635905385017395,0.34968146681785583,0.34524163603782654,0.3248036205768585,0.31921738386154175,0.20456494390964508,0.18160386383533478,0.20945635437965393,0.1799524426460266,0.09717915952205658,0.141013503074646,0.16067354381084442,0.21319325268268585,0.20512787997722626,0.21702581644058228,0.19377543032169342,0.19850954413414001,307.4705393404008,237.33986414225637,1032.876904413918,0.008894422491299304,0.0014459926169365644,1240.0,1250.0,1245.0,1244.0,1254.0,1249.0,2,meditation
P2,-10.847957611083984,-17.650224685668945,-32.004295349121094,-38.53282165527344,-44.148746490478516,-44.61802291870117,-45.598907470703125,-48.608612060546875,-50.03397750854492,-51.43059539794922,-52.16732406616211,-52.4377555847168,-53.733360290527344,-55.29912185668945,-57.57225036621094,-58.19700622558594,-60.60999298095703,-64.3435287475586,-66.82987213134766,-68.8223648071289,-69.40924835205078,-70.37749481201172,-72.0371322631836,-72.23957824707031,-72.11944580078125,-71.41463470458984,-71.52764892578125,-72.12476348876953,-72.48115539550781,-73.46780395507812,-74.54405975341797,-75.01979064941406,3.013791561126709,2.6226818561553955,2.3312530517578125,2.594149112701416,3.4126737117767334,3.160764694213867,3.0257349014282227,3.11458683013916,3.429250955581665,4.195657253265381,4.845982551574707,4.982666492462158,5.775156021118164,6.51492977142334,6.6812872886657715,5.934597492218018,5.993844509124756,5.582514762878418,5.209968566894531,5.495119571685791,6.614027500152588,7.072698593139648,6.223567962646484,5.3826141357421875,5.409093856811523,6.534427642822266,6.557754993438721,5.590607166290283,4.978227615356445,4.000655651092529,3.0676393508911133,2.8588168621063232,-325.313232421875,82.9717788696289,23.3529109954834,12.508759498596191,16.641510009765625,16.589046478271484,7.461610794067383,8.643178939819336,6.6658477783203125,6.642155647277832,22.389659881591797,8.201455116271973,9.638875007629395,2.9178760051727295,3.38981556892395,3.7869906425476074,2.7942609786987305,2.4295332431793213,2.861727476119995,2.709260940551758,0.31403648853302,0.34119468927383423,0.4451775848865509,0.6532538533210754,0.9503580927848816,0.8607964515686035,0.4542076587677002,0.3969770669937134,0.3652150332927704,0.3460387587547302,0.3176446259021759,0.3134581446647644,0.19425927102565765,0.17900961637496948,0.21666109561920166,0.18030154705047607,0.08874459564685822,0.13872018456459045,0.17385786771774292,0.22842173278331757,0.2146078646183014,0.21850554645061493,0.1843453049659729,0.1857878416776657,382.11424155970866,385.19952689965197,1141.8712121566068,0.0095707656612529,0.0015319292433559895,1250.0,1260.0,1255.0,1254.0,1264.0,1259.0,2,meditation
P2,-20.56643295288086,-27.39641571044922,-41.339439392089844,-47.83766555786133,-53.39064025878906,-54.46754837036133,-55.29288101196289,-57.951416015625,-59.689178466796875,-61.63840866088867,-62.81671905517578,-63.07756042480469,-64.68367004394531,-66.0634994506836,-68.79505157470703,-69.40555572509766,-71.69290161132812,-74.51238250732422,-76.86414337158203,-77.86468505859375,-77.9730453491211,-78.27224731445312,-78.65605926513672,-78.85182189941406,-78.764404296875,-78.56168365478516,-78.62846374511719,-78.76126861572266,-78.99166107177734,-79.48026275634766,-79.76205444335938,-79.92292022705078,3.872812032699585,2.907999038696289,3.3611934185028076,3.6238555908203125,4.099883556365967,3.73745059967041,3.8670578002929688,3.8610293865203857,3.9673361778259277,4.112227916717529,4.27680778503418,4.271515846252441,4.8270158767700195,5.677114486694336,5.82651424407959,5.053267955780029,4.977195739746094,5.408353805541992,4.842020511627197,4.8733296394348145,4.94448709487915,4.804586887359619,3.9835875034332275,3.5772111415863037,3.7666759490966797,4.285678863525391,3.7732081413269043,3.2030348777770996,2.2199933528900146,1.2595195770263672,0.747121274471283,0.3868322968482971,-375.1152038574219,75.130126953125,29.528961181640625,13.107757568359375,14.81472396850586,15.524382591247559,8.809958457946777,7.430745601654053,7.218225479125977,6.45852518081665,18.54056739807129,4.061123371124268,8.1458158493042,3.3907148838043213,3.166895866394043,2.535923480987549,3.051121711730957,2.22257137298584,2.2265148162841797,2.144183874130249,0.34490081667900085,0.37266433238983154,0.4805624186992645,0.6681480407714844,0.9453161954879761,0.8620442748069763,0.4430423676967621,0.37243589758872986,0.37095075845718384,0.3772062361240387,0.3556109666824341,0.35078343749046326,0.2093353569507599,0.18952779471874237,0.2186989188194275,0.18591740727424622,0.09906980395317078,0.1401306390762329,0.1519864797592163,0.19557227194309235,0.205337792634964,0.23378314077854156,0.21632923185825348,0.20972315967082977,358.74921959155984,316.15338602088167,1114.9928087361798,0.009638739849187936,0.0018234682502225041,1260.0,1270.0,1265.0,1264.0,1274.0,1269.0,2,meditation
P2,-7.205648422241211,-13.494242668151855,-27.821712493896484,-34.85735321044922,-40.97248077392578,-41.30669021606445,-41.89113998413086,-44.84882354736328,-46.42396926879883,-48.65317916870117,-50.002288818359375,-50.022640228271484,-51.63663101196289,-53.98351287841797,-56.52336502075195,-56.40032196044922,-58.723419189453125,-61.501792907714844,-63.76642990112305,-66.25574493408203,-67.40614318847656,-68.84756469726562,-69.82833099365234,-69.51563262939453,-69.1932373046875,-68.55623626708984,-68.4514389038086,-68.54917907714844,-68.65056610107422,-69.01812744140625,-69.9014663696289,-70.73253631591797,2.722327947616577,2.5418384075164795,2.366594076156616,2.5889289379119873,2.447524070739746,2.390720844268799,2.4647231101989746,2.380791664123535,2.5262057781219482,2.4704129695892334,2.5410375595092773,2.1998515129089355,2.4006564617156982,2.632244110107422,2.6936910152435303,2.5367867946624756,2.7479474544525146,3.056084156036377,2.875833511352539,2.777212142944336,3.0783207416534424,3.200563430786133,3.3880460262298584,3.7826879024505615,3.397127151489258,3.5990095138549805,3.6652121543884277,3.3033502101898193,3.3390533924102783,3.1451265811920166,2.84088134765625,2.6681289672851562,-308.4650573730469,83.02074432373047,27.881357192993164,11.965933799743652,16.98832130432129,15.136876106262207,7.509779930114746,9.888163566589355,7.074368476867676,5.9664130210876465,10.24364948272705,6.8044962882995605,3.2832589149475098,2.7843990325927734,2.6032047271728516,2.7587757110595703,2.372983694076538,2.278717517852783,2.267962694168091,2.132570505142212,0.31591615080833435,0.33171966671943665,0.42118653655052185,0.626028299331665,0.9495070576667786,0.8667912483215332,0.42695140838623047,0.36195242404937744,0.3402841091156006,0.3271065950393677,0.3084462285041809,0.3135647475719452,0.20581521093845367,0.18199723958969116,0.20478229224681854,0.17039592564105988,0.09595850855112076,0.14036937057971954,0.1657009720802307,0.21686333417892456,0.2034214287996292,0.21219269931316376,0.20000003278255463,0.2043663114309311,357.2780448449579,283.4039320801914,1143.7946948257966,0.009314729553364268,0.0014369176933541894,1270.0,1280.0,1275.0,1274.0,1284.0,1279.0,2,meditation
P2,-7.264009475708008,-13.748241424560547,-27.71465492248535,-34.321044921875,-40.68476104736328,-40.91054916381836,-41.57889175415039,-44.708187103271484,-46.48728561401367,-48.252140045166016,-49.38529586791992,-49.896697998046875,-51.37009811401367,-53.35456085205078,-56.34426498413086,-56.295677185058594,-58.547855377197266,-62.11418151855469,-64.49761962890625,-66.46427917480469,-67.85768127441406,-69.04739379882812,-70.76034545898438,-70.69876861572266,-70.39507293701172,-70.08590698242188,-70.27859497070312,-70.68891143798828,-70.98816680908203,-71.52609252929688,-72.13204956054688,-72.70443725585938,2.538538932800293,2.3807921409606934,2.529074192047119,3.1213860511779785,3.093219041824341,3.4144973754882812,3.6063270568847656,3.494398593902588,3.159550905227661,3.4714813232421875,3.3454642295837402,3.082185745239258,3.6030173301696777,4.149363994598389,3.7785987854003906,3.2772555351257324,3.319223642349243,3.6377956867218018,3.5352494716644287,3.9109222888946533,4.23919677734375,4.507823467254639,3.960075616836548,3.843958616256714,3.645695686340332,4.076570987701416,3.440843343734741,2.903235673904419,2.5295357704162598,2.0925164222717285,1.8205338716506958,1.6734191179275513,-311.32208251953125,87.64591217041016,25.44447898864746,12.20986557006836,16.696285247802734,15.079329490661621,7.710068702697754,9.054433822631836,6.932815074920654,5.8741888999938965,13.976314544677734,3.9807374477386475,5.667942047119141,3.0655739307403564,3.852187156677246,2.454535722732544,2.7918453216552734,2.4041152000427246,2.5835108757019043,2.147325277328491,0.29817649722099304,0.323042094707489,0.4305110573768616,0.6586732268333435,0.957743227481842,0.8541693091392517,0.44178664684295654,0.39435887336730957,0.3592769205570221,0.3326855003833771,0.30699509382247925,0.30045801401138306,0.18320497870445251,0.17019589245319366,0.2146475613117218,0.17244960367679596,0.08777708560228348,0.13785845041275024,0.16308283805847168,0.22197888791561127,0.20755653083324432,0.20192399621009827,0.17544734477996826,0.18055032193660736,327.44564557904374,293.695903875435,1034.5984089833826,0.009660265008700696,0.001405001850798726,1280.0,1290.0,1285.0,1284.0,1294.0,1289.0,2,meditation
P2,-20.356082916259766,-26.99188804626465,-41.12580490112305,-47.88389587402344,-53.767574310302734,-54.2356071472168,-55.10227966308594,-58.21332931518555,-59.762516021728516,-61.67578887939453,-62.691566467285156,-62.87358474731445,-64.37147521972656,-66.48486328125,-69.09117889404297,-69.27532196044922,-71.86991882324219,-75.35189056396484,-77.42443084716797,-78.38069152832031,-78.37062072753906,-78.5536880493164,-79.13973999023438,-79.27603912353516,-79.20563507080078,-78.98442840576172,-79.19351959228516,-79.21676635742188,-79.37407684326172,-79.64935302734375,-79.73258209228516,-79.78944396972656,3.8131840229034424,2.928051233291626,3.1551074981689453,3.0815298557281494,3.4733541011810303,3.05849027633667,3.1707048416137695,3.3657944202423096,3.206815481185913,3.42319917678833,3.840153455734253,3.8808822631835938,3.983564853668213,4.763080596923828,4.718690395355225,4.233858585357666,4.294349193572998,4.563785552978516,4.177245140075684,4.10048246383667,4.129733085632324,3.957528591156006,3.167389154434204,2.8753774166107178,3.1629700660705566,3.7008719444274902,3.0296645164489746,2.816650152206421,2.136305570602417,1.4306548833847046,1.2815443277359009,1.131465196609497,-376.0774841308594,76.10287475585938,30.07822608947754,12.549088478088379,15.149697303771973,15.710055351257324,9.347921371459961,7.14788818359375,7.389860153198242,6.510402202606201,15.536746978759766,3.7896199226379395,6.285158157348633,2.834139823913574,2.679394245147705,2.6290969848632812,2.547640323638916,2.1059224605560303,2.0695102214813232,1.9910939931869507,0.31084758043289185,0.3192254304885864,0.4032881557941437,0.5905671119689941,0.9227201342582703,0.8695657253265381,0.4627487063407898,0.40340209007263184,0.38340136408805847,0.37504664063453674,0.3401826024055481,0.3263447880744934,0.20022107660770416,0.17781151831150055,0.20516040921211243,0.18046371638774872,0.11876552551984787,0.14042390882968903,0.1723853349685669,0.241447314620018,0.23685131967067719,0.24577419459819794,0.2068740278482437,0.20142826437950134,321.96990873808056,273.7614536506671,1029.7075719363281,0.009152724405452436,0.0016968848649412394,1290.0,1300.0,1295.0,1294.0,1304.0,1299.0,2,meditation
P2,-10.398884773254395,-15.190587997436523,-27.762203216552734,-34.7711296081543,-38.0798454284668,-40.534141540527344,-42.814857482910156,-45.53117752075195,-45.38008499145508,-45.36644744873047,-46.52445602416992,-47.75896453857422,-49.367984771728516,-51.41112518310547,-54.34282684326172,-55.09999465942383,-57.214778900146484,-59.95423889160156,-62.04164505004883,-63.2758674621582,-63.94708251953125,-65.05097198486328,-65.94695281982422,-66.24742889404297,-66.30004119873047,-66.92437744140625,-66.39569091796875,-64.75125885009766,-64.07982635498047,-65.09725189208984,-67.58533477783203,-69.70243072509766,2.6235082149505615,4.16085147857666,8.441483497619629,6.643587112426758,10.794363021850586,7.288173675537109,4.627774238586426,4.8959879875183105,7.2420334815979,9.323823928833008,8.882152557373047,8.296984672546387,7.061681747436523,6.2244343757629395,5.924968719482422,5.78050422668457,5.271910667419434,5.231509685516357,5.244251728057861,5.2397236824035645,5.0159196853637695,4.681848526000977,6.200188636779785,6.078210830688477,5.919200897216797,5.8592000007629395,6.56888484954834,7.9773149490356445,8.079474449157715,7.8419365882873535,6.232848644256592,5.089629650115967,-297.8421630859375,76.70818328857422,24.825759887695312,10.337836265563965,14.438034057617188,15.17468547821045,8.182947158813477,8.719366073608398,2.9862096309661865,5.660389423370361,27.832151412963867,12.585936546325684,9.33840560913086,6.930360794067383,7.077504634857178,4.905278205871582,3.86240291595459,4.326130390167236,6.830445766448975,4.055810928344727,0.3026708662509918,0.30876782536506653,0.3771247863769531,0.5472994446754456,0.8263357281684875,0.7590285539627075,0.373525470495224,0.3124699890613556,0.2916356325149536,0.2874663174152374,0.2988266348838806,0.33071619272232056,0.2189832478761673,0.21058373153209686,0.22176900506019592,0.25142231583595276,0.3132607638835907,0.30099040269851685,0.2007380723953247,0.228488951921463,0.2140434831380844,0.2202671617269516,0.2124866396188736,0.2558242678642273,582.244223846194,708.3724373731148,1472.2708866964028,0.013721722737819025,0.0016866171499714255,1300.0,1310.0,1305.0,1304.0,1314.0,1309.0,2,meditation
P2,-9.568998336791992,-10.723739624023438,-18.504547119140625,-24.783878326416016,-25.285606384277344,-37.89627456665039,-40.42763900756836,-45.08327102661133,-43.03865051269531,-43.03038787841797,-41.638187408447266,-44.49436569213867,-45.63418197631836,-51.0391731262207,-54.93441390991211,-55.53620147705078,-59.05427169799805,-63.32673645019531,-64.82128143310547,-65.73709106445312,-68.02800750732422,-68.6925277709961,-66.25585174560547,-68.25886535644531,-64.6740951538086,-61.51389694213867,-61.3869743347168,-61.879371643066406,-62.184181213378906,-62.78626251220703,-69.44145202636719,-72.03375244140625,2.6202685832977295,3.8087048530578613,7.324069976806641,7.922349452972412,10.854584693908691,6.476539611816406,4.744742393493652,4.718174934387207,5.768202781677246,7.06973934173584,7.922183990478516,6.985698223114014,8.032562255859375,5.840292930603027,4.88802433013916,4.686523914337158,4.2876482009887695,3.4502384662628174,4.088837623596191,4.267149925231934,3.7392704486846924,3.9486958980560303,5.0774407386779785,4.742310047149658,4.67891263961792,6.677605628967285,6.915846347808838,6.9490156173706055,6.353391170501709,5.873204708099365,4.053940296173096,2.954213857650757,-288.4455261230469,87.39751434326172,35.5533447265625,8.323568344116211,10.5537109375,22.08702278137207,2.034453868865967,6.849743843078613,-4.715953826904297,-0.884159505367279,19.635513305664062,11.193069458007812,7.264750003814697,7.139482498168945,6.233920574188232,5.648980140686035,6.468164443969727,5.0503034591674805,7.246248722076416,5.43978214263916,0.1755051165819168,0.17981252074241638,0.2026958465576172,0.34862732887268066,0.40252983570098877,0.2791633903980255,0.20580054819583893,0.21977120637893677,0.38597577810287476,0.6450380682945251,0.41814976930618286,0.2021934539079666,0.23477892577648163,0.20018625259399414,0.21104951202869415,0.2967987656593323,0.326847642660141,0.23386359214782715,0.248674675822258,0.25553905963897705,0.2996059060096741,0.38666659593582153,0.31197571754455566,0.21795392036437988,532.5552635420132,644.4473018779003,1335.390188896155,0.019565237093967517,0.0018335370114073157,1310.0,1320.0,1315.0,1314.0,1324.0,1319.0,2,meditation
P2,-11.458407402038574,-13.272001266479492,-23.711471557617188,-32.310054779052734,-35.93306350708008,-40.61237335205078,-43.138858795166016,-47.37875747680664,-47.02156066894531,-45.69987106323242,-46.10441589355469,-46.533607482910156,-47.42251205444336,-52.38724136352539,-56.839900970458984,-57.37548828125,-59.43475341796875,-62.375282287597656,-64.58100128173828,-66.34104919433594,-67.34385681152344,-68.11952209472656,-68.12445831298828,-69.21015167236328,-66.27853393554688,-64.07353973388672,-63.85158157348633,-65.52255249023438,-66.67440032958984,-67.03111267089844,-70.40057373046875,-72.36778259277344,2.5799219608306885,4.851367473602295,7.593391418457031,7.178481101989746,9.769354820251465,5.728946208953857,4.728679180145264,3.783540725708008,4.65244197845459,6.584321975708008,7.308801651000977,7.993825435638428,7.440891742706299,6.173335075378418,6.205932140350342,5.621891498565674,6.013243198394775,5.9852681159973145,5.496951580047607,5.692816257476807,6.590874195098877,6.64368200302124,5.692333698272705,5.395629405975342,5.749266147613525,7.631224155426025,7.5355963706970215,5.899641036987305,5.046692848205566,5.06053352355957,4.79841947555542,4.146129131317139,-302.0989685058594,81.98694610595703,29.01089859008789,10.300196647644043,12.59591007232666,20.810718536376953,5.797246932983398,8.342557907104492,-0.32785436511039734,0.9567201137542725,23.676259994506836,10.62292194366455,9.3128080368042,7.828751087188721,5.597126007080078,5.670149326324463,6.627202987670898,5.178887844085693,6.666012287139893,5.001245975494385,0.22183452546596527,0.19898569583892822,0.22522704303264618,0.32009589672088623,0.4965130090713501,0.4760584533214569,0.26409515738487244,0.33966749906539917,0.48378467559814453,0.49466466903686523,0.38660815358161926,0.22525721788406372,0.2571418583393097,0.1974325329065323,0.21323171257972717,0.2615325450897217,0.36503860354423523,0.35124289989471436,0.19576142728328705,0.27644848823547363,0.3469372093677521,0.3291093409061432,0.33643731474876404,0.21160395443439484,517.2671397299669,576.1755569351798,1366.5487585985184,0.014770791038283063,0.0018526167841628194,1320.0,1330.0,1325.0,1324.0,1334.0,1329.0,2,meditation
P2,-6.63336706161499,-6.598968505859375,-16.94497299194336,-26.80579376220703,-32.111568450927734,-38.017086029052734,-39.94325637817383,-44.03853988647461,-44.18803024291992,-42.60780715942383,-43.93350601196289,-44.3656120300293,-46.52920913696289,-51.46797561645508,-55.235435485839844,-54.52218246459961,-56.89793395996094,-60.494380950927734,-61.90603256225586,-63.3002815246582,-66.51213836669922,-66.95280456542969,-67.18852996826172,-66.5452651977539,-61.467735290527344,-59.46625900268555,-60.5959358215332,-63.40180969238281,-66.15657806396484,-66.52230834960938,-69.03643798828125,-70.12445831298828,2.6114485263824463,5.03530740737915,7.248988628387451,6.4458394050598145,7.100544452667236,4.579375743865967,4.0164361000061035,2.4843642711639404,3.6109654903411865,6.392921447753906,6.374056816101074,8.4010009765625,7.163081169128418,4.661003589630127,4.08383846282959,4.753879547119141,4.852517127990723,3.9913482666015625,5.599143028259277,5.523988246917725,4.053522109985352,4.523478984832764,4.6239800453186035,5.918357849121094,6.927410125732422,8.57868480682373,8.797772407531738,6.249371528625488,5.099286079406738,4.891429901123047,3.526714563369751,2.8055179119110107,-286.4687805175781,86.65016174316406,32.834327697753906,14.044791221618652,12.522744178771973,22.68415069580078,4.568710803985596,9.637327194213867,1.6526588201522827,-2.443863868713379,20.33305549621582,11.081774711608887,7.075735092163086,6.1352715492248535,6.932682991027832,7.984995365142822,5.441623687744141,3.4011390209198,6.379110813140869,6.656696319580078,0.14372438192367554,0.1404416710138321,0.17273898422718048,0.23636533319950104,0.397289514541626,0.4080142080783844,0.23748779296875,0.20470741391181946,0.5302600264549255,0.7943664193153381,0.3390866219997406,0.16620709002017975,0.18449072539806366,0.1709292083978653,0.19799809157848358,0.24948985874652863,0.3560957908630371,0.3688393831253052,0.23006446659564972,0.1942439079284668,0.24054481089115143,0.31062471866607666,0.1853760927915573,0.20283950865268707,434.62034403279887,465.21211345345125,1178.0538803597804,0.015503779364849188,0.0018865467282012105,1330.0,1340.0,1335.0,1334.0,1344.0,1339.0,2,meditation
P3,-7.197500228881836,-13.91076374053955,-28.4027099609375,-34.243282318115234,-39.700469970703125,-39.07421875,-40.077056884765625,-42.10983657836914,-42.959739685058594,-45.082401275634766,-44.12981414794922,-45.89682388305664,-48.046852111816406,-48.63278579711914,-51.13968276977539,-52.41729736328125,-54.69459915161133,-56.50627136230469,-58.29364013671875,-60.056793212890625,-62.97187805175781,-66.31900024414062,-67.52656555175781,-67.1776123046875,-66.15248107910156,-67.38450622558594,-66.9082260131836,-64.47740173339844,-63.49945068359375,-64.91529846191406,-66.68719482421875,-68.05242919921875,2.6076619625091553,2.4267890453338623,3.2420175075531006,4.130820274353027,5.328018665313721,4.877007007598877,4.418523788452148,5.118470668792725,4.7075982093811035,3.8607606887817383,3.7886946201324463,3.5855159759521484,4.13879919052124,4.054304122924805,4.321938514709473,4.861314296722412,4.818264007568359,4.327625751495361,4.4345245361328125,4.67512321472168,4.8515753746032715,4.6465935707092285,4.931294918060303,5.458593368530273,6.135586261749268,5.464371681213379,5.672301292419434,6.998996257781982,7.491528034210205,6.997481346130371,6.207742691040039,5.869968891143799,-290.7348327636719,79.4013900756836,21.090444564819336,8.101340293884277,18.05146598815918,13.277392387390137,7.7484331130981445,11.747140884399414,4.987748622894287,6.729156970977783,21.34839630126953,10.982258796691895,5.112736225128174,4.088141918182373,4.149037837982178,4.240533351898193,4.151512145996094,3.564444065093994,3.2679548263549805,3.244368076324463,0.31207478046417236,0.3382418751716614,0.44690001010894775,0.6351498961448669,0.9387080073356628,0.8391498327255249,0.4521053433418274,0.37728795409202576,0.36190807819366455,0.35608941316604614,0.3283153176307678,0.3192976713180542,0.19968904554843903,0.1850053071975708,0.21345438063144684,0.1882151961326599,0.12516507506370544,0.15628167986869812,0.17029032111167908,0.22446487843990326,0.2200617492198944,0.22221536934375763,0.19244903326034546,0.19570797681808472,528.9961301757487,646.595626087587,1406.0690723403445,0.011142102305684454,0.0014562627766281366,0.0,10.0,5.0,10.0,20.0,15.0,3,pranayama
P3,-6.955454349517822,-14.101277351379395,-29.210338592529297,-35.36302947998047,-41.39596176147461,-41.04197692871094,-41.78972244262695,-43.801063537597656,-44.72929382324219,-46.05813217163086,-45.24391555786133,-47.25475311279297,-49.5005989074707,-50.24614334106445,-53.4028434753418,-55.2606315612793,-56.3891716003418,-57.788414001464844,-59.429969787597656,-61.25962829589844,-64.0433578491211,-66.61815643310547,-67.6801528930664,-67.5844497680664,-67.0406494140625,-67.6905288696289,-66.80827331542969,-64.27616119384766,-63.17082214355469,-64.13306427001953,-65.54572296142578,-67.2666015625,2.771118402481079,2.5855116844177246,2.1874160766601562,2.6669564247131348,2.72298002243042,2.6761438846588135,2.448434829711914,2.4848616123199463,2.595740556716919,2.582669258117676,2.4402084350585938,2.3766422271728516,2.4580881595611572,2.416533946990967,2.7948191165924072,2.7860543727874756,2.7481324672698975,2.6455705165863037,2.997105836868286,3.6396303176879883,3.892751932144165,4.103277206420898,4.848219871520996,5.139969348907471,4.766693592071533,4.588820934295654,4.855906963348389,5.880610466003418,6.215844631195068,5.814101219177246,5.475183963775635,4.868908405303955,-295.5848083496094,76.31971740722656,24.53233528137207,8.35440444946289,18.56549835205078,13.723005294799805,9.748000144958496,12.504989624023438,4.811179161071777,6.661643981933594,14.627155303955078,10.971807479858398,3.755119800567627,2.7805516719818115,2.9056544303894043,2.4373409748077393,2.350926399230957,2.3144888877868652,2.5022594928741455,2.3648757934570312,0.32538703083992004,0.35189124941825867,0.4676961898803711,0.7096875309944153,0.9560349583625793,0.7929378151893616,0.4196968972682953,0.3754262924194336,0.36654168367385864,0.35605478286743164,0.3268272280693054,0.3254276514053345,0.21634772419929504,0.19203276932239532,0.21958111226558685,0.1650516539812088,0.10851651430130005,0.15497161448001862,0.17433848977088928,0.2294129729270935,0.2367931306362152,0.23974013328552246,0.20632284879684448,0.21568576991558075,510.3364099720801,476.37840324100927,1450.7454876424556,0.010074907555104408,0.0014733034186065197,10.0,20.0,15.0,20.0,30.0,25.0,3,pranayama
P3,-9.000601768493652,-16.126352310180664,-31.14725112915039,-37.37688446044922,-43.44213104248047,-42.735408782958984,-43.49958419799805,-45.73231887817383,-46.83222198486328,-48.247352600097656,-47.384735107421875,-49.43931198120117,-51.61347579956055,-52.76449966430664,-56.70335006713867,-58.024635314941406,-59.00048828125,-60.52568817138672,-62.58731460571289,-64.73363494873047,-67.65721893310547,-70.66600799560547,-72.59015655517578,-72.71489715576172,-72.06587982177734,-72.36004638671875,-71.51094055175781,-69.77778625488281,-68.8276596069336,-69.47891998291016,-70.92623138427734,-72.29536437988281,2.78900408744812,2.61952543258667,2.2924327850341797,2.767582654953003,3.5257608890533447,3.226383686065674,2.760929584503174,2.854583501815796,2.4912900924682617,2.5784966945648193,2.579469680786133,2.527994155883789,2.318254232406616,2.322144031524658,2.3577985763549805,2.315410614013672,2.41050124168396,2.5742697715759277,2.7750847339630127,2.875465154647827,3.1203205585479736,3.330186367034912,3.1250548362731934,3.37626051902771,3.8713600635528564,3.8051297664642334,4.033240795135498,5.272335529327393,6.011115550994873,5.51927375793457,4.584636688232422,3.7278571128845215,-314.27154541015625,83.6146011352539,22.78261375427246,8.008673667907715,18.952037811279297,13.075956344604492,9.609006881713867,12.880107879638672,4.6711201667785645,6.176642894744873,13.184455871582031,7.969913005828857,3.8649861812591553,2.898390769958496,2.713322639465332,2.5192854404449463,2.805051803588867,2.1229755878448486,2.8268885612487793,2.186904191970825,0.3211616575717926,0.34796908497810364,0.4704541265964508,0.6872461438179016,0.9493765234947205,0.8134161829948425,0.4337664842605591,0.37385520339012146,0.34427863359451294,0.3272097706794739,0.315519243478775,0.3201775848865509,0.21226529777050018,0.18640847504138947,0.22265535593032837,0.1791362464427948,0.10401637852191925,0.15681876242160797,0.16963036358356476,0.22137627005577087,0.2173849493265152,0.23258405923843384,0.20849573612213135,0.20989619195461273,419.99839371913896,365.71472592807424,1248.3968672987257,0.009639872752320186,0.0014443645486608148,20.0,30.0,25.0,30.0,40.0,35.0,3,pranayama
P3,-7.462062358856201,-14.665700912475586,-29.48550796508789,-35.67583084106445,-42.268436431884766,-41.29835510253906,-42.15574264526367,-44.32170867919922,-45.69529342651367,-47.003353118896484,-45.963077545166016,-48.054443359375,-50.57326889038086,-51.53315353393555,-55.085304260253906,-56.262779235839844,-57.6078987121582,-59.04953384399414,-61.12253952026367,-63.179161071777344,-66.23912048339844,-69.00841522216797,-70.23986053466797,-70.83721923828125,-70.19571685791016,-70.1529769897461,-69.80298614501953,-68.850341796875,-68.37979888916016,-68.94635009765625,-69.88557434082031,-70.92194366455078,2.6366355419158936,2.749545097351074,2.408329486846924,3.0304160118103027,3.1794815063476562,2.925938606262207,2.6977670192718506,2.744258165359497,2.6022086143493652,2.526522397994995,2.297668218612671,2.257305860519409,2.349191665649414,2.4473538398742676,2.5807087421417236,2.7431797981262207,3.05212664604187,2.854712963104248,2.9988861083984375,3.2411839962005615,3.354677438735962,3.8530092239379883,4.33015775680542,4.390671253204346,4.3856964111328125,4.604393005371094,4.441140651702881,4.904551029205322,5.298515796661377,5.024803638458252,4.388628959655762,4.004703521728516,-306.1637268066406,83.69686126708984,22.283475875854492,9.270955085754395,18.380678176879883,13.522592544555664,9.624646186828613,12.3077392578125,5.453552722930908,5.57883358001709,13.202958106994629,9.049182891845703,4.113063335418701,3.071991443634033,3.254101276397705,2.6878244876861572,2.7250912189483643,2.4589860439300537,2.608945369720459,2.4161176681518555,0.3094558119773865,0.3328695297241211,0.4431079626083374,0.6321824193000793,0.9374385476112366,0.8433902859687805,0.46853575110435486,0.39723244309425354,0.3566266596317291,0.3359338045120239,0.3077946603298187,0.3079175055027008,0.20021270215511322,0.18098703026771545,0.21463876962661743,0.19175828993320465,0.11131711304187775,0.15738549828529358,0.18046170473098755,0.2361605316400528,0.21074406802654266,0.2146247774362564,0.18800322711467743,0.1935873180627823,397.72660843589966,342.70767247317286,1202.4495179391888,0.009268280524941995,0.0015020916471257806,30.0,40.0,35.0,40.0,50.0,45.0,3,pranayama
P3,-7.736286640167236,-14.801506996154785,-29.71841049194336,-35.70194625854492,-41.350311279296875,-41.04410171508789,-41.87163162231445,-44.30055618286133,-44.43011474609375,-45.99507141113281,-45.36368179321289,-47.35310745239258,-49.45335006713867,-50.25132369995117,-52.858863830566406,-53.96049499511719,-55.163726806640625,-56.41644287109375,-58.131309509277344,-59.714378356933594,-62.2180290222168,-64.7262191772461,-65.73477172851562,-65.66129302978516,-65.6771469116211,-65.93177032470703,-65.45528411865234,-63.928279876708984,-63.564510345458984,-64.32740783691406,-65.2201919555664,-66.31526947021484,2.6625864505767822,2.433260679244995,2.3254621028900146,2.8681275844573975,3.496249198913574,3.0800111293792725,3.405268430709839,3.701798439025879,4.05946159362793,3.2829182147979736,3.12677001953125,3.283093214035034,3.083277463912964,3.6136014461517334,5.1015214920043945,5.262800693511963,5.092057228088379,5.320852756500244,5.176226615905762,5.336428642272949,5.795612812042236,5.633469581604004,6.387136936187744,6.497875213623047,5.714405059814453,5.96201753616333,5.891684532165527,6.353271484375,6.475874423980713,6.357421875,6.1348490715026855,6.154900074005127,-292.4552307128906,73.2447738647461,22.190526962280273,10.43777847290039,17.610973358154297,13.11353588104248,9.607868194580078,11.872745513916016,5.603057384490967,5.89469575881958,21.198312759399414,11.840816497802734,5.9288434982299805,3.443650007247925,2.8790626525878906,3.5056583881378174,2.9673893451690674,2.4139416217803955,3.1230733394622803,2.478060245513916,0.3186118006706238,0.342471718788147,0.4572467803955078,0.6710885763168335,0.9523507952690125,0.8393359184265137,0.43480536341667175,0.3654313087463379,0.3618461489677429,0.3634275496006012,0.3374246060848236,0.32810118794441223,0.20420031249523163,0.18399803340435028,0.21902808547019958,0.17919105291366577,0.09732276946306229,0.14534862339496613,0.15258176624774933,0.20995722711086273,0.22407975792884827,0.2389172464609146,0.20548342168331146,0.2039596140384674,574.6823054489533,651.4668263304815,1533.3200307074612,0.01109225456786543,0.0014641210436820984,40.0,50.0,45.0,50.0,60.0,55.0,3,pranayama
P3,-6.322620391845703,-13.793964385986328,-28.413148880004883,-34.01063919067383,-39.75016403198242,-39.417091369628906,-40.1804313659668,-42.458518981933594,-43.332035064697266,-44.925018310546875,-43.90385818481445,-45.37892532348633,-47.32113265991211,-48.51310729980469,-52.622352600097656,-54.08662796020508,-54.9281120300293,-55.72150421142578,-57.539215087890625,-59.84980392456055,-62.84201431274414,-65.17627716064453,-66.42121124267578,-66.44953918457031,-66.0868148803711,-66.39871978759766,-65.95451354980469,-64.4113540649414,-63.777671813964844,-64.40507507324219,-65.56289672851562,-66.9946060180664,2.817310094833374,2.7373881340026855,2.4502909183502197,3.442756175994873,4.800157070159912,4.408588409423828,4.3659820556640625,4.00901460647583,3.916994333267212,3.834157943725586,3.654914379119873,5.128125190734863,5.713838577270508,5.279870986938477,4.360287189483643,4.201341152191162,5.611906051635742,6.008803844451904,6.237560749053955,5.787362098693848,5.410090446472168,6.168938159942627,6.342360973358154,6.546709060668945,6.055202960968018,6.111319541931152,5.91677713394165,6.589600563049316,6.8832902908325195,6.674696445465088,6.026971817016602,5.349624156951904,-289.3744201660156,78.00298309326172,22.004301071166992,8.82921028137207,17.63471031188965,13.298832893371582,9.527284622192383,11.867340087890625,4.589529991149902,5.576938152313232,22.65591049194336,10.35246467590332,8.992387771606445,4.093873500823975,3.9591193199157715,3.7384538650512695,3.8545186519622803,3.1665422916412354,3.244457721710205,2.942643165588379,0.33204784989356995,0.3608306646347046,0.4851052761077881,0.67018723487854,0.9421067237854004,0.853095293045044,0.4642648696899414,0.3701145350933075,0.34871596097946167,0.34292474389076233,0.3282361328601837,0.3313630521297455,0.20308658480644226,0.18132200837135315,0.2159242331981659,0.19009652733802795,0.09611982852220535,0.14623862504959106,0.1628839671611786,0.209584578871727,0.20992924273014069,0.22616688907146454,0.2047424167394638,0.203567236661911,538.3409846734113,617.3184636020882,1431.9099899347825,0.011052602958236658,0.001480773207731545,50.0,60.0,55.0,60.0,70.0,65.0,3,pranayama
P3,-5.908555507659912,-13.622906684875488,-28.867172241210938,-35.30282211303711,-41.31611251831055,-40.72090530395508,-41.48890686035156,-43.8903694152832,-44.75941848754883,-45.916744232177734,-44.817413330078125,-47.05928421020508,-49.61117935180664,-50.69334411621094,-54.033042907714844,-55.2015380859375,-56.563926696777344,-58.119380950927734,-60.12712478637695,-61.73275375366211,-64.76345825195312,-67.31610107421875,-68.52401733398438,-68.75840759277344,-68.54022979736328,-68.84976196289062,-68.34178924560547,-67.40746307373047,-67.26276397705078,-67.89141845703125,-68.51300048828125,-69.45905303955078,2.662412166595459,2.8056771755218506,2.3940258026123047,2.585952043533325,2.703852891921997,2.359593391418457,2.4293549060821533,2.409207582473755,2.5010156631469727,2.548779010772705,2.469191312789917,2.261784076690674,2.203834056854248,2.335117816925049,2.8059210777282715,2.4698126316070557,2.471632719039917,2.3894381523132324,2.731762409210205,3.4041879177093506,3.5523040294647217,3.7856643199920654,4.687851428985596,5.174377918243408,4.642482280731201,4.307699203491211,4.721191883087158,5.656951904296875,6.023197650909424,5.852211952209473,5.413064956665039,4.846597194671631,-299.7037353515625,82.2492446899414,22.211210250854492,10.00621509552002,18.070499420166016,14.033028602600098,10.459314346313477,12.2540283203125,5.865551471710205,5.6584954261779785,13.732195854187012,10.948923110961914,3.976361036300659,2.6465673446655273,2.507390260696411,2.4558634757995605,2.2261972427368164,2.236954689025879,2.221963882446289,2.439030408859253,0.3352166414260864,0.353909969329834,0.46356648206710815,0.6416967511177063,0.9302446842193604,0.8362494707107544,0.47493037581443787,0.40379148721694946,0.3800049126148224,0.3717695474624634,0.3406175971031189,0.3359687626361847,0.21554364264011383,0.19020594656467438,0.22075824439525604,0.20048704743385315,0.11696039140224457,0.16434824466705322,0.1653982698917389,0.21972085535526276,0.21663177013397217,0.2355441153049469,0.20668724179267883,0.208363339304924,398.98115811283964,339.9348354118329,1202.3693209887053,0.009577563080046404,0.00155581533908844,60.0,70.0,65.0,70.0,80.0,75.0,3,pranayama
P3,-6.178309917449951,-13.154702186584473,-28.278770446777344,-34.46467208862305,-39.83553695678711,-39.36347961425781,-40.424320220947266,-42.601898193359375,-43.949275970458984,-44.75253677368164,-44.06767654418945,-45.84455108642578,-47.64501190185547,-49.21483612060547,-52.94905090332031,-54.17578125,-54.9935188293457,-56.1481819152832,-58.4401741027832,-59.76953887939453,-62.57610321044922,-65.33807373046875,-66.97725677490234,-66.4592056274414,-66.22648620605469,-66.82280731201172,-65.87783813476562,-64.05846405029297,-63.85078430175781,-64.40987396240234,-65.93801879882812,-67.60067749023438,2.5834579467773438,2.361112356185913,2.4982686042785645,3.0415749549865723,3.9937596321105957,3.598788261413574,3.1953656673431396,3.3656232357025146,3.328129768371582,2.8665595054626465,3.031155824661255,3.918391227722168,4.338936805725098,3.845980405807495,3.270268201828003,3.006265163421631,3.275341033935547,3.8753881454467773,3.4145071506500244,4.7596259117126465,4.991888046264648,5.023702144622803,4.794943332672119,6.046405792236328,5.758502006530762,5.312264442443848,5.391399383544922,6.068202972412109,6.353158950805664,6.351963996887207,5.6553955078125,4.985406398773193,-290.3358154296875,78.22627258300781,22.614044189453125,9.351706504821777,17.6052188873291,13.605023384094238,9.504595756530762,12.3897066116333,4.411585330963135,6.040989398956299,17.57431983947754,9.94368839263916,6.056967258453369,3.920428514480591,3.9539694786071777,3.428619623184204,3.9089291095733643,2.945775032043457,3.2587900161743164,2.858222007751465,0.33869919180870056,0.3544478416442871,0.46004143357276917,0.6548638343811035,0.9515743255615234,0.8213070631027222,0.43122389912605286,0.3663221597671509,0.3578011393547058,0.359243243932724,0.34024757146835327,0.34090113639831543,0.20748232305049896,0.18750964105129242,0.22014762461185455,0.1859295666217804,0.09985920041799545,0.15116772055625916,0.16499543190002441,0.2180631160736084,0.21349866688251495,0.22565774619579315,0.20172938704490662,0.20306164026260376,501.7920222345286,488.9186213022042,1390.076906477074,0.011325632613109048,0.00150436838157475,70.0,80.0,75.0,80.0,90.0,85.0,3,pranayama
P3,-6.057698726654053,-13.217575073242188,-27.981491088867188,-34.186744689941406,-40.42596435546875,-39.72502136230469,-40.646240234375,-42.88006591796875,-44.237098693847656,-45.37202453613281,-44.233585357666016,-46.70983123779297,-49.042564392089844,-50.22747039794922,-53.826045989990234,-55.036842346191406,-56.215450286865234,-57.67620849609375,-59.88365173339844,-61.814510345458984,-64.99999237060547,-68.13618469238281,-69.59788513183594,-69.9881820678711,-69.40830993652344,-69.60416412353516,-69.07696533203125,-67.92049407958984,-67.4803237915039,-67.9171371459961,-68.7291030883789,-69.80887603759766,2.7163476943969727,2.6075587272644043,2.3553614616394043,2.782395601272583,3.1168012619018555,3.1813571453094482,2.9070234298706055,3.053551197052002,2.90673565864563,2.594855546951294,2.699493646621704,2.6199986934661865,2.3834075927734375,2.4918107986450195,2.6990833282470703,2.4126968383789062,2.4204699993133545,2.462329864501953,2.4718525409698486,2.562173843383789,2.727614164352417,2.8365936279296875,3.103820323944092,3.4474029541015625,3.539702892303467,3.416987657546997,3.7637460231781006,4.824641227722168,5.461302280426025,5.340018272399902,4.552396297454834,3.6765739917755127,-299.117431640625,85.18057250976562,22.127973556518555,8.815986633300781,18.7369441986084,13.00794506072998,9.736376762390137,12.398768424987793,5.190767288208008,5.344911098480225,12.798417091369629,7.266443252563477,3.4748456478118896,3.325716495513916,2.737002372741699,2.6559090614318848,2.749248504638672,2.2126095294952393,2.3483803272247314,2.4071593284606934,0.35249656438827515,0.3608878552913666,0.4511873722076416,0.6194108128547668,0.9380005598068237,0.864766538143158,0.4771977663040161,0.3860733211040497,0.3675173819065094,0.36937379837036133,0.3447110950946808,0.3490619957447052,0.22353050112724304,0.1923399120569229,0.2076544612646103,0.19522036612033844,0.1099543496966362,0.14086629450321198,0.15344306826591492,0.2181529700756073,0.2178623229265213,0.23940414190292358,0.20776796340942383,0.21380291879177094,388.66988178207134,347.5538922020012,1174.2694060136967,0.009366843097447796,0.0014408124843612313,80.0,90.0,85.0,90.0,100.0,95.0,3,pranayama
P3,-7.887459754943848,-15.249652862548828,-30.28062629699707,-36.62282180786133,-42.470001220703125,-41.657344818115234,-42.82823944091797,-45.68586730957031,-46.62409210205078,-47.42555618286133,-46.60805892944336,-48.927303314208984,-51.29142379760742,-52.83427429199219,-56.46809005737305,-57.15690231323242,-58.51435470581055,-60.22795104980469,-62.272579193115234,-64.17562103271484,-67.30886840820312,-70.3705062866211,-72.06713104248047,-72.2531967163086,-71.42335510253906,-72.03526306152344,-71.56643676757812,-70.20320129394531,-69.56405639648438,-70.20752716064453,-71.16417694091797,-72.48163604736328,2.839236259460449,2.8299403190612793,2.3198163509368896,2.6627204418182373,2.737043619155884,2.741499423980713,2.4328408241271973,2.549833059310913,2.695305585861206,2.3380868434906006,2.442775011062622,2.486438512802124,2.0641109943389893,2.08937668800354,2.37357234954834,2.1737682819366455,2.168290615081787,2.1548843383789062,2.1409146785736084,2.1779074668884277,2.420029878616333,2.641808271408081,2.3607163429260254,3.0935680866241455,3.5211129188537598,2.987046957015991,3.2414350509643555,4.404128551483154,5.237098693847656,4.931350231170654,3.8341383934020996,2.8614301681518555,-312.1617736816406,85.51091003417969,22.431015014648438,9.128130912780762,18.672462463378906,13.231252670288086,9.770133972167969,12.534043312072754,5.078419208526611,5.405709743499756,10.086284637451172,6.986905097961426,3.7700657844543457,2.994570016860962,2.701965093612671,2.4547860622406006,2.5648715496063232,2.308532238006592,2.574561595916748,2.5094363689422607,0.333325058221817,0.35851171612739563,0.47285953164100647,0.6644843816757202,0.9458063840866089,0.8388708233833313,0.45068660378456116,0.37522071599960327,0.34131699800491333,0.3254563510417938,0.3107864260673523,0.32400771975517273,0.22273799777030945,0.19897474348545074,0.23989176750183105,0.2049826681613922,0.097674161195755,0.14878210425376892,0.164819598197937,0.21028834581375122,0.19867397844791412,0.21558016538619995,0.19971343874931335,0.21289008855819702,369.4959045210317,286.62641839472155,1153.0841370007429,0.009137996664733179,0.0014966909075155854,90.0,100.0,95.0,100.0,110.0,105.0,3,pranayama
P3,-10.85971450805664,-17.815509796142578,-32.71757125854492,-38.45606231689453,-43.9982795715332,-43.89316177368164,-45.098018646240234,-47.43421936035156,-48.608001708984375,-49.82476806640625,-48.66822814941406,-51.04465103149414,-53.580989837646484,-54.66962432861328,-57.86355209350586,-59.1708869934082,-60.425331115722656,-61.88215255737305,-63.809730529785156,-65.7432861328125,-68.7421646118164,-71.70222473144531,-73.26012420654297,-73.39633178710938,-72.43609619140625,-72.778564453125,-71.91656494140625,-70.15641021728516,-69.40409088134766,-69.72054290771484,-71.00968170166016,-72.98335266113281,2.5259392261505127,2.8610165119171143,2.4509456157684326,3.5113236904144287,4.5855207443237305,4.0854668617248535,3.3308396339416504,3.490790843963623,3.4423320293426514,2.736058473587036,2.7958180904388428,2.6571404933929443,2.825019359588623,2.7549939155578613,3.3636298179626465,3.1914474964141846,3.2031145095825195,3.1280109882354736,3.50433611869812,3.5457680225372314,3.6006252765655518,3.8166072368621826,3.991694211959839,4.683349609375,5.28119421005249,5.099304676055908,5.818199634552002,6.8434858322143555,7.302713871002197,7.455734729766846,6.623236179351807,5.262031078338623,-320.50848388671875,81.28172302246094,23.90575408935547,8.25168228149414,18.60658836364746,12.850798606872559,8.961542129516602,12.430907249450684,4.375868320465088,5.684135437011719,18.46200180053711,10.123103141784668,4.898971080780029,3.2644360065460205,2.881880044937134,2.8155534267425537,3.7626354694366455,2.358886957168579,2.6269164085388184,2.4749579429626465,0.31441351771354675,0.3350811302661896,0.4422973096370697,0.6479398012161255,0.9448715448379517,0.8284019231796265,0.44041574001312256,0.38244736194610596,0.3500688672065735,0.32967251539230347,0.30592653155326843,0.3101082742214203,0.2075752168893814,0.19699960947036743,0.231838196516037,0.18834728002548218,0.10419512540102005,0.15067066252231598,0.17052170634269714,0.21955962479114532,0.20246052742004395,0.2102171927690506,0.18801668286323547,0.19860325753688812,494.631379689029,496.58763912050466,1378.2854296371784,0.01037059527262181,0.0014417823404073715,100.0,110.0,105.0,110.0,120.0,115.0,3,pranayama
P3,-6.990222930908203,-13.8572359085083,-29.066293716430664,-35.047637939453125,-41.41232681274414,-41.121917724609375,-42.0368537902832,-44.45681381225586,-45.50978088378906,-46.52977752685547,-45.494598388671875,-47.85541915893555,-50.26615905761719,-51.54180908203125,-55.48517990112305,-56.35649108886719,-57.74392318725586,-59.30274200439453,-61.524356842041016,-63.44348907470703,-66.62913513183594,-69.75516510009766,-71.55229187011719,-71.86883544921875,-71.18221282958984,-71.46958923339844,-70.87098693847656,-69.79924011230469,-69.4642333984375,-69.8071517944336,-70.69013977050781,-71.78642272949219,2.7755658626556396,2.497523784637451,2.4212329387664795,3.298074722290039,3.3834941387176514,2.676447629928589,2.3822786808013916,2.5742621421813965,2.4604687690734863,2.590526819229126,2.5970284938812256,2.414987802505493,1.8854435682296753,2.0777132511138916,2.2487223148345947,2.0503106117248535,2.174044609069824,2.066551685333252,2.1210131645202637,2.288728952407837,2.351677179336548,2.5460503101348877,2.3792905807495117,2.6431384086608887,2.856365919113159,2.5810863971710205,2.8676912784576416,3.793560743331909,4.531306266784668,4.3042311668396,3.364866256713867,2.4760639667510986,-307.5770263671875,87.02033996582031,22.207321166992188,8.984360694885254,19.036752700805664,13.381010055541992,9.968196868896484,12.485289573669434,4.952844142913818,5.1296305656433105,9.203079223632812,6.541295051574707,3.34012508392334,2.51408314704895,2.6251635551452637,2.3293330669403076,2.4613800048828125,2.4849307537078857,2.644676685333252,2.3391849994659424,0.3016808331012726,0.3394765853881836,0.4692133367061615,0.7023184299468994,0.9705814719200134,0.8338005542755127,0.42356112599372864,0.3527528941631317,0.3238521218299866,0.30956724286079407,0.2925420105457306,0.29504522681236267,0.20003719627857208,0.18673855066299438,0.2244006097316742,0.16603036224842072,0.06943181902170181,0.14717498421669006,0.1617085486650467,0.2122800350189209,0.19827280938625336,0.1997680366039276,0.18018634617328644,0.19151394069194794,357.42151448143466,292.32197560179816,1111.739082778404,0.00929886890951276,0.0014520587865263224,110.0,120.0,115.0,120.0,130.0,125.0,3,pranayama
P3,-6.94177770614624,-14.38318157196045,-29.28777503967285,-35.086551666259766,-40.60172653198242,-40.79171371459961,-41.841121673583984,-44.5199089050293,-45.21861267089844,-46.41801452636719,-45.382835388183594,-47.54345703125,-50.1080436706543,-51.52438735961914,-54.91515350341797,-55.85693359375,-56.90395736694336,-58.55519485473633,-60.46018600463867,-62.0368766784668,-64.87306213378906,-67.14060974121094,-68.38395690917969,-68.33050537109375,-67.75419616699219,-68.29232788085938,-67.60590362548828,-65.78297424316406,-65.16584777832031,-65.76277160644531,-66.86430358886719,-68.44960021972656,2.779660701751709,2.5569355487823486,2.4538164138793945,3.4483790397644043,4.165004253387451,3.435112953186035,3.0577545166015625,3.2184579372406006,3.227491617202759,2.8375320434570312,2.9024851322174072,3.047015905380249,2.508575439453125,2.445918083190918,2.993865966796875,2.6102163791656494,2.748215675354004,3.0214343070983887,3.342789649963379,3.5221669673919678,4.080629825592041,4.702367782592773,5.017315864562988,5.736486911773682,5.747661113739014,5.483867168426514,5.701559066772461,6.745697021484375,7.1195831298828125,6.983060359954834,6.417788028717041,5.420949935913086,-299.2446594238281,78.81260681152344,24.851015090942383,9.273902893066406,17.759017944335938,13.502750396728516,9.71290111541748,12.014677047729492,4.77235221862793,5.510726451873779,17.81230354309082,11.733129501342773,4.365174770355225,3.1586356163024902,3.1822128295898438,2.764981508255005,2.9986860752105713,2.4090077877044678,2.473259687423706,2.385382652282715,0.33825555443763733,0.35529857873916626,0.46409279108047485,0.6619724631309509,0.9451661705970764,0.8289685249328613,0.4413631856441498,0.3719734847545624,0.36402198672294617,0.36212030053138733,0.3386859595775604,0.33918675780296326,0.21135783195495605,0.18378810584545135,0.21721847355365753,0.1891522854566574,0.1096038818359375,0.15536551177501678,0.16003364324569702,0.20790819823741913,0.2179371863603592,0.23779861629009247,0.2062038630247116,0.20467932522296906,491.3768274148677,474.130156975058,1385.0828790872702,0.009894775957076565,0.001500384183600545,120.0,130.0,125.0,130.0,140.0,135.0,3,pranayama
P3,-8.06252670288086,-15.262567520141602,-30.289669036865234,-36.260196685791016,-42.3453369140625,-42.116336822509766,-43.012325286865234,-45.583824157714844,-46.608028411865234,-47.58286666870117,-46.31232833862305,-48.66579818725586,-51.31583023071289,-52.7486686706543,-56.15890884399414,-57.122398376464844,-58.50245666503906,-59.95927047729492,-61.881629943847656,-63.839393615722656,-66.8075942993164,-69.42411041259766,-70.56394958496094,-70.71775817871094,-70.12644958496094,-70.27147674560547,-69.5753402709961,-68.15963745117188,-67.563720703125,-67.95742797851562,-68.72752380371094,-69.95335388183594,2.8575756549835205,2.5248403549194336,2.4184839725494385,3.1131350994110107,3.5670998096466064,3.2269766330718994,2.9926908016204834,3.0913166999816895,3.08256459236145,2.7461113929748535,2.4942495822906494,2.5139358043670654,2.5889880657196045,2.5600879192352295,2.72511887550354,2.6905899047851562,2.7289364337921143,2.68982195854187,2.7314980030059814,2.934750556945801,3.115490674972534,3.6102309226989746,3.9925243854522705,4.448816299438477,4.575823783874512,4.4286675453186035,4.882403373718262,5.813863754272461,6.089935779571533,5.975790977478027,5.607269763946533,4.8991570472717285,-308.2064208984375,81.06646728515625,24.502267837524414,8.57254695892334,18.5328426361084,13.518878936767578,10.000128746032715,12.216303825378418,5.061005592346191,5.161947250366211,14.832013130187988,9.931118965148926,4.376462936401367,2.8354620933532715,2.6539852619171143,2.7440860271453857,2.995718240737915,2.454331398010254,2.53486967086792,2.4045870304107666,0.32435667514801025,0.35836344957351685,0.4845195412635803,0.7094395160675049,0.9548562169075012,0.8092910051345825,0.4418545663356781,0.3850618004798889,0.3508737087249756,0.3319369852542877,0.3112407922744751,0.31580185890197754,0.2011416107416153,0.1860458254814148,0.2265775352716446,0.17426657676696777,0.09866387397050858,0.15402796864509583,0.17479228973388672,0.22895435988903046,0.21977673470973969,0.22385165095329285,0.19185535609722137,0.1940155327320099,442.1205582643532,376.3564249202436,1306.2294311978364,0.009483532120069606,0.001463762833736837,130.0,140.0,135.0,140.0,150.0,145.0,3,pranayama
P3,-6.469750881195068,-13.778630256652832,-28.99457359313965,-34.711669921875,-40.19356155395508,-40.05331802368164,-41.29472732543945,-44.15644836425781,-44.982872009277344,-45.878021240234375,-44.87029266357422,-47.32062530517578,-49.89374542236328,-51.236019134521484,-54.799888610839844,-55.46955490112305,-56.672645568847656,-58.34944534301758,-60.29313278198242,-61.827999114990234,-64.75428771972656,-67.343505859375,-68.75386047363281,-68.46480560302734,-67.55433654785156,-68.50450134277344,-67.84518432617188,-65.60462188720703,-64.57298278808594,-65.35612487792969,-66.8666763305664,-68.65423583984375,2.8269476890563965,2.6319832801818848,2.517307996749878,3.0228073596954346,3.61749005317688,3.3476245403289795,2.884638786315918,2.897566556930542,2.678802013397217,2.579852342605591,2.580336093902588,2.4799506664276123,2.380052089691162,2.3538317680358887,2.779292345046997,2.6290223598480225,2.4776275157928467,2.4342684745788574,2.4873480796813965,2.7067034244537354,3.079050064086914,3.4897215366363525,3.559110164642334,4.027894020080566,4.316638946533203,3.809735059738159,4.213441371917725,5.262004852294922,5.745964527130127,5.492360591888428,4.697859764099121,3.7666869163513184,-297.9610290527344,79.80416870117188,25.074411392211914,8.933135986328125,17.971059799194336,13.36087417602539,9.44888973236084,12.39910888671875,4.543588638305664,5.707481384277344,13.285846710205078,8.373291015625,3.909045696258545,3.042672872543335,2.7929468154907227,2.5589747428894043,3.099775791168213,2.4766197204589844,2.721585512161255,2.363029956817627,0.32459837198257446,0.3498654067516327,0.471209317445755,0.6609262228012085,0.943238377571106,0.8308889865875244,0.4423884451389313,0.35162708163261414,0.3333233892917633,0.33419889211654663,0.31685230135917664,0.3223609924316406,0.2067306637763977,0.18716365098953247,0.22573387622833252,0.19706805050373077,0.10991504788398743,0.16330192983150482,0.1590859740972519,0.19451653957366943,0.1940433830022812,0.21671849489212036,0.1966802179813385,0.20370696485042572,448.5626335361136,352.87474169808587,1340.1640708269983,0.0094722030887471,0.0015070013469085097,140.0,150.0,145.0,150.0,160.0,155.0,3,pranayama
P3,-7.025440692901611,-14.06348991394043,-29.246776580810547,-35.199161529541016,-41.322242736816406,-40.80889892578125,-41.65401077270508,-44.299285888671875,-45.468379974365234,-46.672603607177734,-45.58002853393555,-47.85616683959961,-50.13289260864258,-51.59235382080078,-55.231021881103516,-55.949527740478516,-57.113067626953125,-58.539649963378906,-60.45884704589844,-62.231529235839844,-65.17125701904297,-67.7090072631836,-68.8548812866211,-68.64761352539062,-67.9586410522461,-68.29885864257812,-67.6646957397461,-65.97472381591797,-65.20611572265625,-65.76795959472656,-66.83969116210938,-68.16122436523438,2.618184804916382,2.6627626419067383,2.262700080871582,3.4007568359375,4.254365921020508,3.5704762935638428,3.1666038036346436,3.293747901916504,3.3241944313049316,2.877408504486084,2.865295171737671,2.7019405364990234,2.48313307762146,2.5154361724853516,2.728339910507202,2.7214176654815674,3.02746844291687,3.0586209297180176,3.059365749359131,3.010810136795044,3.1531476974487305,3.210261344909668,3.3244781494140625,3.7892019748687744,4.134271621704102,4.032997131347656,4.492371082305908,5.232639312744141,5.561298847198486,5.54926061630249,5.137886047363281,4.131250381469727,-299.9370422363281,78.88294982910156,25.280208587646484,8.988361358642578,18.161422729492188,13.406139373779297,9.608404159545898,12.307110786437988,5.096106052398682,5.496644496917725,14.845147132873535,7.679241180419922,4.030179977416992,3.310765266418457,2.869497299194336,2.877596378326416,3.4171695709228516,2.381704092025757,2.5564541816711426,2.2904927730560303,0.3088532090187073,0.34238481521606445,0.47049757838249207,0.6772140860557556,0.9560383558273315,0.8191792368888855,0.4326176941394806,0.3628879189491272,0.3297049105167389,0.316058486700058,0.29628416895866394,0.30160632729530334,0.2011508047580719,0.1866328865289688,0.2251814603805542,0.18590940535068512,0.093850277364254,0.15172834694385529,0.1695481538772583,0.22312447428703308,0.19962510466575623,0.20113268494606018,0.1782001256942749,0.18915854394435883,471.4287356762561,411.77879386600927,1373.423830196738,0.010064711426914154,0.001467130146920681,150.0,160.0,155.0,160.0,170.0,165.0,3,pranayama
P3,-7.692562580108643,-14.52120590209961,-29.804889678955078,-36.15296936035156,-42.174068450927734,-41.541893005371094,-42.603946685791016,-45.3324089050293,-46.17348861694336,-47.13066101074219,-46.174110412597656,-48.296058654785156,-51.007747650146484,-52.441551208496094,-56.061553955078125,-56.6579704284668,-58.04778289794922,-59.55638122558594,-61.275882720947266,-63.21641159057617,-66.26898193359375,-68.71818542480469,-69.88294982910156,-69.9712905883789,-69.44021606445312,-69.78260803222656,-69.26776123046875,-67.8817138671875,-67.22496032714844,-67.92958068847656,-69.01042938232422,-69.99675750732422,2.681347608566284,2.7003402709960938,2.3912742137908936,2.7295873165130615,2.7786407470703125,2.45296573638916,2.2165393829345703,2.420032024383545,2.4543797969818115,2.4284250736236572,2.3279168605804443,2.1898398399353027,2.2472355365753174,2.1902711391448975,2.207028865814209,2.1319546699523926,2.0286755561828613,2.1212239265441895,2.3870928287506104,2.3435895442962646,2.364673376083374,2.6156184673309326,2.753723621368408,3.1035897731781006,3.086432456970215,2.8898556232452393,3.0511786937713623,3.52125883102417,3.8489296436309814,3.6490018367767334,3.202714443206787,2.9290666580200195,-306.0426940917969,81.18250274658203,24.071422576904297,9.472076416015625,18.055192947387695,13.674171447753906,10.054177284240723,12.38579273223877,5.190900802612305,5.253375053405762,8.86160945892334,6.332868576049805,3.3962106704711914,2.7926459312438965,2.449714422225952,2.5095019340515137,2.1345765590667725,2.288647413253784,2.385829448699951,2.4497969150543213,0.28198298811912537,0.31211376190185547,0.433130145072937,0.6513869166374207,0.9535027742385864,0.8286949396133423,0.42196691036224365,0.33507660031318665,0.308982253074646,0.3009556829929352,0.2795393466949463,0.27986350655555725,0.18447209894657135,0.17190752923488617,0.21210812032222748,0.1764971762895584,0.10409902781248093,0.1595790982246399,0.1677457094192505,0.20328064262866974,0.19511601328849792,0.2075430452823639,0.17933757603168488,0.17996591329574585,402.83672212544326,295.76928654292345,1253.6936508601702,0.009367976000580047,0.0014523046556860209,160.0,170.0,165.0,170.0,180.0,175.0,3,pranayama
P3,-8.624641418457031,-16.047149658203125,-30.941837310791016,-36.9006233215332,-42.07682800292969,-41.972347259521484,-43.24385452270508,-45.740177154541016,-47.063350677490234,-47.92267990112305,-47.188419342041016,-49.20344161987305,-51.70906066894531,-53.186073303222656,-56.70980453491211,-57.014427185058594,-58.17045211791992,-60.03125762939453,-62.135555267333984,-64.01548767089844,-66.93350219726562,-69.6921157836914,-71.10430908203125,-70.95106506347656,-69.99966430664062,-70.20503997802734,-69.42654418945312,-67.53751373291016,-66.87562561035156,-67.46179962158203,-68.85971069335938,-70.7953872680664,2.7579898834228516,2.7163007259368896,2.4328532218933105,3.0029454231262207,3.829564332962036,3.412191152572632,2.909780740737915,2.7721469402313232,2.7999138832092285,2.469727039337158,2.5826992988586426,2.7550690174102783,2.5496411323547363,2.432957172393799,2.8528144359588623,2.529209613800049,2.6777701377868652,2.9208388328552246,3.0827534198760986,3.013810634613037,3.2825124263763428,3.3671133518218994,3.333958625793457,4.033586502075195,4.7365851402282715,4.69051456451416,5.17475700378418,6.350371360778809,6.806082248687744,6.689815044403076,5.86146354675293,4.479061603546143,-309.313232421875,80.01141357421875,24.694169998168945,8.54263973236084,18.33371925354004,13.294342041015625,8.566555976867676,12.679977416992188,4.655726432800293,5.619481086730957,15.069757461547852,9.91384506225586,4.8800883293151855,3.098864793777466,2.987468719482422,2.7001123428344727,3.2337796688079834,2.564176082611084,2.942324638366699,2.3661699295043945,0.33991724252700806,0.358160138130188,0.47141143679618835,0.6583616137504578,0.943901002407074,0.8329472541809082,0.4520207643508911,0.37351855635643005,0.3656526207923889,0.37307095527648926,0.34971141815185547,0.34705016016960144,0.21389521658420563,0.1922665387392044,0.2289675623178482,0.19918976724147797,0.1014498695731163,0.15422309935092926,0.15944832563400269,0.21080753207206726,0.21847255527973175,0.24307888746261597,0.20741423964500427,0.20421172678470612,482.7229935109499,434.1363539551914,1386.4387850006642,0.009849459831786542,0.001445793081074953,170.0,180.0,175.0,180.0,190.0,185.0,3,pranayama
P3,-7.78147554397583,-15.050835609436035,-29.845630645751953,-36.23095703125,-42.62321090698242,-42.28752899169922,-43.018333435058594,-45.457584381103516,-46.844573974609375,-47.61739730834961,-46.63969039916992,-48.85093688964844,-51.3075065612793,-52.94390869140625,-56.81796646118164,-57.4128532409668,-58.807533264160156,-60.52020263671875,-62.68789291381836,-64.5634994506836,-67.78923797607422,-70.6419448852539,-72.29450988769531,-72.87665557861328,-72.14143371582031,-72.37704467773438,-71.82173919677734,-70.69956970214844,-70.23460388183594,-70.70130157470703,-71.35968017578125,-72.41956329345703,2.8590199947357178,2.6940324306488037,2.1311731338500977,2.585324287414551,2.5361437797546387,2.3780791759490967,2.242280960083008,2.4712443351745605,2.4718875885009766,2.3346176147460938,2.2514986991882324,2.0319111347198486,2.0156993865966797,2.0258424282073975,2.089808940887451,2.0678839683532715,1.9910435676574707,1.9157304763793945,1.9856771230697632,2.013880729675293,2.07846999168396,2.1696724891662598,2.1053779125213623,2.4754855632781982,2.666172742843628,2.4882137775421143,2.9379019737243652,3.877321243286133,4.374277591705322,4.316283226013184,3.6012675762176514,2.7060515880584717,-313.36614990234375,86.5091323852539,22.78376007080078,8.998003005981445,19.073060989379883,13.388690948486328,10.235852241516113,12.445505142211914,5.1008124351501465,5.142797946929932,8.489422798156738,6.290102005004883,3.4480645656585693,2.6812679767608643,2.357440233230591,2.2471537590026855,2.3844399452209473,2.2161214351654053,2.3232288360595703,2.0885632038116455,0.35346969962120056,0.37087827920913696,0.48075318336486816,0.6860087513923645,0.9541531205177307,0.8138208985328674,0.4474417269229889,0.39259544014930725,0.3702985346317291,0.36204004287719727,0.34314244985580444,0.3490084409713745,0.21927018463611603,0.19132789969444275,0.21787101030349731,0.17298908531665802,0.0941196084022522,0.1522444188594818,0.17172615230083466,0.2236003279685974,0.22519926726818085,0.24164223670959473,0.21802866458892822,0.21961826086044312,348.3437295925686,279.2072057170824,1104.9570844031996,0.008776600565545243,0.0014939327957108617,180.0,190.0,185.0,190.0,200.0,195.0,3,pranayama
P3,-7.793661117553711,-14.750801086425781,-29.647485733032227,-35.778934478759766,-40.781394958496094,-40.93270492553711,-42.41427230834961,-44.75222396850586,-45.71281433105469,-46.872291564941406,-46.18535614013672,-48.39924240112305,-50.90219497680664,-52.59809112548828,-55.869998931884766,-56.168060302734375,-57.51840591430664,-59.11933898925781,-60.97825622558594,-63.036617279052734,-66.01454162597656,-68.6969223022461,-70.52400207519531,-70.55050659179688,-69.14950561523438,-69.47540283203125,-68.62659454345703,-66.21114349365234,-65.42437744140625,-66.12327575683594,-67.78577423095703,-69.84170532226562,2.587313413619995,2.7729923725128174,2.443155288696289,3.4118010997772217,4.288449764251709,3.530656576156616,2.8861238956451416,2.976116418838501,2.9533543586730957,2.7270348072052,2.7176294326782227,2.810457229614258,2.568598747253418,2.747659206390381,3.1008903980255127,2.760329008102417,2.994417667388916,3.3233072757720947,3.626220226287842,3.5084919929504395,3.6687116622924805,3.875030755996704,3.621471881866455,4.437434673309326,5.305550575256348,5.0954813957214355,5.6184492111206055,6.840503692626953,7.307003021240234,7.134487628936768,6.254464149475098,5.0083842277526855,-303.81475830078125,80.20640563964844,25.38196563720703,8.335763931274414,18.52812385559082,12.88316822052002,8.510960578918457,13.21063232421875,4.146247863769531,5.687740325927734,17.450042724609375,10.147185325622559,4.83212423324585,3.1686131954193115,2.5942907333374023,2.685373067855835,3.4354493618011475,2.454998254776001,2.972492218017578,2.576179265975952,0.30292046070098877,0.3143044710159302,0.41211819648742676,0.6072695851325989,0.9420318007469177,0.8440268039703369,0.4606291651725769,0.38995423913002014,0.36645984649658203,0.35642945766448975,0.3216921389102936,0.310803085565567,0.20888786017894745,0.1836772859096527,0.20445825159549713,0.18021371960639954,0.11062043160200119,0.15167774260044098,0.17193369567394257,0.22746635973453522,0.20391041040420532,0.20965485274791718,0.18445700407028198,0.19661134481430054,495.6527487031537,483.0482004966647,1400.5147367003935,0.009652334686774943,0.0014438737416639924,190.0,200.0,195.0,200.0,210.0,205.0,3,pranayama
P3,-6.663033962249756,-14.184189796447754,-28.834299087524414,-35.312042236328125,-41.36231994628906,-41.04643630981445,-41.92295455932617,-44.08429718017578,-45.52107620239258,-46.55118179321289,-45.514404296875,-47.89313507080078,-50.491905212402344,-51.778106689453125,-55.2448844909668,-55.84528350830078,-57.20883560180664,-58.964717864990234,-61.0723762512207,-62.86967468261719,-66.11563873291016,-68.74903869628906,-69.9656753540039,-70.16297912597656,-69.45701599121094,-69.63219451904297,-68.97549438476562,-67.5271224975586,-66.98629760742188,-67.46694946289062,-68.33758544921875,-69.40462493896484,2.696162223815918,2.699422836303711,2.2200257778167725,3.0053911209106445,3.3360469341278076,2.9507360458374023,2.8543317317962646,2.9163105487823486,2.6847431659698486,2.3919548988342285,2.3791024684906006,2.238704204559326,2.2439370155334473,2.356074810028076,2.4466938972473145,2.3947367668151855,2.5583479404449463,2.3819642066955566,2.550593614578247,2.616515636444092,2.8914074897766113,2.775019645690918,3.0668585300445557,3.614377975463867,3.897630214691162,3.9472920894622803,4.627042293548584,5.575916290283203,5.796542167663574,5.809133052825928,5.2662482261657715,4.487132549285889,-303.19781494140625,82.36722564697266,24.294069290161133,8.773164749145508,18.802932739257812,13.414583206176758,9.67747974395752,12.526379585266113,5.494131565093994,5.363174915313721,13.147012710571289,8.670654296875,4.199122905731201,2.9798998832702637,2.647068977355957,2.6055116653442383,3.073660373687744,2.2104504108428955,2.6425395011901855,2.351520299911499,0.33246544003486633,0.36213254928588867,0.4843020737171173,0.6664044260978699,0.9407986402511597,0.8242132067680359,0.44720664620399475,0.3617118299007416,0.3388128876686096,0.33688586950302124,0.3181907832622528,0.32634860277175903,0.19924546778202057,0.18565744161605835,0.22737382352352142,0.2036387324333191,0.10147477686405182,0.15785303711891174,0.16692225635051727,0.21583892405033112,0.20411543548107147,0.21522736549377441,0.18424561619758606,0.18907108902931213,419.9146754410756,375.631990012326,1258.3247770188893,0.009151591502320186,0.0014951738994568586,200.0,210.0,205.0,210.0,220.0,215.0,3,pranayama
P3,-7.526584625244141,-14.643392562866211,-29.435392379760742,-35.55086898803711,-40.79665756225586,-41.23895263671875,-42.356929779052734,-44.91201400756836,-45.966270446777344,-46.71778106689453,-45.83320999145508,-48.06614303588867,-50.51371383666992,-52.20638656616211,-55.11648178100586,-55.57427215576172,-56.62529754638672,-58.204978942871094,-60.07346725463867,-61.76615524291992,-64.19949340820312,-66.28775024414062,-67.21566009521484,-66.58821105957031,-65.90723419189453,-66.32422637939453,-65.94702911376953,-63.696659088134766,-62.72707748413086,-63.69850158691406,-65.22522735595703,-67.06448364257812,2.7294394969940186,2.6507112979888916,2.318207263946533,2.8667571544647217,3.4194672107696533,3.065218210220337,2.6371400356292725,2.6606056690216064,2.659752607345581,2.5493736267089844,2.363538980484009,2.4164819717407227,2.1006557941436768,2.3258841037750244,2.676828145980835,2.5628111362457275,2.607611656188965,2.685544490814209,2.9162538051605225,2.9554848670959473,3.12233304977417,3.2989554405212402,3.4661026000976562,3.8806703090667725,4.109850883483887,4.145263195037842,4.196586608886719,4.941312313079834,5.227555751800537,5.180202484130859,4.588146209716797,4.042832851409912,-296.6324462890625,73.67647552490234,26.525104522705078,9.848926544189453,17.31854248046875,13.956815719604492,9.039488792419434,12.227496147155762,4.814688682556152,5.417143821716309,12.5321044921875,8.180366516113281,4.292176246643066,3.4197187423706055,2.874390125274658,2.7191381454467773,3.0196597576141357,2.498164653778076,2.8306140899658203,2.2522311210632324,0.31683439016342163,0.34639719128608704,0.47003820538520813,0.6749470233917236,0.9513795971870422,0.8231086730957031,0.4274333119392395,0.3525637984275818,0.3402217626571655,0.3422952890396118,0.3216368854045868,0.32027649879455566,0.20376713573932648,0.1859469711780548,0.22342827916145325,0.18869873881340027,0.09625232219696045,0.15048100054264069,0.1575087457895279,0.20357152819633484,0.20586222410202026,0.2265704721212387,0.19789478182792664,0.19723251461982727,535.2947867273765,435.9599314820186,1528.3115769098654,0.010090768198955916,0.001477880752645433,210.0,220.0,215.0,220.0,230.0,225.0,3,pranayama
P3,-7.436213970184326,-14.635327339172363,-29.52089500427246,-35.784358978271484,-41.77992630004883,-41.655818939208984,-42.355159759521484,-44.56086349487305,-45.62689971923828,-46.718414306640625,-45.83205032348633,-47.906131744384766,-50.30784225463867,-51.3511962890625,-54.175350189208984,-55.30281066894531,-56.53955078125,-57.88860321044922,-59.650577545166016,-61.1740608215332,-63.31756591796875,-65.04127502441406,-65.52627563476562,-65.39466857910156,-64.864990234375,-65.0531005859375,-64.45193481445312,-62.492984771728516,-61.76158142089844,-62.777366638183594,-63.901283264160156,-65.4948959350586,2.678921699523926,2.788628101348877,2.2875752449035645,3.026695489883423,3.2618069648742676,3.012129545211792,3.053439140319824,2.8232460021972656,2.73934006690979,2.783576011657715,2.641855239868164,2.4697935581207275,2.5856704711914062,2.587754726409912,2.923126220703125,2.8851232528686523,2.7396252155303955,2.6245169639587402,2.9200210571289062,2.867969036102295,3.1109025478363037,3.5194952487945557,3.676114559173584,3.902273416519165,3.9245123863220215,3.8786940574645996,4.206753253936768,5.077564239501953,5.323638916015625,5.151181221008301,4.781669616699219,4.139292240142822,-293.4988098144531,70.55484771728516,26.57288932800293,9.937606811523438,17.001859664916992,14.51133918762207,9.673666954040527,11.931291580200195,5.417890548706055,6.154757499694824,13.119956970214844,8.5244722366333,4.131964206695557,3.1692140102386475,2.767103433609009,2.7112619876861572,3.2788796424865723,2.3923611640930176,2.503462076187134,2.482067108154297,0.3329668641090393,0.3501245975494385,0.45641419291496277,0.6493198871612549,0.9512804746627808,0.8257988095283508,0.4437878727912903,0.374407559633255,0.35745561122894287,0.35520732402801514,0.3292217254638672,0.3286668062210083,0.21117033064365387,0.1858094334602356,0.2178591787815094,0.19036144018173218,0.0964466780424118,0.14686475694179535,0.15543323755264282,0.21123743057250977,0.21258139610290527,0.22746676206588745,0.19037297368049622,0.19704081118106842,570.9185213815189,487.29488788790604,1598.3296102259385,0.010598308802204177,0.0014865973498672247,220.0,230.0,225.0,230.0,240.0,235.0,3,pranayama
P3,-6.485816955566406,-14.093109130859375,-28.969144821166992,-35.26918411254883,-40.840858459472656,-40.43638229370117,-41.85437774658203,-44.42185592651367,-44.603302001953125,-45.807838439941406,-45.34214401245117,-47.36310958862305,-49.37212371826172,-50.941593170166016,-53.821189880371094,-54.66428756713867,-55.76230239868164,-57.416900634765625,-58.93515396118164,-60.296836853027344,-62.736080169677734,-65.16431427001953,-66.09700012207031,-66.15735626220703,-65.32685852050781,-65.44031524658203,-65.04327392578125,-63.09156036376953,-62.351051330566406,-63.41797637939453,-64.72320556640625,-66.16936492919922,2.738906145095825,2.6914072036743164,2.338895797729492,2.4754743576049805,2.7212257385253906,2.545896291732788,2.4752941131591797,2.6463663578033447,2.976231813430786,2.763712167739868,2.526381731033325,2.4586353302001953,2.2770609855651855,2.4821667671203613,2.996704578399658,2.7759296894073486,2.801114082336426,2.774117946624756,2.855203866958618,3.2302489280700684,3.610029697418213,3.711660385131836,4.312900066375732,4.396871566772461,4.078986167907715,3.985306978225708,4.128410816192627,5.041428089141846,5.3338303565979,5.052243232727051,4.5637311935424805,4.217616558074951,-292.1086120605469,73.44801330566406,25.268177032470703,10.122845649719238,17.470195770263672,13.95352840423584,9.612266540527344,12.460824012756348,4.9556756019592285,6.003144264221191,12.73949146270752,9.198692321777344,4.211432456970215,3.126338481903076,2.8382129669189453,2.6618008613586426,2.6432886123657227,2.6043925285339355,2.675581932067871,2.460158348083496,0.33064499497413635,0.36873528361320496,0.5051785707473755,0.6932541728019714,0.9395748972892761,0.8104910850524902,0.4364174008369446,0.35628774762153625,0.3346981704235077,0.3343047797679901,0.3154512941837311,0.32401347160339355,0.20839864015579224,0.19387006759643555,0.2323971688747406,0.19876819849014282,0.11122343689203262,0.1700170636177063,0.17273756861686707,0.2238120585680008,0.20829972624778748,0.2199482023715973,0.19134169816970825,0.19702796638011932,519.1907309883709,423.84438215994777,1492.5468921555355,0.009834732091067286,0.0015014990931376815,230.0,240.0,235.0,240.0,250.0,245.0,3,pranayama
P3,-6.8641767501831055,-14.223222732543945,-28.796478271484375,-34.303382873535156,-39.95579147338867,-39.79154586791992,-41.232303619384766,-43.91813278198242,-44.38399887084961,-45.835147857666016,-45.21223068237305,-47.10459899902344,-49.600711822509766,-50.83152389526367,-53.673587799072266,-53.9493293762207,-55.47273635864258,-57.23466491699219,-58.97513198852539,-60.63667297363281,-63.116397857666016,-65.24181365966797,-65.72606658935547,-64.89720153808594,-63.93345642089844,-64.94605255126953,-64.08419799804688,-61.42277526855469,-60.594120025634766,-61.413909912109375,-62.73183822631836,-64.59220123291016,2.7050280570983887,2.733574628829956,2.279667854309082,3.173164129257202,4.561707019805908,3.7528018951416016,2.9778060913085938,2.9557552337646484,3.0693039894104004,2.5714340209960938,2.5732288360595703,2.686554431915283,2.578022003173828,2.695916175842285,3.131279945373535,3.4304375648498535,3.2051680088043213,3.360914468765259,3.3705360889434814,3.1718077659606934,3.383622169494629,3.633310079574585,3.853872299194336,4.5237226486206055,5.057729244232178,4.40359354019165,4.947027683258057,6.109350681304932,6.6403985023498535,6.425394058227539,5.848579406738281,5.211474418640137,-288.9760437011719,71.30441284179688,27.456886291503906,8.831939697265625,17.40296173095703,13.679656028747559,8.409807205200195,11.70458984375,5.161036491394043,5.703121185302734,16.08008575439453,9.456465721130371,4.786009788513184,3.3237485885620117,3.032682418823242,3.1462130546569824,3.6804006099700928,2.7582154273986816,3.5870423316955566,2.2771947383880615,0.316466748714447,0.3492625057697296,0.47837355732917786,0.6874894499778748,0.9566397070884705,0.814588725566864,0.4339323937892914,0.36538320779800415,0.34536850452423096,0.3410393297672272,0.31907808780670166,0.3167019784450531,0.18590499460697174,0.17421752214431763,0.22703003883361816,0.18787291646003723,0.09468349069356918,0.14807182550430298,0.16606155037879944,0.2163056582212448,0.20600150525569916,0.218158558011055,0.19464650750160217,0.191511332988739,619.3599923674157,658.3614482127321,1657.1582753200935,0.01122933584686775,0.0014808676205575466,240.0,250.0,245.0,250.0,260.0,255.0,3,pranayama
P3,-6.303813457489014,-13.898945808410645,-28.455921173095703,-34.68235778808594,-40.910614013671875,-40.47934341430664,-41.68023681640625,-43.81232452392578,-44.913658142089844,-46.047462463378906,-45.22125244140625,-47.52170181274414,-50.049747467041016,-51.61061096191406,-55.47010803222656,-55.60533142089844,-56.82122039794922,-58.554527282714844,-60.81207275390625,-62.739505767822266,-65.90006256103516,-68.53958892822266,-69.99412536621094,-70.25391387939453,-69.79972839355469,-70.03852081298828,-69.43310546875,-67.98180389404297,-67.53843688964844,-68.15021514892578,-69.00749969482422,-70.15908813476562,2.588346004486084,2.7904608249664307,2.32060170173645,2.648225784301758,2.6381311416625977,2.566526412963867,2.3539113998413086,2.460193395614624,2.4563181400299072,2.2594587802886963,2.3721747398376465,2.194892168045044,2.03957200050354,2.0484349727630615,1.9736547470092773,1.9589414596557617,2.0185163021087646,2.018291473388672,2.0563225746154785,2.0615766048431396,2.2178096771240234,2.3477942943573,2.465087413787842,2.69045090675354,2.755970001220703,2.6185994148254395,2.9465246200561523,3.9287447929382324,4.274136543273926,4.050357818603516,3.4459125995635986,2.7925021648406982,-302.7100830078125,84.30535888671875,23.44550895690918,9.207093238830566,18.57956886291504,13.130833625793457,9.776764869689941,12.664310455322266,5.306138515472412,5.145122528076172,8.373109817504883,6.596510887145996,3.4043943881988525,2.7469871044158936,2.432873487472534,2.2215991020202637,2.403838872909546,2.268430471420288,2.4504997730255127,2.265861749649048,0.3464624881744385,0.3719139099121094,0.49093103408813477,0.6870219707489014,0.9402093291282654,0.8099038004875183,0.4525851607322693,0.38976186513900757,0.3639053404331207,0.35245031118392944,0.3325776159763336,0.33879953622817993,0.22512581944465637,0.19428379833698273,0.2220066338777542,0.18456844985485077,0.11761029064655304,0.16309045255184174,0.17421139776706696,0.2260306179523468,0.21745890378952026,0.22470732033252716,0.1994560807943344,0.213350310921669,376.5443348029129,296.1190137398492,1174.4129391582794,0.009022440545243619,0.0014102275017648935,250.0,260.0,255.0,260.0,270.0,265.0,3,pranayama
P3,-7.1042327880859375,-14.422466278076172,-29.34653091430664,-35.38507080078125,-40.757354736328125,-40.569725036621094,-41.97222137451172,-44.78314971923828,-45.46813201904297,-46.64453125,-46.06460189819336,-48.09515380859375,-50.57664489746094,-52.24739456176758,-55.26265335083008,-55.24850845336914,-56.30223083496094,-58.388790130615234,-60.715755462646484,-62.416229248046875,-64.96395874023438,-67.34394836425781,-67.8955078125,-67.57856750488281,-67.55276489257812,-68.2474594116211,-67.48594665527344,-65.18701171875,-64.14075469970703,-64.99179077148438,-66.55352020263672,-68.41873168945312,2.8435964584350586,2.6517200469970703,2.341559886932373,2.7941040992736816,3.477194309234619,2.9382851123809814,2.6099092960357666,2.700104236602783,2.746668815612793,2.490626096725464,2.611142873764038,2.493560791015625,2.3490872383117676,2.4773852825164795,2.896580696105957,2.806231737136841,3.1079838275909424,2.9263927936553955,2.994504928588867,3.1641411781311035,3.5869572162628174,3.7608039379119873,4.916584014892578,5.9173455238342285,5.014398574829102,4.700886249542236,5.070308208465576,6.381300926208496,7.011475086212158,6.747822284698486,5.8506622314453125,4.971932411193848,-299.12939453125,77.45556640625,25.579811096191406,9.613176345825195,17.940101623535156,13.37799072265625,8.883746147155762,12.102906227111816,5.300892353057861,5.875009059906006,15.71165657043457,10.88707160949707,4.303282260894775,3.3573336601257324,2.759268283843994,2.6396398544311523,2.96502947807312,2.6377389430999756,3.119335412979126,2.432096004486084,0.3342675566673279,0.3621552884578705,0.4756113290786743,0.6947998404502869,0.9516115784645081,0.8078795671463013,0.45321497321128845,0.40933793783187866,0.38398438692092896,0.3657117486000061,0.3343338966369629,0.3326464593410492,0.2133878767490387,0.1878257691860199,0.21512524783611298,0.1663617491722107,0.1037784218788147,0.15145057439804077,0.17315103113651276,0.23251329362392426,0.2316562533378601,0.2360297590494156,0.2015167623758316,0.2083241194486618,498.10920002620907,457.9427838602088,1418.378216339561,0.010102097230278422,0.0014448065776377916,260.0,270.0,265.0,270.0,280.0,275.0,3,pranayama
P3,-8.025699615478516,-15.853619575500488,-30.537338256835938,-36.32524871826172,-42.29609680175781,-42.251495361328125,-43.620811462402344,-45.77019119262695,-46.62472915649414,-47.963687896728516,-47.354278564453125,-49.393863677978516,-51.88572311401367,-53.13616943359375,-56.68892288208008,-57.34580612182617,-58.547767639160156,-60.3103141784668,-62.27667236328125,-64.1522445678711,-67.33831024169922,-69.87737274169922,-71.19908142089844,-71.03324890136719,-70.17952728271484,-70.5323257446289,-69.85961151123047,-67.82174682617188,-67.21143341064453,-67.76786041259766,-69.052734375,-70.6137466430664,2.647437810897827,2.6274733543395996,2.4391164779663086,3.0037076473236084,3.9013211727142334,3.3119022846221924,3.1761484146118164,3.0317769050598145,2.9650447368621826,2.5978293418884277,2.527113914489746,2.4841933250427246,2.4803459644317627,2.5680248737335205,2.9888787269592285,2.9390695095062256,3.0650153160095215,3.0065274238586426,3.15596342086792,3.2097890377044678,3.5128540992736816,3.6798205375671387,3.9205946922302246,5.086375713348389,5.6973090171813965,5.382654666900635,5.916606426239014,7.585826396942139,8.145606994628906,7.630740165710449,6.586759090423584,5.424860000610352,-309.86260986328125,80.80413818359375,25.192121505737305,8.734526634216309,18.635143280029297,13.495140075683594,9.123920440673828,12.627216339111328,4.973034858703613,5.531248092651367,17.738224029541016,11.395684242248535,5.0230255126953125,3.0386385917663574,2.8553097248077393,2.800034284591675,3.702604055404663,2.3633527755737305,2.675238609313965,2.32462739944458,0.3312216103076935,0.3699840307235718,0.5045351386070251,0.7390465140342712,0.9455536007881165,0.7827089428901672,0.4438740909099579,0.39735445380210876,0.3898020386695862,0.3811477720737457,0.35531434416770935,0.3392656743526459,0.19419804215431213,0.18210138380527496,0.23422159254550934,0.17666137218475342,0.11543173342943192,0.1613566130399704,0.1786850094795227,0.21803919970989227,0.2253994643688202,0.24155153334140778,0.213075190782547,0.19941185414791107,468.51180037698,451.97244099840486,1340.6872769309318,0.009813206931554524,0.0015333506744354963,270.0,280.0,275.0,280.0,290.0,285.0,3,pranayama
P3,-6.701190948486328,-14.076765060424805,-28.9647159576416,-34.905574798583984,-40.8999137878418,-40.94576644897461,-42.29187774658203,-44.62615966796875,-45.54212188720703,-46.964691162109375,-45.935646057128906,-48.09188461303711,-50.7097053527832,-51.81357955932617,-55.7326774597168,-56.43345642089844,-57.67420959472656,-59.19561004638672,-61.40336227416992,-63.38124084472656,-66.1806640625,-69.05860137939453,-70.8160629272461,-70.93140411376953,-69.95807647705078,-70.4012222290039,-69.55689239501953,-68.0299301147461,-67.36265563964844,-68.15843963623047,-69.27851104736328,-70.81671142578125,2.527172327041626,2.5752716064453125,2.2630629539489746,2.5565638542175293,2.428170919418335,2.475125312805176,2.4298622608184814,2.2391693592071533,2.3687708377838135,2.386087417602539,2.310218572616577,2.2360970973968506,2.1333491802215576,2.3377764225006104,2.3242545127868652,2.295584201812744,2.0686585903167725,2.009884834289551,2.1836187839508057,2.293440818786621,2.465017318725586,2.42289662361145,2.3448917865753174,2.8561487197875977,3.3297767639160156,2.9117658138275146,3.3558437824249268,4.608392238616943,5.455935955047607,5.032674789428711,4.089451313018799,2.8421425819396973,-305.2649230957031,83.92071533203125,24.282081604003906,9.303803443908691,18.798864364624023,13.522875785827637,9.346288681030273,12.615187644958496,4.575675964355469,5.444197654724121,9.534902572631836,7.428239822387695,3.806797504425049,2.916292905807495,2.3934426307678223,2.5003645420074463,2.729034185409546,2.3903324604034424,2.577622413635254,2.4392917156219482,0.3212583363056183,0.342578649520874,0.4558311998844147,0.6359210014343262,0.9441723823547363,0.8460875749588013,0.4774790406227112,0.3918350338935852,0.3628462553024292,0.35387271642684937,0.3256959021091461,0.3235184848308563,0.2082010805606842,0.18602564930915833,0.20925500988960266,0.1934184581041336,0.09472506493330002,0.14932431280612946,0.16184717416763306,0.21827459335327148,0.21199645102024078,0.2292194962501526,0.1957448124885559,0.19636911153793335,381.8347360312207,291.92228737674014,1193.0505720959118,0.009194641821345708,0.00144927017390728,280.0,290.0,285.0,290.0,300.0,295.0,3,pranayama
P3,-6.6515398025512695,-13.790225982666016,-28.694217681884766,-34.61132049560547,-40.39146423339844,-40.419071197509766,-41.917198181152344,-44.164825439453125,-45.04081344604492,-46.730621337890625,-45.951175689697266,-47.898311614990234,-50.16572189331055,-51.55965042114258,-55.01419448852539,-55.55027770996094,-56.63434600830078,-58.34263610839844,-60.60209655761719,-62.37018585205078,-65.29875183105469,-67.6623306274414,-68.70219421386719,-67.99436950683594,-66.99470520019531,-67.6572036743164,-66.82203674316406,-64.31977081298828,-63.360164642333984,-64.1396255493164,-65.85364532470703,-67.67249298095703,2.7393903732299805,2.799395799636841,2.3098111152648926,2.827888250350952,3.5541412830352783,3.194260597229004,2.8676364421844482,2.6449451446533203,2.726158857345581,2.4453494548797607,2.4656267166137695,2.4562222957611084,2.4837961196899414,2.4919559955596924,2.653238534927368,2.3963301181793213,2.3749213218688965,2.588686943054199,2.866499900817871,2.729473114013672,2.9640841484069824,3.2596335411071777,3.5339818000793457,4.244030475616455,4.868866443634033,4.5711989402771,5.187211036682129,6.277255058288574,6.710034370422363,6.679370880126953,5.948038578033447,4.8315300941467285,-297.5111389160156,77.43037414550781,27.128860473632812,8.726317405700684,18.45725440979004,13.885953903198242,8.436952590942383,12.474828720092773,4.841288089752197,5.745979309082031,14.67097282409668,10.036145210266113,4.860391616821289,3.134749412536621,2.8407070636749268,2.6930923461914062,3.201734781265259,2.3235561847686768,2.85862398147583,2.3674049377441406,0.31425943970680237,0.33971354365348816,0.46424582600593567,0.6573704481124878,0.9426786303520203,0.8279674649238586,0.45620280504226685,0.3765360414981842,0.348786324262619,0.34505587816238403,0.32362860441207886,0.3206445574760437,0.2129109799861908,0.1876130998134613,0.2155284434556961,0.18917469680309296,0.11146726459264755,0.15337523818016052,0.17074227333068848,0.22882728278636932,0.2222965806722641,0.2371276170015335,0.21388550102710724,0.21532437205314636,505.3340052826481,417.8740392981438,1452.651884233281,0.010281095925174014,0.0014983717119321227,290.0,300.0,295.0,300.0,310.0,305.0,3,pranayama
P3,-6.30451774597168,-13.631697654724121,-28.602609634399414,-34.81393051147461,-40.87398910522461,-40.415035247802734,-41.98350524902344,-44.28703689575195,-45.34529495239258,-46.402061462402344,-45.899696350097656,-48.03318405151367,-50.39769744873047,-51.84174728393555,-55.65531539916992,-55.815608978271484,-57.27751922607422,-59.19997024536133,-61.178043365478516,-63.01451873779297,-66.22422790527344,-68.95516967773438,-70.54006958007812,-70.69072723388672,-69.94815063476562,-70.25890350341797,-69.68814086914062,-68.21815490722656,-67.5784683227539,-68.27314758300781,-69.30012512207031,-70.50453186035156,2.630741596221924,2.657156467437744,2.460266590118408,2.5113751888275146,2.47760009765625,2.4050893783569336,2.1974198818206787,2.3248751163482666,2.266242742538452,2.266103982925415,2.2786941528320312,2.188959836959839,2.0616672039031982,2.135861396789551,2.3027358055114746,2.109070062637329,1.9325557947158813,2.0539333820343018,2.165733814239502,2.1440296173095703,2.385042428970337,2.3386571407318115,2.386146068572998,2.8065319061279297,3.1510772705078125,2.9037632942199707,3.07015323638916,4.286190509796143,4.951131820678711,4.654812812805176,3.836904764175415,2.8280508518218994,-304.25970458984375,84.55318450927734,24.117979049682617,9.470714569091797,18.88489532470703,13.334532737731934,9.480392456054688,12.543334007263184,5.138062477111816,5.394380569458008,9.15848445892334,7.113464832305908,3.609314203262329,2.5617661476135254,2.337381362915039,2.2314295768737793,2.555119037628174,2.16220760345459,2.4165055751800537,2.2274038791656494,0.32255566120147705,0.347095251083374,0.4671635925769806,0.684852123260498,0.9558705687522888,0.812425434589386,0.4390310049057007,0.3748319745063782,0.3508920669555664,0.33999526500701904,0.3230952024459839,0.32289090752601624,0.21242406964302063,0.18574698269367218,0.21337607502937317,0.16773566603660583,0.10349085927009583,0.16224929690361023,0.16825798153877258,0.21049408614635468,0.21116989850997925,0.2222975343465805,0.20332801342010498,0.209852397441864,367.9794877967456,280.2064262797274,1160.866929685901,0.009105142473897912,0.0014589914353564382,300.0,310.0,305.0,310.0,320.0,315.0,3,pranayama
P3,-8.184053421020508,-15.627346992492676,-30.286949157714844,-36.239742279052734,-41.50016403198242,-41.640907287597656,-43.161598205566406,-45.7222785949707,-46.47726821899414,-48.286231994628906,-47.55775451660156,-49.523277282714844,-51.98685073852539,-53.32300567626953,-55.96573257446289,-55.64248275756836,-56.74773406982422,-59.19441223144531,-61.68467330932617,-63.476654052734375,-66.14620208740234,-68.59564971923828,-68.71334838867188,-67.68126678466797,-68.21295166015625,-69.50732421875,-68.7857894897461,-65.77364349365234,-64.57910919189453,-65.60225677490234,-67.65503692626953,-69.84967803955078,2.6573050022125244,2.428938388824463,2.3413522243499756,2.833475112915039,3.903972864151001,3.1581480503082275,2.863290548324585,2.7719786167144775,2.8038456439971924,2.713524341583252,2.679253578186035,2.5288259983062744,2.5232162475585938,2.627763509750366,3.1342968940734863,3.350861072540283,3.7846360206604004,3.487741470336914,3.0449118614196777,3.045203685760498,3.4553885459899902,3.749962329864502,5.2416090965271,6.582747459411621,5.369386672973633,4.68278169631958,5.201250076293945,6.708946228027344,7.338694095611572,7.106159210205078,6.1468353271484375,4.956723213195801,-304.64483642578125,76.95215606689453,25.545581817626953,10.161255836486816,18.230514526367188,13.405427932739258,7.888680458068848,11.841668128967285,5.678955554962158,6.224697589874268,16.811521530151367,10.488317489624023,5.041136741638184,4.386698246002197,2.8016226291656494,2.6898932456970215,3.2671122550964355,2.6041054725646973,3.3223166465759277,2.3299789428710938,0.3471321165561676,0.36164286732673645,0.463350772857666,0.6342983841896057,0.931769847869873,0.8446200489997864,0.4747979938983917,0.38483327627182007,0.36485275626182556,0.3663577437400818,0.33830201625823975,0.34201860427856445,0.2159753143787384,0.18857984244823456,0.2068401426076889,0.19492961466312408,0.11749668419361115,0.1496257483959198,0.16157996654510498,0.22021277248859406,0.22156669199466705,0.23919104039669037,0.2044336050748825,0.20781831443309784,513.9447798467238,457.7929007758121,1449.837563672267,0.010424974622969837,0.0014687541406601667,310.0,320.0,315.0,320.0,330.0,325.0,3,pranayama
P3,-6.4584641456604,-13.96650218963623,-28.594392776489258,-34.68009948730469,-41.20471954345703,-40.786128997802734,-42.01667022705078,-44.006866455078125,-45.10926055908203,-46.77894973754883,-45.81411361694336,-47.991432189941406,-50.35374069213867,-51.72261047363281,-55.69353103637695,-56.20996856689453,-57.57976531982422,-59.1239128112793,-61.32811737060547,-63.10003662109375,-66.18608093261719,-68.96400451660156,-70.57501983642578,-70.76270294189453,-69.96833038330078,-70.26144409179688,-69.4505615234375,-67.76974487304688,-67.21310424804688,-67.6646957397461,-68.77120971679688,-70.14297485351562,2.6397218704223633,2.6744654178619385,2.4503514766693115,2.935039758682251,2.923896074295044,2.6719930171966553,2.6317741870880127,2.5345869064331055,2.548750877380371,2.3744616508483887,2.4706592559814453,2.391201972961426,2.3471157550811768,2.2572216987609863,2.553757905960083,2.4425907135009766,2.4131455421447754,2.495635747909546,2.5511631965637207,2.642070770263672,2.8850862979888916,2.83550763130188,3.006209373474121,3.7240853309631348,4.121176242828369,3.8392674922943115,4.340421199798584,5.7383646965026855,6.210540771484375,6.04987096786499,5.124593257904053,4.146953582763672,-304.0999755859375,83.78892517089844,24.63848114013672,8.861892700195312,18.904191970825195,13.250327110290527,9.637971878051758,12.671279907226562,4.900489330291748,5.609193801879883,12.784727096557617,9.182976722717285,4.27849006652832,2.9105923175811768,2.5967705249786377,2.4140865802764893,2.896474599838257,2.4242258071899414,2.5129802227020264,2.302525758743286,0.33912360668182373,0.35686400532722473,0.4654395580291748,0.6603550314903259,0.9407106041908264,0.8246690630912781,0.464643269777298,0.39650264382362366,0.3681987226009369,0.35749760270118713,0.334868460893631,0.3358927071094513,0.2218155413866043,0.19361259043216705,0.22342441976070404,0.18640966713428497,0.11041315644979477,0.1590576171875,0.17588673532009125,0.22701433300971985,0.22077438235282898,0.2324998825788498,0.21190910041332245,0.2192864865064621,408.96541807380765,340.33452363689094,1234.4104327771286,0.00898505474187935,0.0014626793563365936,320.0,330.0,325.0,330.0,340.0,335.0,3,pranayama
P3,-6.7243781089782715,-14.042135238647461,-28.60619354248047,-34.706783294677734,-39.981815338134766,-39.98157501220703,-41.7818717956543,-44.18706512451172,-44.62946701049805,-46.337730407714844,-45.55049514770508,-47.53219985961914,-50.20833969116211,-51.76934051513672,-54.8050422668457,-55.02968978881836,-56.68814468383789,-58.42270278930664,-60.53513717651367,-62.368648529052734,-65.3927993774414,-68.21712493896484,-69.70538330078125,-69.4208984375,-67.82471466064453,-68.52487182617188,-67.76337432861328,-65.16439056396484,-64.12561798095703,-64.86479187011719,-66.4874496459961,-68.50675964355469,2.7987465858459473,2.887810468673706,2.2436366081237793,2.7542333602905273,3.378441572189331,3.028472661972046,2.6324517726898193,2.8942718505859375,2.9544787406921387,3.020155191421509,2.5941569805145264,2.6502082347869873,2.5026214122772217,2.6847383975982666,3.3783888816833496,3.3582351207733154,3.0217642784118652,3.0842878818511963,3.0651443004608154,2.8625261783599854,2.9939939975738525,2.9046096801757812,3.0772507190704346,4.007628917694092,4.787359714508057,4.096770286560059,4.656917095184326,6.1938862800598145,6.671559810638428,6.435230255126953,5.672606468200684,4.490170955657959,-298.73260498046875,79.68561553955078,26.118606567382812,8.048260688781738,18.876008987426758,13.211795806884766,8.286482810974121,12.840557098388672,4.49095344543457,5.627345561981201,14.384571075439453,9.35821533203125,5.658613204956055,3.447122812271118,2.775770902633667,2.7760579586029053,3.0830681324005127,2.5505223274230957,2.9122235774993896,2.5620474815368652,0.3078961968421936,0.33026251196861267,0.4451584815979004,0.6288478970527649,0.9293861389160156,0.8400013446807861,0.47716081142425537,0.3914969563484192,0.35589107871055603,0.34135136008262634,0.3115116059780121,0.30816370248794556,0.20867006480693817,0.18511323630809784,0.21445128321647644,0.19572138786315918,0.1282014101743698,0.16087664663791656,0.1685887575149536,0.22170686721801758,0.21325355768203735,0.2257918268442154,0.19478799402713776,0.20164455473423004,478.05720413856295,405.3588017510151,1390.6358981486476,0.010105495939675174,0.0014354856684803963,330.0,340.0,335.0,340.0,350.0,345.0,3,pranayama
P3,-6.590205669403076,-14.133548736572266,-28.723031997680664,-34.94529342651367,-41.10557174682617,-40.50168991088867,-41.68817901611328,-44.27423095703125,-45.420623779296875,-46.82516098022461,-46.27397537231445,-48.210025787353516,-50.61654281616211,-52.23476028442383,-55.727848052978516,-56.00110626220703,-57.460086822509766,-59.23396301269531,-61.389122009277344,-63.125762939453125,-66.05493927001953,-68.60889434814453,-69.61414337158203,-69.35346221923828,-68.45361328125,-68.76317596435547,-68.0586929321289,-66.40510559082031,-65.7409896850586,-66.33401489257812,-67.47222900390625,-68.70604705810547,2.6230475902557373,2.6187639236450195,2.2682509422302246,2.645230531692505,2.807345151901245,2.8171746730804443,2.492429733276367,2.3531761169433594,2.4734067916870117,2.352461814880371,2.266634464263916,2.1476335525512695,2.2034194469451904,2.2784457206726074,2.3170626163482666,2.1719164848327637,2.0950872898101807,2.176586151123047,2.1538875102996826,2.252490282058716,2.495695114135742,2.780353546142578,3.2267239093780518,3.8553457260131836,4.212100028991699,3.97762131690979,4.474545001983643,5.476611614227295,5.97776460647583,5.748116493225098,5.07346773147583,4.3166351318359375,-301.9427490234375,80.55891418457031,26.39296531677246,8.93575382232666,18.21190071105957,13.581604957580566,8.969046592712402,12.285360336303711,5.435739994049072,5.503520488739014,11.562779426574707,9.374534606933594,4.765843391418457,2.8850698471069336,2.525355100631714,2.550233840942383,2.848529100418091,2.3990373611450195,2.5024070739746094,2.3315606117248535,0.33452358841896057,0.3523074686527252,0.46519994735717773,0.6554340720176697,0.9366551637649536,0.8331515789031982,0.4746268391609192,0.40707987546920776,0.37181171774864197,0.3547331392765045,0.32935813069343567,0.33292195200920105,0.21851445734500885,0.18757972121238708,0.21372531354427338,0.1894853264093399,0.11375613510608673,0.1624774932861328,0.16975246369838715,0.2248062789440155,0.21385438740253448,0.23345400393009186,0.20473697781562805,0.21054676175117493,432.5836981280198,334.01445357816124,1314.073350631195,0.009116471505220417,0.0014381547225639224,340.0,350.0,345.0,350.0,360.0,355.0,3,pranayama
P3,-7.445202827453613,-14.868256568908691,-29.898418426513672,-36.433692932128906,-42.21418762207031,-41.643924713134766,-43.22075271606445,-45.700103759765625,-46.539424896240234,-48.15511703491211,-47.46807098388672,-49.502620697021484,-52.03968811035156,-53.895408630371094,-57.364601135253906,-57.567195892333984,-59.028377532958984,-60.798336029052734,-62.688720703125,-64.53305053710938,-67.52084350585938,-69.99424743652344,-71.32803344726562,-71.49600982666016,-70.44326782226562,-70.74403381347656,-69.97123718261719,-68.26643371582031,-67.64806365966797,-68.24366760253906,-69.25607299804688,-70.48715209960938,2.6523029804229736,2.456742763519287,2.3343770503997803,2.6247897148132324,2.4830191135406494,2.510211944580078,2.3539042472839355,2.2725234031677246,2.4180493354797363,2.415905237197876,2.386545181274414,2.153430461883545,2.0879242420196533,2.1831164360046387,2.537945032119751,2.037038564682007,1.8762270212173462,2.029806137084961,2.195329427719116,2.184561252593994,2.400731086730957,2.5763347148895264,2.826998710632324,3.33669114112854,3.7687339782714844,3.5841031074523926,3.8684945106506348,5.137944221496582,5.594915866851807,5.415639877319336,4.885660171508789,4.194551944732666,-310.4913024902344,82.10223388671875,26.416114807128906,9.192201614379883,18.52688980102539,13.346040725708008,9.526850700378418,12.682214736938477,5.264711856842041,5.5608415603637695,10.639240264892578,8.72890567779541,4.146155834197998,3.05220627784729,2.3103649616241455,2.3767194747924805,2.574524402618408,2.190174102783203,2.4332642555236816,2.3971474170684814,0.33759644627571106,0.3551592230796814,0.4663375914096832,0.6430367827415466,0.9306617379188538,0.8386675715446472,0.4679567515850067,0.38661739230155945,0.3641543984413147,0.36182263493537903,0.334776908159256,0.3369808793067932,0.20830760896205902,0.18214145302772522,0.21419969201087952,0.19959509372711182,0.12591557204723358,0.15530240535736084,0.1611405313014984,0.22794660925865173,0.22145670652389526,0.24138404428958893,0.2068701982498169,0.2062559425830841,403.3598218594583,310.90747806699534,1251.124185193926,0.009621746302204177,0.001477232901379466,350.0,360.0,355.0,360.0,370.0,365.0,3,pranayama
P3,-6.984131336212158,-14.456694602966309,-29.1677188873291,-35.14885330200195,-40.931095123291016,-40.4938850402832,-42.194400787353516,-44.861167907714844,-45.60199737548828,-47.25290298461914,-46.79496383666992,-48.843360900878906,-51.15393829345703,-52.85283279418945,-56.07360076904297,-56.055747985839844,-57.58114242553711,-59.4268684387207,-61.4753303527832,-63.55598068237305,-66.4271240234375,-68.8839111328125,-70.00806427001953,-69.83136749267578,-68.95249938964844,-69.30050659179688,-68.01753997802734,-65.19317626953125,-64.56029510498047,-65.6162109375,-67.2962875366211,-68.99954223632812,2.7724616527557373,2.7613766193389893,2.321652412414551,2.8647243976593018,3.6118247509002686,2.931663751602173,2.7031145095825195,2.6128668785095215,2.701282262802124,2.5169575214385986,2.566267728805542,2.5322940349578857,2.4235613346099854,2.5270233154296875,2.9417176246643066,2.632741689682007,2.707651138305664,2.816087484359741,2.8367443084716797,2.825747013092041,2.9084033966064453,3.1134402751922607,3.4113917350769043,4.243755340576172,4.752356052398682,4.645544052124023,5.249197006225586,7.024281978607178,7.308037281036377,6.7613606452941895,6.002746105194092,4.982451915740967,-302.9940490722656,79.49008178710938,27.403003692626953,8.552103042602539,18.699064254760742,13.30107307434082,8.039712905883789,12.953166007995605,4.611798286437988,6.128625392913818,15.076376914978027,10.0955171585083,5.195163726806641,3.4581198692321777,2.7398123741149902,2.5965397357940674,3.2854628562927246,2.440033197402954,2.8926167488098145,2.4859676361083984,0.31821370124816895,0.3436654210090637,0.4623378813266754,0.6433669924736023,0.927884042263031,0.8406388163566589,0.4718979597091675,0.39017295837402344,0.35863107442855835,0.3482128381729126,0.31568580865859985,0.3156340420246124,0.1993982195854187,0.1792372614145279,0.2245696634054184,0.20699810981750488,0.12103616446256638,0.16100528836250305,0.1733146607875824,0.23914580047130585,0.22250805795192719,0.2312287986278534,0.1992923617362976,0.2014201134443283,482.55630471058396,398.9388096360209,1404.672854749786,0.010150812064965197,0.0014607070479542017,360.0,370.0,365.0,370.0,380.0,375.0,3,pranayama
P3,-7.223415374755859,-14.435340881347656,-29.07663917541504,-35.52804183959961,-41.48173904418945,-41.382442474365234,-42.78580856323242,-45.251590728759766,-46.28053283691406,-47.52363586425781,-46.84809875488281,-49.26295852661133,-51.628753662109375,-53.56247329711914,-56.79970169067383,-56.95954513549805,-58.634864807128906,-60.2950325012207,-62.3293571472168,-64.29353332519531,-67.22783660888672,-69.8028335571289,-71.47049713134766,-71.7095947265625,-70.6668472290039,-70.83246612548828,-70.23947143554688,-68.29290771484375,-67.52395629882812,-68.3404312133789,-69.5089340209961,-71.00540924072266,2.8362348079681396,2.6738133430480957,2.2638139724731445,2.551340341567993,2.648183822631836,2.4088938236236572,2.103360414505005,2.4564409255981445,2.3327486515045166,2.2267544269561768,2.269073247909546,2.2207698822021484,2.1373791694641113,2.20072865486145,2.5094966888427734,2.0128607749938965,1.7458503246307373,1.9387861490249634,2.17490291595459,2.1773815155029297,2.2520484924316406,2.2223637104034424,2.0777084827423096,2.591890335083008,2.9971752166748047,2.7633237838745117,3.045257091522217,4.749134540557861,5.296802043914795,4.858863830566406,3.9975616931915283,3.0061306953430176,-309.0418395996094,83.63970184326172,25.886442184448242,9.278340339660645,18.825843811035156,13.218083381652832,9.211496353149414,12.815716743469238,4.802500247955322,5.479098320007324,9.013310432434082,7.300989151000977,3.8194351196289062,2.949453353881836,2.37275767326355,2.416916608810425,2.577577829360962,2.375105857849121,2.5145225524902344,2.4348437786102295,0.3265616297721863,0.34647104144096375,0.46006762981414795,0.6694592237472534,0.9471920728683472,0.83033686876297,0.4492933750152588,0.3853646516799927,0.3706895411014557,0.36653223633766174,0.3453589975833893,0.3367580771446228,0.20790868997573853,0.1827317178249359,0.21538691222667694,0.17793965339660645,0.10684267431497574,0.15249936282634735,0.16547434031963348,0.22185252606868744,0.2154122143983841,0.2258472889661789,0.20517036318778992,0.20622314512729645,386.1590329487787,285.3524121773492,1208.9706102934447,0.009080218604988399,0.00142187369056046,370.0,380.0,375.0,380.0,390.0,385.0,3,pranayama
P3,-7.724266052246094,-14.903491020202637,-29.38428497314453,-35.3465690612793,-40.85457229614258,-40.838539123535156,-42.337364196777344,-45.27455139160156,-46.23835372924805,-47.78636932373047,-47.22126388549805,-49.14929962158203,-51.648990631103516,-53.40420150756836,-56.22735595703125,-56.447994232177734,-58.0814208984375,-59.72995376586914,-61.52443313598633,-63.39146041870117,-66.15117645263672,-68.66866302490234,-70.05110931396484,-69.73020935058594,-68.31578063964844,-68.81393432617188,-68.03512573242188,-64.93225860595703,-63.776329040527344,-64.84933471679688,-66.64794921875,-68.73817443847656,2.7342119216918945,2.6528162956237793,2.1592228412628174,2.820277452468872,3.4434924125671387,2.8773491382598877,2.417137622833252,2.6538877487182617,2.817154884338379,2.4873151779174805,2.6964426040649414,2.6950626373291016,2.6629114151000977,2.7495994567871094,3.0912318229675293,2.6338729858398438,2.7444989681243896,2.8301663398742676,3.201908588409424,3.3091721534729004,3.5667765140533447,3.4875519275665283,3.6351864337921143,4.376606464385986,5.0619988441467285,4.814852714538574,5.3152546882629395,7.212613582611084,7.843692302703857,7.295982837677002,6.2380170822143555,4.942490577697754,-303.3885498046875,77.64612579345703,28.220172882080078,8.7214937210083,18.504772186279297,12.957955360412598,7.887013912200928,12.652113914489746,4.105910778045654,6.070298671722412,16.076107025146484,10.795822143554688,4.756508827209473,3.6073155403137207,2.856027364730835,2.3878273963928223,3.193113088607788,2.489583969116211,3.267543315887451,2.4214909076690674,0.33911362290382385,0.3562758266925812,0.4621913433074951,0.6733251214027405,0.9508665800094604,0.8388940095901489,0.45999929308891296,0.4017021954059601,0.37519529461860657,0.36217767000198364,0.33528009057044983,0.3348524272441864,0.2114930897951126,0.18730111420154572,0.22060060501098633,0.18050259351730347,0.09295050799846649,0.14394868910312653,0.1749715805053711,0.22345766425132751,0.22469139099121094,0.23830802738666534,0.1964755356311798,0.20207370817661285,524.7707540026112,476.4783252972738,1482.0821787716486,0.01050654364849188,0.0014267847873270512,380.0,390.0,385.0,390.0,400.0,395.0,3,pranayama
P3,-7.950342655181885,-15.470954895019531,-30.099151611328125,-36.38239669799805,-42.72819519042969,-42.36915969848633,-42.96855163574219,-46.14542007446289,-47.61214065551758,-48.713932037353516,-48.31633377075195,-50.42808151245117,-52.80510330200195,-54.83482360839844,-57.62318801879883,-57.44353485107422,-58.6845817565918,-60.88601303100586,-63.08137130737305,-64.94246673583984,-67.62163543701172,-69.77452850341797,-70.69307708740234,-70.8324966430664,-70.30724334716797,-70.62722778320312,-70.10087585449219,-68.47087860107422,-68.10228729248047,-68.87250518798828,-69.7137680053711,-70.65100860595703,2.617373466491699,2.7119719982147217,2.2817223072052,2.653545379638672,2.6402270793914795,2.4231529235839844,2.3589975833892822,2.5871260166168213,2.636833667755127,2.8031468391418457,2.478699207305908,2.4555823802948,2.347402811050415,2.5695269107818604,3.051267147064209,2.482727289199829,2.492703676223755,2.534409523010254,2.862818479537964,3.131481885910034,3.8873510360717773,4.354377269744873,4.9720778465271,5.178751468658447,5.006566524505615,4.649169445037842,4.491502285003662,5.414076328277588,5.984918594360352,5.770862579345703,5.3154988288879395,4.885188102722168,-312.05560302734375,81.158935546875,26.26833724975586,10.573759078979492,18.18265724182129,13.224723815917969,8.98765754699707,12.019783020019531,6.0763349533081055,5.452167510986328,14.201353073120117,10.885587692260742,3.9283864498138428,3.0875375270843506,2.602487325668335,2.207568883895874,2.4205687046051025,2.4385135173797607,2.3598108291625977,2.3953123092651367,0.34914255142211914,0.35936301946640015,0.4607308804988861,0.6240079402923584,0.9188560843467712,0.8640282154083252,0.4922962486743927,0.39308464527130127,0.37563368678092957,0.37813684344291687,0.35061582922935486,0.3523949384689331,0.2144893854856491,0.18682540953159332,0.21117624640464783,0.209605872631073,0.11659684032201767,0.15387283265590668,0.15476125478744507,0.20881563425064087,0.2051144540309906,0.2210683971643448,0.20088422298431396,0.21085596084594727,406.35140794140307,318.1018661180394,1247.5746575300138,0.009106275377030163,0.0014974359655752778,390.0,400.0,395.0,400.0,410.0,405.0,3,pranayama
P3,-7.2095046043396,-14.439593315124512,-29.185346603393555,-35.089569091796875,-40.55840301513672,-40.34116744995117,-41.68349838256836,-44.90077590942383,-45.75979232788086,-47.107879638671875,-47.19696044921875,-48.97768783569336,-50.99555969238281,-52.762725830078125,-54.90394973754883,-54.819114685058594,-56.218441009521484,-58.11812210083008,-60.15648651123047,-61.82699966430664,-63.94212341308594,-65.56056213378906,-65.52120208740234,-64.84614562988281,-65.55965423583984,-66.63092803955078,-65.82939910888672,-62.877601623535156,-61.74509811401367,-63.031124114990234,-64.8102035522461,-66.67051696777344,2.56076979637146,2.645704746246338,2.400397300720215,2.645779609680176,3.2792632579803467,2.7420735359191895,2.2602007389068604,2.4462451934814453,2.514312267303467,2.430748462677002,2.6284255981445312,2.5612099170684814,2.4174582958221436,2.6943559646606445,3.184222459793091,2.8603765964508057,3.3461272716522217,3.041701316833496,3.049166679382324,3.233262538909912,3.8936803340911865,4.413963317871094,5.211272239685059,5.614218711853027,4.722814083099365,4.573586463928223,4.684044361114502,5.725010871887207,6.019183158874512,5.729598522186279,5.387972831726074,5.122237205505371,-295.089111328125,72.53455352783203,27.575481414794922,11.308773040771484,17.065820693969727,13.212008476257324,8.294577598571777,11.168721199035645,5.663993835449219,6.675925254821777,14.313036918640137,10.637362480163574,4.527846336364746,3.7199244499206543,2.7986762523651123,2.632457971572876,2.877878427505493,2.625974655151367,2.6596057415008545,2.516895294189453,0.3358893096446991,0.34839707612991333,0.450795978307724,0.6467915177345276,0.9423916339874268,0.8471448421478271,0.4679250419139862,0.40584778785705566,0.38630324602127075,0.3801702558994293,0.35518938302993774,0.3467375636100769,0.20869380235671997,0.18671685457229614,0.21670256555080414,0.18315662443637848,0.1010480523109436,0.14954563975334167,0.16687090694904327,0.22631041705608368,0.2185107320547104,0.2332737147808075,0.21031451225280762,0.20783863961696625,555.5012151833347,494.1645292560905,1552.6802973883862,0.01058697977088167,0.0014174830866977572,400.0,410.0,405.0,410.0,420.0,415.0,3,pranayama
P3,-7.104004859924316,-14.493069648742676,-29.0894775390625,-35.32872772216797,-41.41061782836914,-40.913944244384766,-41.70112991333008,-45.292442321777344,-46.44933319091797,-47.802066802978516,-47.18350601196289,-49.515750885009766,-52.12551498413086,-53.809898376464844,-56.964111328125,-56.921302795410156,-58.381832122802734,-60.296302795410156,-62.257957458496094,-64.22797393798828,-67.24333190917969,-69.67021942138672,-71.19098663330078,-71.03163146972656,-70.13658142089844,-70.36773681640625,-69.3720474243164,-67.23564147949219,-66.53939819335938,-67.2554931640625,-68.70708465576172,-70.0962142944336,2.873732805252075,2.652632713317871,2.289419174194336,2.7340543270111084,3.17161226272583,2.827488899230957,2.402055263519287,2.5113749504089355,2.6984376907348633,2.445988655090332,2.4739460945129395,2.419713020324707,2.7193033695220947,2.6608331203460693,2.731907367706299,2.5461106300354004,2.5660243034362793,2.712611675262451,2.8482844829559326,2.8359925746917725,2.9198899269104004,3.033841133117676,3.070085048675537,3.7312796115875244,4.497454643249512,4.282263278961182,4.988326549530029,6.934144496917725,7.354945182800293,6.576736927032471,5.409217357635498,4.4208550453186035,-307.61187744140625,82.10304260253906,27.38957405090332,9.23752498626709,18.66440773010254,12.771815299987793,8.383890151977539,12.765557289123535,4.975034236907959,5.784038066864014,14.224903106689453,10.05642318725586,4.642336368560791,3.0490562915802,2.508896589279175,2.506387710571289,3.362727642059326,2.6574349403381348,2.994112968444824,2.4461708068847656,0.3519595265388489,0.3774226903915405,0.48834753036499023,0.7067773342132568,0.9463813900947571,0.8065783381462097,0.43955540657043457,0.39378097653388977,0.374074786901474,0.3594782054424286,0.33890724182128906,0.34429457783699036,0.22426684200763702,0.20174358785152435,0.2383563369512558,0.18589913845062256,0.11508677154779434,0.16139782965183258,0.1726335883140564,0.21816658973693848,0.22393932938575745,0.2354501485824585,0.21213731169700623,0.21911489963531494,433.1509844950977,372.9590750072506,1294.2270672595303,0.009440481801044084,0.0014863320393487811,410.0,420.0,415.0,420.0,430.0,425.0,3,pranayama
P3,-6.687018394470215,-14.025606155395508,-28.829654693603516,-35.05949020385742,-40.782318115234375,-40.71541976928711,-41.59800338745117,-45.174644470214844,-46.23133850097656,-47.48029327392578,-47.23850631713867,-49.455989837646484,-52.05582046508789,-53.97169494628906,-56.8677978515625,-56.59260940551758,-58.28935241699219,-60.22285461425781,-62.105804443359375,-64.14495086669922,-66.97855377197266,-69.55321502685547,-71.17271423339844,-71.41301727294922,-70.14898681640625,-70.36027526855469,-69.73682403564453,-67.60895538330078,-66.86825561523438,-67.66603088378906,-68.83981323242188,-70.4238052368164,2.7557196617126465,2.6472067832946777,2.4115231037139893,2.6309704780578613,2.803640365600586,2.457946300506592,2.1070470809936523,2.387769937515259,2.5150961875915527,2.4541966915130615,2.52729868888855,2.242727279663086,2.220644474029541,2.333158016204834,2.483672857284546,2.2095284461975098,2.074211359024048,2.0441672801971436,2.0505521297454834,2.296973705291748,2.4966444969177246,2.4991841316223145,2.3903846740722656,2.769681692123413,3.285667896270752,3.173600912094116,3.3861260414123535,4.957340240478516,5.3037333488464355,4.715775012969971,3.810086488723755,2.90218186378479,-307.2908630371094,83.21656799316406,27.22635841369629,9.730159759521484,18.78349494934082,12.570477485656738,8.449209213256836,12.768516540527344,5.040910243988037,5.702821731567383,9.854561805725098,7.182539939880371,3.813526153564453,2.7951738834381104,2.493267059326172,2.5488228797912598,2.653871536254883,2.3185014724731445,2.5953211784362793,2.292015790939331,0.3270111083984375,0.3566875159740448,0.46793392300605774,0.6776914000511169,0.9501685500144958,0.8324156403541565,0.4471614956855774,0.38163670897483826,0.35684338212013245,0.34484338760375977,0.3226727843284607,0.32407447695732117,0.20830915868282318,0.18918438255786896,0.21732452511787415,0.17576716840267181,0.10029598325490952,0.1504373401403427,0.1698131263256073,0.21296101808547974,0.2095775157213211,0.2240028977394104,0.195627823472023,0.19972282648086548,376.1850783400192,270.8637140189965,1203.2838560709065,0.008977124419953596,0.0014954461948946118,420.0,430.0,425.0,430.0,440.0,435.0,3,pranayama
P3,-8.343304634094238,-15.209145545959473,-30.116275787353516,-35.9055061340332,-41.79151916503906,-41.63042068481445,-42.8512077331543,-45.90130615234375,-47.06373596191406,-48.633636474609375,-48.10810470581055,-50.30186080932617,-52.653812408447266,-54.29738998413086,-56.97722244262695,-57.25124740600586,-58.493927001953125,-60.41177749633789,-62.197208404541016,-64.14934539794922,-66.94621276855469,-69.1029281616211,-70.38628387451172,-70.12838745117188,-68.80856323242188,-69.27101135253906,-68.05294036865234,-64.69837951660156,-63.639583587646484,-64.76219940185547,-66.6223373413086,-68.62737274169922,2.8023858070373535,2.6685547828674316,2.3740367889404297,2.8192880153656006,3.429253101348877,3.117027997970581,2.592395305633545,2.5700881481170654,2.717137336730957,2.5188398361206055,2.695340156555176,2.7029001712799072,2.4976348876953125,2.790351152420044,3.160795211791992,2.4336581230163574,2.672163248062134,2.9345719814300537,2.9669854640960693,3.0607831478118896,3.2375786304473877,3.331271171569824,3.376270055770874,3.897399663925171,4.4807515144348145,4.372858047485352,5.096191883087158,6.701160430908203,6.9648613929748535,6.237974643707275,5.6086649894714355,4.85072135925293,-306.4130554199219,76.26691436767578,29.409406661987305,8.705697059631348,18.75998306274414,12.86125373840332,7.653458595275879,12.893301963806152,4.328987121582031,6.407828330993652,14.856585502624512,9.684911727905273,4.321940898895264,3.492959499359131,2.6235783100128174,2.6427838802337646,3.367629289627075,2.7499935626983643,3.108027696609497,2.4538774490356445,0.31085503101348877,0.32374653220176697,0.41890594363212585,0.6144774556159973,0.9294489026069641,0.8387399315834045,0.44984591007232666,0.38428518176078796,0.36497804522514343,0.35695669054985046,0.3248155117034912,0.31747883558273315,0.2151755839586258,0.19472278654575348,0.228267103433609,0.19811025261878967,0.12229699641466141,0.1642109453678131,0.16841872036457062,0.22533565759658813,0.21918973326683044,0.23994670808315277,0.21221710741519928,0.21551597118377686,532.4783230729496,467.9849505147912,1515.2619592688823,0.010673080408932714,0.0014587956247851253,430.0,440.0,435.0,440.0,450.0,445.0,3,pranayama
P3,-8.151251792907715,-15.380897521972656,-30.118385314941406,-36.532501220703125,-42.439720153808594,-42.136837005615234,-43.145477294921875,-46.50942611694336,-47.76032257080078,-48.85758972167969,-48.670433044433594,-50.73329544067383,-53.06098937988281,-55.1578369140625,-58.20772933959961,-58.00047302246094,-59.467430114746094,-61.41447067260742,-63.48874282836914,-65.45723724365234,-68.40851593017578,-70.76394653320312,-71.96136474609375,-72.02837371826172,-71.32221984863281,-71.60547637939453,-70.98303985595703,-69.06322479248047,-68.50067138671875,-69.36702728271484,-70.41329956054688,-71.61390686035156,2.732459306716919,2.7456347942352295,2.3096039295196533,2.6820201873779297,2.5703392028808594,2.527235507965088,2.206404685974121,2.2060964107513428,2.2587945461273193,2.3456616401672363,2.3624532222747803,2.083888053894043,2.090855836868286,2.2519631385803223,2.411107301712036,2.1244161128997803,1.927950382232666,1.9271961450576782,2.091308116912842,2.200009346008301,2.256510019302368,2.541255235671997,2.7182955741882324,3.010279417037964,3.196174383163452,3.038274049758911,3.1851539611816406,4.337961673736572,4.573038578033447,4.04667854309082,3.4197769165039062,2.8770103454589844,-314.7901611328125,82.9418716430664,26.74781608581543,10.113473892211914,18.51984977722168,12.968330383300781,8.695282936096191,12.341261863708496,5.395589828491211,5.485650539398193,9.256322860717773,6.752781391143799,3.377678394317627,2.4699959754943848,2.4515368938446045,2.5057108402252197,2.564613103866577,2.2800631523132324,2.4751946926116943,2.2160558700561523,0.3046700358390808,0.3479383885860443,0.4824608862400055,0.6963226795196533,0.9494523406028748,0.8302010297775269,0.43853357434272766,0.36794567108154297,0.3405652940273285,0.3294113278388977,0.3067229092121124,0.30207353830337524,0.1967354118824005,0.18262732028961182,0.22522185742855072,0.17457178235054016,0.10684946924448013,0.15414667129516602,0.17176418006420135,0.22633162140846252,0.21439282596111298,0.21827656030654907,0.1901136040687561,0.19002549350261688,376.67247309282897,269.1400585484339,1200.895115135263,0.00925581859048724,0.0014596234541386366,440.0,450.0,445.0,450.0,460.0,455.0,3,pranayama
P3,-7.101618766784668,-14.320109367370605,-28.752910614013672,-34.30803298950195,-38.95869064331055,-39.21369171142578,-40.84501266479492,-43.98269271850586,-44.852840423583984,-46.32423782348633,-46.20864486694336,-47.86080551147461,-49.94019317626953,-50.89899826049805,-53.15433883666992,-53.582054138183594,-55.19047164916992,-57.00588607788086,-58.511600494384766,-60.34281539916992,-62.56895446777344,-64.73390197753906,-65.00694274902344,-64.05885314941406,-62.627403259277344,-64.3335189819336,-64.58447265625,-60.53449630737305,-59.90303421020508,-61.31133270263672,-63.120330810546875,-65.26988220214844,2.7193782329559326,2.6358113288879395,2.482710361480713,3.5875322818756104,4.597814083099365,3.9046974182128906,3.286358118057251,3.404538154602051,3.5075740814208984,3.4414260387420654,3.2192206382751465,3.5686357021331787,3.9138662815093994,4.929643154144287,5.002258777618408,4.774137496948242,5.2064738273620605,4.850159168243408,4.889554977416992,4.9916558265686035,5.068304061889648,4.765416145324707,5.414028644561768,7.113253593444824,8.380736351013184,6.328221797943115,5.753762245178223,7.922390937805176,7.900534152984619,7.247080326080322,6.353567123413086,5.202419281005859,-288.04150390625,70.45904541015625,27.33498191833496,10.55228328704834,16.82364845275879,13.48385238647461,6.9328694343566895,10.971989631652832,5.066758155822754,6.277008533477783,22.32423973083496,12.011639595031738,5.45755672454834,3.8822860717773438,3.404175281524658,3.3678038120269775,4.407381057739258,3.0151424407958984,3.534729480743408,2.970097780227661,0.34360891580581665,0.3603416383266449,0.4671074450016022,0.6577385663986206,0.9282334446907043,0.8354161381721497,0.45120593905448914,0.3967569172382355,0.3791426420211792,0.37192392349243164,0.3493596613407135,0.3469592034816742,0.220806285738945,0.1920820027589798,0.22195899486541748,0.18828411400318146,0.12905870378017426,0.15729451179504395,0.16783607006072998,0.23570607602596283,0.22605936229228973,0.23683276772499084,0.2164182960987091,0.2211977243423462,659.1514046437419,809.293714200261,1660.3034098592684,0.011416264863689095,0.001464496599510312,450.0,460.0,455.0,460.0,470.0,465.0,3,pranayama
P3,-12.840904235839844,-21.0316219329834,-35.97135543823242,-40.09025192260742,-44.16305923461914,-44.28725051879883,-45.423614501953125,-47.811424255371094,-48.95689392089844,-51.267066955566406,-50.94456100463867,-51.289215087890625,-53.366275787353516,-55.25171661376953,-57.42301559448242,-57.6015625,-59.438968658447266,-61.2260856628418,-64.06436157226562,-66.83132934570312,-70.40261840820312,-71.96836853027344,-70.68278503417969,-68.75965881347656,-66.7139663696289,-68.88846588134766,-70.59916687011719,-66.22499084472656,-64.9332275390625,-68.73886108398438,-72.11184692382812,-74.67705535888672,4.952467441558838,3.4762721061706543,2.6287827491760254,4.14032506942749,5.234576225280762,5.159783840179443,5.550523281097412,6.555904388427734,6.417384624481201,6.000163555145264,5.320339679718018,6.40468168258667,5.742650985717773,5.005945682525635,4.847597599029541,6.016330718994141,5.469608306884766,4.887641906738281,4.172314167022705,4.320468425750732,3.96103572845459,4.8324174880981445,6.922287940979004,8.877713203430176,9.930146217346191,8.3455171585083,6.422145366668701,9.096943855285645,9.561079978942871,6.963568687438965,5.099183082580566,4.055389881134033,-318.9018859863281,73.50033569335938,22.970844268798828,9.052326202392578,14.121760368347168,16.617937088012695,3.4808006286621094,11.789534568786621,6.052500247955322,6.223021030426025,26.35953712463379,12.566851615905762,5.252821445465088,6.437236785888672,6.685635089874268,6.058743476867676,5.036009311676025,3.8089702129364014,3.663902997970581,2.6532840728759766,0.29190289974212646,0.31425872445106506,0.417823851108551,0.5907492637634277,0.8361966013908386,0.761027455329895,0.48232755064964294,0.47155824303627014,0.40998291969299316,0.3554942011833191,0.29972130060195923,0.2906232476234436,0.22104193270206451,0.21086466312408447,0.26051363348960876,0.27642711997032166,0.28885409235954285,0.23102091252803802,0.1688050478696823,0.28975409269332886,0.22722433507442474,0.20923365652561188,0.19679151475429535,0.21771521866321564,651.5901607271409,1051.354895501015,1573.8671126027416,0.01247892800174014,0.001972219906747341,460.0,470.0,465.0,470.0,480.0,475.0,1,chanting
P3,-6.017066478729248,-16.95209312438965,-28.768024444580078,-35.67082977294922,-42.66387176513672,-45.57644271850586,-46.33448791503906,-47.960567474365234,-49.074764251708984,-50.8856315612793,-51.78012466430664,-53.848045349121094,-55.33802795410156,-57.850914001464844,-60.95997619628906,-61.28376007080078,-60.692604064941406,-62.33246612548828,-67.32264709472656,-69.96531677246094,-72.95503997802734,-75.22013092041016,-72.91142272949219,-71.48881530761719,-71.3580322265625,-72.68904876708984,-73.56094360351562,-69.70733642578125,-67.66851043701172,-71.63593292236328,-75.32471466064453,-76.82683563232422,4.083682537078857,2.705500602722168,3.8659842014312744,6.895420551300049,6.4148077964782715,3.927950859069824,5.017852783203125,5.756484508514404,5.598221302032471,5.516053199768066,4.784754276275635,5.108102321624756,4.45040225982666,4.152283191680908,3.925532102584839,3.51666259765625,3.197050094604492,3.1675431728363037,2.7008655071258545,2.6560463905334473,2.8498106002807617,3.625387668609619,4.615089416503906,5.684394359588623,6.779218673706055,6.554821491241455,5.162254333496094,5.529606342315674,7.714236736297607,6.108206272125244,4.117019176483154,3.438253402709961,-325.7330322265625,85.73123931884766,30.45427131652832,13.327871322631836,17.63102149963379,17.704172134399414,6.1483683586120605,13.819045066833496,6.613607406616211,4.891717910766602,20.223907470703125,8.493243217468262,6.145309925079346,5.648134231567383,6.022863864898682,3.742417335510254,3.9549596309661865,3.1311540603637695,3.501542329788208,2.146801233291626,0.06521834433078766,0.07277147471904755,0.11459244042634964,0.1669706255197525,0.2766677737236023,0.36286312341690063,0.5767446756362915,0.9319976568222046,0.7622161507606506,0.5167536735534668,0.22324076294898987,0.08535513281822205,0.10585815459489822,0.10812367498874664,0.1430237740278244,0.1827864944934845,0.2541038393974304,0.22556576132774353,0.0955023318529129,0.19971925020217896,0.16463369131088257,0.15928198397159576,0.10470996052026749,0.11495175957679749,380.45041475400456,424.66873912412996,1119.3600795763664,0.010032990139211138,0.0033706005197018385,470.0,480.0,475.0,480.0,490.0,485.0,1,chanting
P3,-6.8039069175720215,-17.438812255859375,-30.98788070678711,-36.557769775390625,-40.44049835205078,-41.94983673095703,-41.78425979614258,-42.66105270385742,-43.10626983642578,-46.653099060058594,-47.250064849853516,-48.24774169921875,-50.741119384765625,-53.55194091796875,-56.620567321777344,-57.607906341552734,-57.60369110107422,-58.556427001953125,-63.49304962158203,-67.71233367919922,-71.56224822998047,-72.48775482177734,-68.1823501586914,-65.54943084716797,-64.57151794433594,-65.14496612548828,-68.31452941894531,-63.62374496459961,-61.175533294677734,-67.15872955322266,-71.30442810058594,-74.81362915039062,5.355598449707031,3.55873966217041,4.644102096557617,4.264315128326416,4.598273277282715,5.556784152984619,6.900522708892822,7.004897594451904,7.543694972991943,7.199822425842285,7.322930335998535,7.755541801452637,6.623178958892822,5.794705867767334,5.38681173324585,5.745330810546875,4.694416522979736,4.27068567276001,4.714207649230957,4.040894031524658,4.091487407684326,5.832942008972168,8.11474895477295,9.936507225036621,10.742626190185547,9.355094909667969,6.946432590484619,8.384471893310547,7.553839206695557,6.15258264541626,5.728799819946289,5.117137908935547,-304.702392578125,79.32545471191406,27.07522201538086,7.665421009063721,10.814526557922363,19.764068603515625,2.790701150894165,14.927899360656738,8.181974411010742,5.586601734161377,25.90690040588379,16.134132385253906,5.665879726409912,7.388289928436279,10.258515357971191,5.399343967437744,4.252495288848877,5.125644207000732,3.471667528152466,2.6588075160980225,0.11608076095581055,0.13054554164409637,0.18557283282279968,0.26589715480804443,0.3698107600212097,0.4139091372489929,0.6033102869987488,0.8333427309989929,0.6869282126426697,0.500205397605896,0.21694231033325195,0.12288909405469894,0.1880241483449936,0.19638341665267944,0.24727633595466614,0.3039515018463135,0.3579520285129547,0.2473839670419693,0.14413844048976898,0.29514530301094055,0.23583045601844788,0.18730396032333374,0.13426676392555237,0.17535915970802307,644.2422075778652,1256.0452277588456,1452.245435781457,0.01453061557424594,0.003461983287706971,480.0,490.0,485.0,490.0,500.0,495.0,1,chanting
P3,-8.620351791381836,-18.328664779663086,-31.41790008544922,-37.4705810546875,-41.63518524169922,-42.82851791381836,-43.091773986816406,-45.42608642578125,-46.006072998046875,-48.510650634765625,-48.46916580200195,-48.737186431884766,-51.051185607910156,-54.01910400390625,-56.89312744140625,-57.369903564453125,-57.357303619384766,-58.822696685791016,-63.24686813354492,-67.58877563476562,-71.52095794677734,-72.22525787353516,-66.85270690917969,-64.32884216308594,-65.44732666015625,-67.08573150634766,-69.32996368408203,-66.38087463378906,-65.29891967773438,-69.02706146240234,-72.2861557006836,-74.43565368652344,5.2485761642456055,3.7363572120666504,4.114628314971924,5.4687933921813965,7.04392671585083,6.569684982299805,7.904149055480957,8.912068367004395,8.394186973571777,7.909364223480225,7.361166477203369,8.759563446044922,7.580251693725586,6.755846977233887,6.307478427886963,6.001806735992432,5.410940647125244,5.107574462890625,5.3974080085754395,4.385656356811523,4.641443729400635,6.4063825607299805,7.726253986358643,10.221259117126465,12.144064903259277,10.87067699432373,8.71327018737793,9.879704475402832,10.822155952453613,8.4778413772583,6.5314812660217285,5.958973407745361,-309.5555419921875,78.57063293457031,23.971101760864258,10.43382740020752,12.174850463867188,19.26270294189453,4.31375789642334,11.450691223144531,8.877275466918945,3.8904969692230225,33.902862548828125,16.196453094482422,3.2633886337280273,8.328631401062012,9.147003173828125,5.1533613204956055,5.562965393066406,3.846907377243042,2.920149087905884,2.5858051776885986,0.15968607366085052,0.17601731419563293,0.24089953303337097,0.35571497678756714,0.49238693714141846,0.5069507360458374,0.5951085090637207,0.7574089169502258,0.6441113948822021,0.48554450273513794,0.24282637238502502,0.16364102065563202,0.19562730193138123,0.19251273572444916,0.24269302189350128,0.30800196528434753,0.3789719045162201,0.2803424298763275,0.17470106482505798,0.3258917033672333,0.28320926427841187,0.23858261108398438,0.16593652963638306,0.19222956895828247,640.0781147321901,1239.158400250145,1422.741231137944,0.014481900739559165,0.0027649158146232367,490.0,500.0,495.0,500.0,510.0,505.0,1,chanting
P3,-5.344514846801758,-15.891447067260742,-28.55303955078125,-35.12318420410156,-41.996463775634766,-44.22111129760742,-44.883583068847656,-46.09145736694336,-46.13480758666992,-49.85916519165039,-50.123077392578125,-51.57585525512695,-53.918914794921875,-56.75625228881836,-59.64525604248047,-60.24723434448242,-60.13865661621094,-61.353675842285156,-66.12879180908203,-69.26876068115234,-72.81523132324219,-75.17408752441406,-72.4177474975586,-70.82054138183594,-72.74999237060547,-72.57903289794922,-73.28892517089844,-71.17402648925781,-68.86141967773438,-72.0965347290039,-75.80857849121094,-77.35845947265625,2.8474199771881104,2.2028419971466064,3.0769529342651367,6.0627360343933105,4.924551486968994,4.588962078094482,5.015521049499512,5.3478779792785645,5.949653148651123,5.0622453689575195,5.657567977905273,6.113536357879639,5.081582546234131,4.484205722808838,3.879436492919922,2.605778932571411,2.4560434818267822,2.7444307804107666,2.5327346324920654,1.9917514324188232,2.2720494270324707,2.256781578063965,4.2112884521484375,4.949223518371582,4.170051574707031,6.2136406898498535,5.508418560028076,3.7475314140319824,5.954982280731201,4.633600234985352,2.8704910278320312,1.9384639263153076,-322.15777587890625,89.54412078857422,27.998653411865234,12.148468971252441,16.824249267578125,17.221532821655273,6.73881196975708,14.117410659790039,7.300296306610107,4.910488128662109,17.969106674194336,4.223551273345947,5.438254356384277,5.707242012023926,6.081996917724609,4.802407741546631,3.643578052520752,3.0929250717163086,3.45961332321167,2.508622169494629,0.0627862960100174,0.0731283575296402,0.11554203182458878,0.17094619572162628,0.2555200457572937,0.3346799910068512,0.6278305053710938,0.9564338326454163,0.7975087761878967,0.5716338157653809,0.21138781309127808,0.07568816840648651,0.08041799068450928,0.09777318686246872,0.13931868970394135,0.17219135165214539,0.20524752140045166,0.1665993481874466,0.08964914083480835,0.15968731045722961,0.16542555391788483,0.17336329817771912,0.0764944925904274,0.07542578876018524,330.1137110705431,297.06827327436196,1023.8021561267011,0.009017908932714617,0.003060432616621256,500.0,510.0,505.0,510.0,520.0,515.0,1,chanting
P3,-8.22387409210205,-17.628536224365234,-31.0417423248291,-34.25214385986328,-39.58473205566406,-41.768653869628906,-42.762821197509766,-42.309165954589844,-43.523075103759766,-46.68904495239258,-47.20878219604492,-48.36781692504883,-50.97178268432617,-53.39366912841797,-56.248748779296875,-56.799407958984375,-56.81322479248047,-57.97534942626953,-62.51972198486328,-66.83496856689453,-69.94304656982422,-70.14173889160156,-66.97811126708984,-64.5894546508789,-62.296810150146484,-64.23624420166016,-67.01651000976562,-63.21935272216797,-60.88489532470703,-65.63642883300781,-70.52217864990234,-72.99636840820312,5.510300636291504,3.5964066982269287,4.050551414489746,4.867994785308838,4.632567882537842,5.063649654388428,6.003389835357666,7.364394187927246,6.465372562408447,6.322782516479492,6.481221675872803,6.920134544372559,6.257474899291992,5.258182525634766,4.78197717666626,5.714541912078857,4.837898254394531,4.470350742340088,4.44295072555542,4.001107692718506,4.438868522644043,5.822752952575684,7.328606128692627,9.170419692993164,10.140016555786133,7.879157066345215,4.861196517944336,7.398421287536621,5.330898284912109,4.582290172576904,5.65253210067749,5.226440906524658,-301.11761474609375,76.44795989990234,26.957340240478516,9.060446739196777,10.467388153076172,18.757719039916992,2.5912609100341797,13.243351936340332,7.623112678527832,4.2629876136779785,21.5286865234375,17.719043731689453,6.380506992340088,5.953741073608398,7.8860979080200195,5.249622344970703,4.046247482299805,4.744931221008301,3.9438421726226807,2.7227282524108887,0.15029600262641907,0.15279343724250793,0.20163887739181519,0.2931194007396698,0.4600231647491455,0.47602009773254395,0.48995348811149597,0.7066179513931274,0.6869499683380127,0.5992665886878967,0.3222684860229492,0.17572720348834991,0.1947793811559677,0.18809708952903748,0.22437667846679688,0.276369571685791,0.3961844742298126,0.33827704191207886,0.12206737697124481,0.32743749022483826,0.318080335855484,0.2905406653881073,0.15995749831199646,0.19244424998760223,695.1303679925128,1280.3262874311195,1571.573011651845,0.01507780778712297,0.0028141208458691835,510.0,520.0,515.0,520.0,530.0,525.0,1,chanting
P3,-6.802056789398193,-16.014802932739258,-29.52750015258789,-37.2783088684082,-42.365745544433594,-42.99031066894531,-44.353267669677734,-47.294925689697266,-47.19337463378906,-49.856666564941406,-49.59550476074219,-50.92025375366211,-52.646671295166016,-54.979896545410156,-57.30841827392578,-56.55765914916992,-57.160621643066406,-59.165367126464844,-62.69876480102539,-65.22850036621094,-68.27450561523438,-69.29894256591797,-66.75985717773438,-64.12571716308594,-65.06167602539062,-68.83124542236328,-69.66935729980469,-64.78604125976562,-64.77774047851562,-67.63766479492188,-69.48076629638672,-71.51226806640625,3.671330213546753,2.7271728515625,3.5599610805511475,3.863457679748535,4.697728157043457,3.8818235397338867,3.337158679962158,4.080703258514404,4.1817851066589355,3.5328280925750732,3.266570568084717,3.540018081665039,3.3787739276885986,4.004294395446777,4.419635772705078,5.09808874130249,4.728005409240723,4.172750949859619,3.9282617568969727,3.887382984161377,4.229211807250977,5.703269958496094,6.722590923309326,8.647560119628906,10.477860450744629,6.886639595031738,5.433629512786865,8.728229522705078,8.678784370422363,6.766942024230957,6.071840763092041,5.447638988494873,-307.6187744140625,75.44046020507812,26.667753219604492,14.28482723236084,16.177892684936523,16.99138069152832,7.2269792556762695,11.24544620513916,8.460054397583008,5.360888957977295,22.53859519958496,14.247403144836426,3.967029333114624,3.46990704536438,5.764919757843018,3.329026699066162,5.162024974822998,3.2589340209960938,2.7621359825134277,2.4686758518218994,0.17135374248027802,0.18473322689533234,0.25235262513160706,0.36219850182533264,0.48897895216941833,0.49186983704566956,0.5763872265815735,0.7851071953773499,0.7445582151412964,0.6082496643066406,0.2979784905910492,0.18492496013641357,0.18582306802272797,0.1872914731502533,0.23769395053386688,0.2816021144390106,0.3315528333187103,0.2601099908351898,0.1537768393754959,0.28359073400497437,0.2854955196380615,0.2641313970088959,0.13543686270713806,0.1720270812511444,553.8516488413234,870.7957398310615,1396.1424020738596,0.013230042778422274,0.00225141947157681,520.0,530.0,525.0,530.0,540.0,535.0,1,chanting
P3,-6.037724494934082,-16.44512367248535,-31.387208938598633,-35.75908660888672,-41.01150131225586,-42.707313537597656,-41.94504165649414,-43.39451217651367,-44.413482666015625,-47.55234146118164,-48.05168151855469,-49.499122619628906,-51.85872268676758,-54.724369049072266,-58.33440399169922,-60.13576889038086,-60.065589904785156,-60.755008697509766,-64.80323791503906,-69.15827941894531,-72.2193603515625,-73.08941650390625,-71.46282958984375,-70.06726837158203,-68.2624740600586,-67.66615295410156,-69.50261688232422,-69.10469818115234,-67.36965942382812,-70.34086608886719,-73.17567443847656,-75.25503540039062,4.06296968460083,2.8165812492370605,3.403531312942505,5.487127780914307,5.3093581199646,5.800655841827393,7.82796573638916,7.98289680480957,7.8805108070373535,7.933248043060303,6.877272129058838,7.296813488006592,6.421494007110596,5.459697246551514,4.651345729827881,3.4525840282440186,3.734678268432617,4.509014129638672,4.24880313873291,2.4431610107421875,2.533379316329956,3.6550180912017822,4.716791152954102,4.6518988609313965,7.090473651885986,8.191106796264648,5.742465019226074,4.287431240081787,5.187150478363037,4.651247978210449,3.645026206970215,3.2099990844726562,-313.8768615722656,85.73755645751953,27.755918502807617,8.525386810302734,12.237411499023438,18.121803283691406,5.507646083831787,14.136202812194824,8.199913024902344,4.53286600112915,22.603132247924805,7.87471866607666,7.382191181182861,6.673346996307373,9.938732147216797,4.5433759689331055,3.8733694553375244,3.038050651550293,3.7487800121307373,2.3372178077697754,0.07447002083063126,0.08187387138605118,0.12188065052032471,0.1893543154001236,0.28662869334220886,0.3538876473903656,0.5985884070396423,0.9006030559539795,0.8116175532341003,0.6327377557754517,0.2473912388086319,0.09401707351207733,0.10889160633087158,0.1134367436170578,0.15368591248989105,0.2127881944179535,0.2920632064342499,0.2348521500825882,0.10659319907426834,0.23512575030326843,0.225620299577713,0.19908089935779572,0.11147686094045639,0.12052033096551895,428.15393617328874,489.6180756960557,1210.2446046058967,0.009656866299303945,0.003220331622287631,530.0,540.0,535.0,540.0,550.0,545.0,1,chanting
P3,-7.995365142822266,-17.446256637573242,-32.40019226074219,-37.694801330566406,-41.903594970703125,-41.75065994262695,-42.299259185791016,-42.857425689697266,-44.134925842285156,-46.67945098876953,-47.64231872558594,-48.97314453125,-51.521942138671875,-54.12530517578125,-57.27284240722656,-57.68368911743164,-58.57883071899414,-59.89835739135742,-63.535640716552734,-67.54899597167969,-70.7862548828125,-70.6850357055664,-67.63528442382812,-65.07613372802734,-64.26091003417969,-66.16290283203125,-68.39724731445312,-66.11244201660156,-65.61358642578125,-69.25789642333984,-72.1920166015625,-74.23147583007812,5.0245513916015625,3.481152057647705,3.019108772277832,4.59250545501709,5.5467000007629395,5.79949951171875,6.363441467285156,8.982342720031738,7.959419250488281,7.787948131561279,6.237549781799316,6.166924476623535,5.55279016494751,4.946601867675781,4.69410514831543,5.065890789031982,4.588034629821777,4.734813690185547,4.574222564697266,3.9382667541503906,4.038172245025635,5.505398273468018,6.855916976928711,8.00346565246582,9.969075202941895,8.906641006469727,6.735954761505127,8.203868865966797,8.092131614685059,6.70088529586792,5.8712849617004395,5.12398099899292,-308.0075988769531,79.487548828125,24.931686401367188,9.602822303771973,9.228333473205566,18.67639923095703,5.136650085449219,12.868606567382812,9.903517723083496,5.052687168121338,25.84963607788086,15.885950088500977,4.05573844909668,5.889598369598389,9.51006031036377,4.194300174713135,4.67739200592041,4.361347198486328,3.105548858642578,2.383563756942749,0.16020682454109192,0.16589845716953278,0.2195226550102234,0.3159717321395874,0.4951898753643036,0.5201050043106079,0.5470367670059204,0.7567808628082275,0.655308187007904,0.5102380514144897,0.2778412699699402,0.17311133444309235,0.20019219815731049,0.1903114765882492,0.2307317554950714,0.28194716572761536,0.37095001339912415,0.31109946966171265,0.13477319478988647,0.32893094420433044,0.29446151852607727,0.24429893493652344,0.14207132160663605,0.18684206902980804,595.107907804213,1065.2690418358468,1406.2002617034104,0.01291169699825986,0.002567530842497945,540.0,550.0,545.0,550.0,560.0,555.0,1,chanting
P3,-6.1321892738342285,-15.651335716247559,-29.012144088745117,-34.173439025878906,-40.25899887084961,-43.44855880737305,-45.02688217163086,-47.00077438354492,-47.195640563964844,-50.01165008544922,-50.521636962890625,-51.94447708129883,-53.80043411254883,-56.01516342163086,-58.3898811340332,-57.873558044433594,-58.448238372802734,-60.22566604614258,-64.28516387939453,-66.89240264892578,-69.99183654785156,-71.69483184814453,-70.3471450805664,-67.33020782470703,-67.5512466430664,-69.77464294433594,-70.62448120117188,-66.87391662597656,-66.81439208984375,-69.7833251953125,-71.2550048828125,-73.21070098876953,3.953191041946411,2.8130741119384766,3.661320447921753,5.949671268463135,4.789948463439941,3.804651975631714,3.2203528881073,4.084961414337158,4.401358604431152,3.6919357776641846,3.247673749923706,3.918523073196411,3.6948325634002686,4.522375583648682,5.0219197273254395,5.914017200469971,5.444530487060547,4.743448734283447,4.439749240875244,4.626972675323486,4.887406826019287,6.369804382324219,8.111902236938477,9.645978927612305,10.915592193603516,7.484819412231445,6.186756610870361,9.328269004821777,9.03906536102295,7.237198829650879,6.71302604675293,6.083653926849365,-313.1705322265625,81.42745971679688,29.04575538635254,14.134142875671387,17.102092742919922,16.68916130065918,5.718448638916016,11.713058471679688,7.413567543029785,3.8184213638305664,25.337194442749023,16.005796432495117,5.213907718658447,2.8248629570007324,5.204768180847168,2.8538565635681152,4.632705211639404,3.787306308746338,3.1227595806121826,2.7640011310577393,0.12231793999671936,0.13386087119579315,0.18971213698387146,0.27804476022720337,0.40112292766571045,0.4260372817516327,0.5549240708351135,0.8274261355400085,0.7710295915603638,0.6248395442962646,0.28455597162246704,0.14056093990802765,0.14779330790042877,0.1622937023639679,0.21847954392433167,0.26048359274864197,0.32816535234451294,0.266895592212677,0.13356913626194,0.28269127011299133,0.259416788816452,0.2340540885925293,0.11427279561758041,0.14039914309978485,511.51369796752,953.7060660165313,1264.6085816944121,0.01343736405162413,0.002532646991312504,550.0,560.0,555.0,560.0,570.0,565.0,1,chanting
P3,-6.446699142456055,-16.96888542175293,-31.15522575378418,-34.42399215698242,-40.550018310546875,-42.94369125366211,-44.453731536865234,-45.569007873535156,-44.98041534423828,-48.83617401123047,-49.93865966796875,-51.530818939208984,-53.739559173583984,-56.03841018676758,-59.199363708496094,-61.04338455200195,-61.71770477294922,-62.168128967285156,-65.51881408691406,-69.01168823242188,-72.4310073852539,-73.87865447998047,-72.50875854492188,-70.70860290527344,-69.02760314941406,-68.26541900634766,-70.75791931152344,-69.2891616821289,-66.06765747070312,-68.80400085449219,-72.48428344726562,-74.18665313720703,3.8069965839385986,2.916314125061035,3.350609540939331,5.545430660247803,4.867843151092529,5.781468868255615,6.094671726226807,7.461366176605225,7.267171859741211,7.016005516052246,6.185567378997803,6.201952934265137,5.985437393188477,5.409061908721924,4.695592403411865,3.018954277038574,2.902756690979004,3.7866387367248535,4.155556678771973,3.35026478767395,3.3431589603424072,3.8289248943328857,4.985312461853027,5.714540958404541,7.708258628845215,7.408682346343994,5.181842803955078,4.635338306427002,5.221697807312012,4.820204734802246,4.523435592651367,4.093893527984619,-317.251220703125,83.94304656982422,31.26460838317871,9.25126838684082,14.162741661071777,16.885419845581055,5.669214725494385,13.399568557739258,6.750144958496094,4.2118988037109375,21.376861572265625,10.513922691345215,5.65463399887085,6.463452339172363,8.15667724609375,4.470535755157471,3.644636869430542,3.1751604080200195,3.599606513977051,2.582336664199829,0.10224862396717072,0.10474598407745361,0.1423146277666092,0.1995292603969574,0.28672245144844055,0.33070969581604004,0.5096837282180786,0.8656178712844849,0.854171097278595,0.7362249493598938,0.34720587730407715,0.1330883502960205,0.16349786520004272,0.15970003604888916,0.19934239983558655,0.24019919335842133,0.2866802215576172,0.24059556424617767,0.0919458419084549,0.2298918068408966,0.21946601569652557,0.2160235494375229,0.12010643631219864,0.15183378756046295,439.32901956946665,471.8819107091067,1261.8699542251686,0.009247888268561485,0.0031928974203765392,560.0,570.0,565.0,570.0,580.0,575.0,1,chanting
P3,-11.050130844116211,-20.013731002807617,-35.27794647216797,-40.04840087890625,-43.97484588623047,-44.16480255126953,-44.702491760253906,-47.20100402832031,-48.01731872558594,-50.65851593017578,-51.3729248046875,-52.78788375854492,-55.37562561035156,-57.64201354980469,-60.11507034301758,-60.144493103027344,-61.35537338256836,-62.4183235168457,-65.94354248046875,-69.4361572265625,-73.03988647460938,-73.94703674316406,-70.4926528930664,-67.55046081542969,-66.33470153808594,-69.40857696533203,-71.83306884765625,-67.77195739746094,-67.14230346679688,-70.21162414550781,-73.73298645019531,-75.8667221069336,5.386596202850342,3.7882444858551025,3.024796485900879,4.967479228973389,6.455216884613037,6.31699800491333,7.305331707000732,8.42048168182373,8.621147155761719,7.348898887634277,6.2279253005981445,6.116758346557617,5.668924331665039,5.137740135192871,5.028724670410156,5.052316188812256,4.804341793060303,5.149573802947998,4.951892852783203,4.225924968719482,4.033567428588867,5.217552185058594,7.7138800621032715,9.27263069152832,11.143362998962402,9.350540161132812,6.855018138885498,9.457314491271973,9.71732234954834,7.765491485595703,5.735146522521973,4.522985935211182,-323.330322265625,77.22177124023438,26.77855110168457,10.459980010986328,10.990274429321289,17.165931701660156,4.273920059204102,12.235777854919434,9.207619667053223,5.054467678070068,29.617551803588867,14.600772857666016,5.472549915313721,5.894504070281982,9.095776557922363,4.243824005126953,4.917705059051514,3.9222404956817627,3.0187909603118896,2.4115259647369385,0.18614494800567627,0.20060576498508453,0.2735879719257355,0.4008585810661316,0.5709076523780823,0.5451191067695618,0.5169217586517334,0.665823221206665,0.6275582313537598,0.5320655107498169,0.2936844825744629,0.19947300851345062,0.19462105631828308,0.19918352365493774,0.2639351487159729,0.31506791710853577,0.381608247756958,0.29293093085289,0.16376180946826935,0.32820993661880493,0.3148149251937866,0.2880672514438629,0.15954595804214478,0.18645444512367249,604.9708206608633,1050.330694424304,1444.2305397097975,0.013701330481438515,0.0024505560286343098,570.0,580.0,575.0,580.0,590.0,585.0,1,chanting
P3,-5.973341464996338,-15.888679504394531,-29.079328536987305,-34.720916748046875,-40.60334014892578,-43.87620544433594,-45.07626724243164,-47.88998794555664,-46.43617630004883,-48.60950469970703,-51.003135681152344,-53.06454849243164,-55.76290512084961,-58.86128616333008,-61.56157684326172,-61.851226806640625,-62.285057067871094,-63.28873062133789,-67.36895751953125,-70.24073028564453,-73.59224700927734,-76.0347900390625,-75.69229125976562,-72.92417907714844,-72.35653686523438,-71.3569107055664,-73.0385971069336,-71.12385559082031,-69.0934066772461,-71.70162200927734,-75.6686782836914,-77.6097183227539,2.4165961742401123,1.8214809894561768,3.064269781112671,5.532343864440918,6.1359405517578125,4.57706880569458,5.928568363189697,5.662201881408691,7.185805797576904,5.538261890411377,4.0430426597595215,3.9975883960723877,3.028054714202881,3.0462887287139893,2.816787004470825,2.283970594406128,2.1897215843200684,2.674748182296753,2.4907543659210205,2.164440631866455,2.3934459686279297,2.5260980129241943,3.1347410678863525,3.3416683673858643,4.19111442565918,6.087613105773926,4.7266974449157715,3.4660816192626953,4.95794677734375,4.583352565765381,3.2237226963043213,2.1859958171844482,-325.9116516113281,89.754638671875,32.06366729736328,11.521882057189941,15.646400451660156,16.790416717529297,5.723983287811279,15.245423316955566,6.14395809173584,3.3393895626068115,16.717697143554688,4.894754886627197,4.709242343902588,4.087679862976074,6.983499526977539,2.5378050804138184,3.878263473510742,2.766336441040039,2.952099084854126,2.5346415042877197,0.06054510176181793,0.0626751184463501,0.09481901675462723,0.15046754479408264,0.212087482213974,0.27933958172798157,0.5782720446586609,0.9254239797592163,0.9419218897819519,0.7680653929710388,0.2767314612865448,0.08628645539283752,0.04816838726401329,0.05294644087553024,0.0729382261633873,0.08702155202627182,0.11009188741445541,0.10409752279520035,0.09334630519151688,0.10155779868364334,0.0918944850564003,0.15586711466312408,0.07225383073091507,0.04649478569626808,327.81773292915864,286.1517886274652,1034.5992636756253,0.009423488254060326,0.0029754284769296646,580.0,590.0,585.0,590.0,600.0,595.0,1,chanting
P3,-9.797688484191895,-19.107444763183594,-32.9904899597168,-36.726558685302734,-40.7701301574707,-42.23095703125,-43.34750747680664,-45.754268646240234,-44.702552795410156,-48.102333068847656,-49.41649627685547,-50.704002380371094,-53.84811019897461,-56.25373458862305,-59.23862075805664,-60.381351470947266,-60.97199630737305,-61.493446350097656,-65.16686248779297,-69.38287353515625,-72.80037689208984,-73.01770782470703,-70.70581817626953,-68.17236328125,-64.93898010253906,-66.74472045898438,-69.98892211914062,-67.5728530883789,-64.55595397949219,-68.33187866210938,-73.23735046386719,-75.66807556152344,5.7755608558654785,3.879190444946289,4.304265975952148,5.435739517211914,6.042701244354248,5.994787216186523,7.069828033447266,7.184872150421143,7.3691253662109375,7.079300403594971,6.203436374664307,7.025974273681641,5.7865753173828125,4.931612968444824,4.433061122894287,4.2530317306518555,3.7871084213256836,4.394441604614258,4.0101704597473145,3.2247555255889893,3.3862125873565674,4.427856922149658,6.215975284576416,7.645356178283691,9.749574661254883,8.556845664978027,5.919478416442871,7.32930326461792,6.693629741668701,4.891067981719971,4.469590663909912,3.5515692234039307,-315.7447814941406,79.85799407958984,28.687091827392578,8.730585098266602,9.408055305480957,17.75584602355957,3.266855239868164,13.057329177856445,7.474337100982666,3.746058702468872,23.122507095336914,14.633048057556152,5.740901470184326,5.24445915222168,8.982020378112793,4.996005535125732,4.075405120849609,3.455240488052368,3.519460439682007,2.949848175048828,0.1617291420698166,0.17630624771118164,0.24814960360527039,0.3753170669078827,0.5221132040023804,0.5097236037254333,0.5465957522392273,0.7140471935272217,0.6458039879798889,0.5204885005950928,0.2739114761352539,0.17977121472358704,0.19473673403263092,0.19508716464042664,0.25340306758880615,0.32386043667793274,0.40138912200927734,0.2904949486255646,0.16315558552742004,0.3318326473236084,0.2916025221347809,0.23396112024784088,0.1747550219297409,0.20120669901371002,593.2084064440685,926.1025979734628,1450.2991003600152,0.012158316415313225,0.002738909563049674,590.0,600.0,595.0,600.0,610.0,605.0,1,chanting
P3,-6.96061897277832,-15.924152374267578,-30.53327178955078,-37.20549392700195,-42.05949020385742,-43.647640228271484,-44.8133659362793,-48.314979553222656,-47.72761535644531,-49.788455963134766,-50.59099578857422,-52.43568801879883,-54.58988952636719,-56.66514587402344,-58.90439987182617,-58.53124237060547,-59.28278350830078,-61.093055725097656,-64.54141998291016,-67.1139907836914,-70.27942657470703,-72.0258560180664,-70.36426544189453,-68.1445541381836,-68.2481460571289,-71.31803131103516,-71.89297485351562,-67.28629302978516,-66.34288024902344,-69.73192596435547,-72.33199310302734,-74.67828369140625,3.9744386672973633,2.6561803817749023,3.0142924785614014,3.9011714458465576,4.295266151428223,3.08833646774292,2.9150588512420654,3.6490299701690674,4.41607141494751,4.520204544067383,3.0775532722473145,3.4292654991149902,3.428602695465088,4.381120681762695,4.473315238952637,5.208987236022949,5.006537914276123,4.548299312591553,4.340070724487305,4.395528316497803,4.555572986602783,6.176751136779785,8.156476020812988,10.285282135009766,11.631300926208496,7.613631248474121,6.242640018463135,9.559685707092285,8.939537048339844,6.914738655090332,5.951042175292969,4.855244159698486,-317.0257263183594,80.77234649658203,27.94881248474121,13.593311309814453,16.563379287719727,16.43264389038086,6.6268134117126465,12.898406028747559,7.316211223602295,5.608810901641846,23.826738357543945,15.921965599060059,5.069059371948242,3.571798086166382,6.004145622253418,3.610943555831909,4.578710079193115,3.869729518890381,2.789076328277588,2.3314900398254395,0.12705469131469727,0.13855086266994476,0.19826623797416687,0.2963322103023529,0.44481807947158813,0.45130953192710876,0.5313479900360107,0.7958065867424011,0.7773991227149963,0.660041868686676,0.3101012408733368,0.15086700022220612,0.13554765284061432,0.14589430391788483,0.20060749351978302,0.25157395005226135,0.3361932337284088,0.2656307816505432,0.12010271847248077,0.2791803181171417,0.27548137307167053,0.26462486386299133,0.11769139766693115,0.13000421226024628,509.91509350235987,923.9542737637761,1260.6335656549402,0.013892791110788862,0.002379195298999548,600.0,610.0,605.0,610.0,620.0,615.0,1,chanting
P3,-7.215094089508057,-17.20478630065918,-30.74045181274414,-35.98290252685547,-38.56939697265625,-39.402008056640625,-41.63690948486328,-43.19393539428711,-43.984710693359375,-47.5397834777832,-48.89848327636719,-50.445247650146484,-53.589263916015625,-56.28443908691406,-58.91448974609375,-60.1254997253418,-60.06888198852539,-60.18169403076172,-64.68267822265625,-68.69984436035156,-71.57693481445312,-73.15250396728516,-70.77686309814453,-68.51615142822266,-67.4446792602539,-66.60580444335938,-68.93192291259766,-67.76423645019531,-64.80874633789062,-67.32386779785156,-71.42518615722656,-73.55836486816406,4.642990589141846,3.365396738052368,4.159209728240967,4.373205184936523,6.147819995880127,7.474598407745361,7.314703464508057,8.115160942077637,8.473136901855469,7.179701805114746,6.6164231300354,7.2832207679748535,6.217858791351318,5.203097820281982,4.796825885772705,3.83663010597229,3.5164504051208496,4.539877414703369,4.7601518630981445,3.027029275894165,3.206669569015503,3.9205636978149414,5.280363082885742,5.651643753051758,7.367671489715576,7.981744289398193,5.960666656494141,4.944746017456055,4.775086879730225,4.422801494598389,4.23455810546875,4.086477279663086,-310.9936218261719,82.85101318359375,31.181848526000977,8.478189468383789,11.185401916503906,15.020503044128418,3.3367860317230225,13.410510063171387,7.759814262390137,4.225473880767822,24.68147850036621,8.839286804199219,6.820501327514648,6.25376558303833,8.931626319885254,3.212815284729004,3.878909111022949,3.084625244140625,3.2411611080169678,2.5958926677703857,0.12312387675046921,0.12329620867967606,0.1703924685716629,0.24619226157665253,0.35109713673591614,0.3827771544456482,0.519653856754303,0.8039585947990417,0.8076167106628418,0.7119579911231995,0.33553043007850647,0.15339411795139313,0.18067839741706848,0.17438240349292755,0.21108807623386383,0.2580540180206299,0.3381613492965698,0.28038474917411804,0.12039567530155182,0.26353001594543457,0.26025065779685974,0.2597442865371704,0.14704729616641998,0.18261244893074036,493.4459389460732,550.7703741299304,1349.195614599623,0.010295823665893272,0.003060161368921399,610.0,620.0,615.0,620.0,630.0,625.0,1,chanting
P3,-13.783805847167969,-22.68752098083496,-37.14582824707031,-43.2700309753418,-47.46155548095703,-47.929134368896484,-49.48967742919922,-51.55717849731445,-52.10457229614258,-55.22111511230469,-54.99003219604492,-55.49200439453125,-56.92828369140625,-58.73736572265625,-60.795833587646484,-60.56639099121094,-61.76446533203125,-63.95110321044922,-67.37445068359375,-70.31810760498047,-73.12449645996094,-74.17730712890625,-72.35276794433594,-69.90234375,-69.82344818115234,-72.95049285888672,-74.42930603027344,-70.31643676757812,-70.26576232910156,-73.35619354248047,-75.30714416503906,-76.91935729980469,4.390114784240723,3.282602310180664,2.6815829277038574,3.752717971801758,5.013081073760986,4.641284465789795,5.346150875091553,6.214779376983643,6.1143083572387695,5.970495700836182,5.541733741760254,5.8743414878845215,5.7940521240234375,6.634335041046143,6.932965278625488,7.209475517272949,6.53736686706543,6.031861305236816,6.097898483276367,5.970292091369629,6.294745445251465,6.856655120849609,8.3667573928833,9.75660514831543,11.828563690185547,8.706835746765137,6.627317428588867,9.462679862976074,9.331552505493164,7.192396640777588,5.750065803527832,4.289863109588623,-336.6700744628906,74.52830505371094,23.269495010375977,12.673200607299805,15.456514358520508,16.990522384643555,5.454782485961914,10.451048851013184,8.575297355651855,5.874636173248291,29.478973388671875,14.709869384765625,8.732478141784668,4.9588093757629395,7.349143981933594,4.093996047973633,4.995657920837402,3.1515607833862305,2.8971524238586426,2.802720069885254,0.18907539546489716,0.20600579679012299,0.27993467450141907,0.3844412863254547,0.5569021105766296,0.5560888051986694,0.5158817172050476,0.6877086162567139,0.676642656326294,0.5915313363075256,0.3291020691394806,0.20375412702560425,0.1901794970035553,0.19180260598659515,0.2449493706226349,0.29497289657592773,0.3553459644317627,0.3027839958667755,0.1413114070892334,0.300391286611557,0.31400078535079956,0.30783048272132874,0.14653941988945007,0.165921151638031,624.5051053798288,1166.5400458599188,1440.7542156177376,0.014652969112529002,0.002209740225225687,620.0,630.0,625.0,630.0,640.0,635.0,1,chanting
P3,-7.016141414642334,-17.08009910583496,-30.35870361328125,-35.35942840576172,-41.72104263305664,-44.719261169433594,-47.13412857055664,-48.5693473815918,-46.684349060058594,-50.77206039428711,-52.80448532104492,-53.714271545410156,-55.84507369995117,-58.85346221923828,-61.63370132446289,-62.16251754760742,-62.75653839111328,-64.0300521850586,-67.84230041503906,-70.65193939208984,-73.13668060302734,-75.46776580810547,-74.72285461425781,-72.66455841064453,-72.57666778564453,-72.5489501953125,-72.47051239013672,-71.32861328125,-68.80753326416016,-71.88172149658203,-74.64934539794922,-76.51770782470703,2.493319272994995,1.6114557981491089,2.841392993927002,5.558472633361816,5.728644371032715,5.909970283508301,5.737879753112793,6.740997314453125,6.348165988922119,5.949628829956055,5.099468231201172,5.591103553771973,5.216238975524902,5.725750923156738,5.947089672088623,4.841358184814453,4.3105669021606445,4.206815242767334,4.713890552520752,4.276368141174316,5.270676136016846,4.681059837341309,4.560847759246826,3.898026943206787,5.612259864807129,7.32192850112915,5.440614700317383,3.4081857204437256,5.015767574310303,3.4695544242858887,3.0147056579589844,2.6349904537200928,-328.1827087402344,86.5320816040039,31.99466896057129,11.744935989379883,16.377944946289062,16.519357681274414,6.457475185394287,13.640501976013184,6.124319076538086,4.355181694030762,21.810632705688477,6.157967567443848,7.9160075187683105,3.9377033710479736,6.7729668617248535,3.3189334869384766,4.477746963500977,2.690551996231079,2.567103147506714,2.8253045082092285,0.05002331733703613,0.052087366580963135,0.08245949447154999,0.1306626945734024,0.1904870718717575,0.26616671681404114,0.5858689546585083,0.9618776440620422,0.9315611124038696,0.7352333664894104,0.26212751865386963,0.07374706864356995,0.0458611361682415,0.052669648081064224,0.07622037827968597,0.09649007767438889,0.12230168282985687,0.10564884543418884,0.06784160435199738,0.07092402875423431,0.08336512744426727,0.13486795127391815,0.06559093296527863,0.04469557851552963,367.30358707300644,334.51406385948377,1133.3465059469463,0.009421222447795823,0.0032655319664627314,630.0,640.0,635.0,640.0,650.0,645.0,1,chanting
P3,-8.477378845214844,-17.86639976501465,-32.63275909423828,-35.33818817138672,-39.698402404785156,-40.51374053955078,-43.10459899902344,-44.23480224609375,-44.704811096191406,-47.484981536865234,-47.91452407836914,-49.313350677490234,-52.35132598876953,-55.45360565185547,-58.75971603393555,-59.28190994262695,-60.22570037841797,-60.861488342285156,-64.32401275634766,-68.82482147216797,-71.96981048583984,-72.80486297607422,-70.59700012207031,-67.86356353759766,-65.19506072998047,-66.6473617553711,-68.82369995117188,-66.0130615234375,-65.85717010498047,-68.53079986572266,-72.17179107666016,-74.65943145751953,5.662406921386719,3.578953266143799,3.163115978240967,5.025155067443848,5.659494876861572,7.412229061126709,6.741583347320557,7.926656246185303,7.406091213226318,6.985807418823242,7.153973579406738,7.545497894287109,6.814051151275635,5.789670467376709,4.992466449737549,5.1037187576293945,4.6991424560546875,5.239111423492432,4.963934421539307,3.891322374343872,4.166808128356934,5.298487186431885,7.363710403442383,9.241231918334961,10.557796478271484,8.358861923217773,6.483611583709717,7.926025867462158,7.980429649353027,6.367410659790039,5.445420742034912,4.636057376861572,-311.5689392089844,81.437744140625,28.58399772644043,8.277337074279785,10.014958381652832,17.844860076904297,3.3917911052703857,12.920761108398438,7.002377986907959,3.1134698390960693,26.405384063720703,16.609628677368164,5.312913417816162,6.888533115386963,8.716560363769531,4.4502339363098145,4.1216511726379395,4.153414726257324,3.2943413257598877,2.8376193046569824,0.1538989245891571,0.1579308956861496,0.20090694725513458,0.2937266528606415,0.4695807993412018,0.49083924293518066,0.5421826839447021,0.764190673828125,0.6508740782737732,0.4946121573448181,0.2571614384651184,0.1622440367937088,0.20263567566871643,0.19747450947761536,0.22862906754016876,0.27995285391807556,0.38827940821647644,0.30494424700737,0.14185529947280884,0.32538607716560364,0.2677745223045349,0.20791535079479218,0.14848116040229797,0.18869568407535553,597.1661793475671,1041.8123391277552,1411.3822517981428,0.013663944678074245,0.0027628415264189243,640.0,650.0,645.0,650.0,660.0,655.0,1,chanting
P3,-9.691978454589844,-18.48270606994629,-32.694313049316406,-37.36355209350586,-42.94614028930664,-44.754669189453125,-46.49161148071289,-48.43128204345703,-48.03776931762695,-51.21170425415039,-52.012542724609375,-53.40962219238281,-55.64970779418945,-57.675350189208984,-59.7708625793457,-59.26231384277344,-60.3620491027832,-62.18859100341797,-65.53702545166016,-68.43058013916016,-71.2436294555664,-72.47152709960938,-70.80801391601562,-68.47563171386719,-67.945068359375,-70.75203704833984,-71.15821838378906,-67.34823608398438,-66.55264282226562,-69.40654754638672,-71.34832000732422,-73.55265045166016,4.276745796203613,3.006455659866333,3.1480085849761963,3.9645895957946777,4.8722333908081055,3.927011251449585,4.980334758758545,5.780913829803467,5.651361465454102,5.18840217590332,4.741744041442871,5.372247695922852,5.190614700317383,5.043628692626953,4.856618404388428,5.7562079429626465,5.5042829513549805,5.314585208892822,4.501780033111572,3.740419387817383,4.047182083129883,5.358599662780762,7.486623287200928,9.43038272857666,10.554574966430664,6.907678127288818,5.433365821838379,8.563225746154785,8.119338989257812,6.008770942687988,5.258700370788574,4.165177345275879,-320.9322204589844,76.99742889404297,28.926183700561523,11.991530418395996,15.505739212036133,15.841930389404297,5.708561897277832,11.788176536560059,7.681188106536865,4.834064960479736,23.929622650146484,14.876985549926758,5.719008445739746,5.124818801879883,6.312598705291748,3.6719155311584473,4.786396503448486,3.3436057567596436,2.737319231033325,2.558337450027466,0.16557878255844116,0.19346429407596588,0.2782336175441742,0.41319650411605835,0.5613082051277161,0.5462154150009155,0.5770632028579712,0.7371000051498413,0.6649104952812195,0.5207047462463379,0.26741549372673035,0.17630502581596375,0.17525996267795563,0.1829371154308319,0.24032454192638397,0.29424139857292175,0.35318905115127563,0.2657003700733185,0.17754240334033966,0.3243807256221771,0.30246177315711975,0.2527504861354828,0.15642417967319489,0.17503270506858826,574.1013482512213,1018.2806948774652,1417.1737708126798,0.012877709904292343,0.0021946479100733995,650.0,660.0,655.0,660.0,670.0,665.0,1,chanting
P3,-6.030107021331787,-15.913817405700684,-30.090038299560547,-35.95789337158203,-41.06306076049805,-42.55550003051758,-44.034366607666016,-43.90040969848633,-44.55307388305664,-48.64820098876953,-49.94686508178711,-51.329139709472656,-54.20368576049805,-57.60939407348633,-60.4459228515625,-61.25383377075195,-61.945674896240234,-62.777183532714844,-67.06332397460938,-70.89130401611328,-74.27664184570312,-75.62156677246094,-73.95948791503906,-71.61799621582031,-70.78528594970703,-70.54840087890625,-71.89765167236328,-71.36026000976562,-68.79045867919922,-71.49286651611328,-76.07579803466797,-77.98428344726562,2.7268385887145996,1.6866607666015625,1.892189383506775,3.59537672996521,4.654336452484131,5.86982536315918,6.350687026977539,7.0205535888671875,6.896295070648193,6.290966033935547,6.6682024002075195,7.5267839431762695,6.130127429962158,5.346134662628174,4.449768543243408,2.9953553676605225,3.011850357055664,3.8568358421325684,3.375793695449829,2.2989554405212402,2.5513055324554443,3.3141894340515137,5.282561302185059,4.637362003326416,7.386777400970459,8.880213737487793,6.563556671142578,4.12566614151001,5.7448625564575195,5.171064376831055,3.1190531253814697,1.9830785989761353,-322.5509033203125,90.19640350341797,30.26356315612793,9.714404106140137,12.676828384399414,17.69632911682129,5.165452003479004,14.973875045776367,8.210650444030762,4.724124431610107,22.348234176635742,4.352911472320557,4.660075664520264,6.105937480926514,9.260346412658691,5.217019081115723,3.69643235206604,2.681137800216675,3.2318544387817383,2.1056673526763916,0.05598936602473259,0.05701151862740517,0.08394995331764221,0.13336651027202606,0.20949237048625946,0.2740847170352936,0.5410186052322388,0.9251885414123535,0.9237577319145203,0.761250376701355,0.2957878112792969,0.08535265922546387,0.0483832061290741,0.05123106390237808,0.06915269047021866,0.09120593965053558,0.12372240424156189,0.11100591719150543,0.09354652464389801,0.1311514526605606,0.07589956372976303,0.1554538607597351,0.08693773299455643,0.05465717986226082,354.70320647137015,356.1721695548144,1061.9459333515256,0.009580961789443156,0.003087824210524559,660.0,670.0,665.0,670.0,680.0,675.0,1,chanting
P3,-9.3588228225708,-18.552820205688477,-33.4243278503418,-38.624874114990234,-42.42433166503906,-41.82863235473633,-43.60822677612305,-44.59946060180664,-45.24354553222656,-48.29243087768555,-48.65187072753906,-49.88663864135742,-52.93113708496094,-56.017250061035156,-58.89067840576172,-59.19208526611328,-60.065101623535156,-61.52812194824219,-64.72360229492188,-69.11333465576172,-72.55802154541016,-72.73188781738281,-69.70860290527344,-67.16561889648438,-65.88383483886719,-67.28251647949219,-69.45465850830078,-67.89141082763672,-67.50835418701172,-70.46009063720703,-73.78250885009766,-76.25202941894531,5.6432108879089355,3.870659112930298,3.2121121883392334,4.244983196258545,5.665861129760742,6.188010215759277,6.384602069854736,8.162540435791016,8.25186538696289,7.805255889892578,6.692728519439697,7.211889743804932,6.474229335784912,5.667622089385986,4.94789981842041,5.1390228271484375,5.208663463592529,5.3434271812438965,4.877655506134033,4.033593654632568,4.286876678466797,5.841221332550049,8.114809036254883,9.728314399719238,11.373908996582031,9.752971649169922,7.505362510681152,9.162127494812012,9.124446868896484,6.768972396850586,5.882687568664551,4.4060468673706055,-316.0125427246094,80.90461730957031,25.558183670043945,9.441754341125488,9.11446762084961,18.593915939331055,4.3403167724609375,13.012773513793945,9.159931182861328,4.188238143920898,28.859519958496094,16.17408561706543,4.654709339141846,5.775734901428223,9.382098197937012,5.327363967895508,4.473859786987305,4.098614692687988,3.310516834259033,2.817293643951416,0.19162766635417938,0.20019246637821198,0.26767030358314514,0.3716604709625244,0.5509308576583862,0.5516608357429504,0.5293177366256714,0.7068465948104858,0.6292307376861572,0.5088872313499451,0.3066383898258209,0.21246306598186493,0.2062152773141861,0.2051486074924469,0.26107072830200195,0.3141953945159912,0.392522394657135,0.3142291009426117,0.13094329833984375,0.3346984386444092,0.2837129831314087,0.23012620210647583,0.17279113829135895,0.20932939648628235,569.0611105790621,1011.7857612202727,1362.1658886676717,0.012710040240719258,0.0025539167691022158,670.0,680.0,675.0,680.0,690.0,685.0,1,chanting
P3,-6.628592014312744,-15.777615547180176,-28.938039779663086,-36.01494216918945,-41.53055953979492,-43.89957046508789,-45.78261947631836,-48.649452209472656,-48.375091552734375,-51.00383758544922,-52.08992385864258,-53.39938735961914,-55.422183990478516,-58.157630920410156,-60.455101013183594,-59.854862213134766,-59.990928649902344,-61.35359573364258,-66.07869720458984,-68.9354248046875,-71.90902709960938,-73.90467071533203,-73.06027221679688,-69.7836685180664,-70.62006378173828,-73.13967895507812,-73.06938934326172,-69.87718200683594,-68.91685485839844,-71.34593963623047,-73.775634765625,-75.82695770263672,3.6762640476226807,2.4152114391326904,2.8976588249206543,3.3130557537078857,3.885329246520996,2.9343111515045166,2.874908447265625,3.556110143661499,3.869925022125244,3.810197114944458,3.4598069190979004,3.4526329040527344,3.10031795501709,3.7087316513061523,3.9752197265625,4.176572322845459,4.035747528076172,3.668095350265503,3.7508342266082764,3.684535264968872,4.080629348754883,5.4981689453125,6.974921226501465,8.190686225891113,9.133525848388672,6.0642218589782715,5.186274528503418,8.057278633117676,7.75742244720459,6.234467506408691,5.905795574188232,4.432828903198242,-323.07135009765625,85.18972778320312,29.668508529663086,14.336997985839844,18.11054229736328,15.925065040588379,6.134907245635986,12.620529174804688,7.325637340545654,4.112995624542236,20.699804306030273,13.227089881896973,4.333500862121582,2.9741809368133545,5.185558795928955,2.8215794563293457,3.2254886627197266,3.1360368728637695,2.40299654006958,2.02327561378479,0.10708807408809662,0.1161724254488945,0.16812828183174133,0.25027793645858765,0.3791966736316681,0.40345802903175354,0.5307558178901672,0.8330780267715454,0.822582483291626,0.689939022064209,0.3101457953453064,0.13240309059619904,0.11689769476652145,0.12037543952465057,0.1607140153646469,0.208572119474411,0.3022121489048004,0.2530532479286194,0.12158989906311035,0.2473929524421692,0.24406138062477112,0.24569596350193024,0.10953104496002197,0.11267893761396408,425.1524291454542,669.8774651972158,1134.950997922527,0.01220703125,0.002490226412191987,680.0,690.0,685.0,690.0,700.0,695.0,1,chanting
P3,-6.924652099609375,-16.877565383911133,-32.14846420288086,-36.85110092163086,-41.371238708496094,-41.748531341552734,-42.32988739013672,-41.98569869995117,-42.20441818237305,-47.22864532470703,-48.73469161987305,-49.69304656982422,-52.95212936401367,-56.11037063598633,-59.527732849121094,-60.18197250366211,-60.737796783447266,-62.11632537841797,-66.01083374023438,-69.57565307617188,-73.22298431396484,-74.28123474121094,-72.89857482910156,-72.01751708984375,-69.7625732421875,-69.84272766113281,-71.55602264404297,-70.763671875,-68.58348846435547,-71.51641845703125,-75.64141082763672,-77.71786499023438,4.37210750579834,3.267435312271118,3.1738407611846924,4.788670539855957,5.3540167808532715,5.567006587982178,6.370597839355469,8.049955368041992,7.940334320068359,7.454489707946777,6.483949184417725,6.90559720993042,5.681746482849121,4.584366798400879,3.8842241764068604,3.648315191268921,3.422081470489502,3.8241944313049316,2.9909873008728027,2.324815511703491,2.526775598526001,3.531003952026367,5.8962836265563965,6.618358135223389,8.287871360778809,8.697123527526855,6.351654529571533,5.470537185668945,5.151470184326172,3.8568406105041504,3.2707056999206543,2.241964817047119,-318.748779296875,89.65950012207031,26.85818099975586,7.486123561859131,10.582870483398438,16.4835205078125,5.225881576538086,15.504925727844238,8.767768859863281,5.793598651885986,20.798330307006836,11.038993835449219,5.827781677246094,5.421315670013428,9.982364654541016,6.247429370880127,3.8872311115264893,3.7908501625061035,3.179147720336914,3.318763494491577,0.12877044081687927,0.1403360813856125,0.19589753448963165,0.2744620442390442,0.38288554549217224,0.4080108106136322,0.5401148200035095,0.8030283451080322,0.7252654433250427,0.573247492313385,0.27381399273872375,0.14569763839244843,0.18194670975208282,0.19059282541275024,0.2531105577945709,0.30903688073158264,0.359174519777298,0.27349337935447693,0.12094330042600632,0.30959656834602356,0.2747458815574646,0.22241541743278503,0.13935348391532898,0.17667973041534424,400.2457739739366,450.4236491263051,1127.8432415761656,0.0095707656612529,0.002889365889132023,690.0,700.0,695.0,700.0,710.0,705.0,1,chanting
P3,-11.219799995422363,-20.394145965576172,-34.865211486816406,-40.68733215332031,-45.19509506225586,-45.44606018066406,-46.38356399536133,-48.15048599243164,-48.087703704833984,-51.482330322265625,-51.50908279418945,-52.23594284057617,-54.287864685058594,-56.84288787841797,-59.55786895751953,-59.522090911865234,-60.612342834472656,-62.237831115722656,-65.54042053222656,-69.24114990234375,-72.38288879394531,-73.70767974853516,-71.44400787353516,-68.9676284790039,-68.76344299316406,-71.76268005371094,-72.83443450927734,-68.8048095703125,-68.95556640625,-71.56510162353516,-73.33367919921875,-75.47823333740234,4.591461658477783,3.397658586502075,2.7896728515625,3.8803515434265137,5.931301593780518,5.839136123657227,6.241170406341553,7.217029094696045,6.736572265625,7.147321701049805,5.632856369018555,6.6069159507751465,6.0586838722229,6.108988285064697,6.135128974914551,6.3101887702941895,6.405344486236572,6.231844425201416,5.785586833953857,4.409927845001221,4.739257335662842,6.376493453979492,8.430675506591797,10.18773078918457,11.737042427062988,9.225188255310059,7.202422618865967,10.175854682922363,9.833161354064941,7.829201698303223,6.993086338043213,5.569489002227783,-325.5341491699219,78.19830322265625,24.086454391479492,9.863931655883789,14.26976203918457,16.73174476623535,6.2041215896606445,11.904318809509277,8.660956382751465,5.216694355010986,30.60494041442871,15.82165241241455,6.117254257202148,6.238592624664307,8.297099113464355,3.5622594356536865,5.575304985046387,3.7237279415130615,2.8331046104431152,2.928288459777832,0.21021869778633118,0.22864410281181335,0.3056516945362091,0.42877689003944397,0.6087906956672668,0.5993756651878357,0.5611661076545715,0.6964946389198303,0.5921378135681152,0.46062183380126953,0.2791491448879242,0.21332302689552307,0.22394222021102905,0.21137870848178864,0.257235050201416,0.30125901103019714,0.3554949164390564,0.2857636511325836,0.15722790360450745,0.32966694235801697,0.27252858877182007,0.23204950988292694,0.18247520923614502,0.21314045786857605,604.9608708440711,1150.5774973716648,1391.6492759978237,0.014949789733178655,0.0021800550166517496,700.0,710.0,705.0,710.0,720.0,715.0,1,chanting
P3,-6.013214111328125,-16.617631912231445,-31.471717834472656,-38.572322845458984,-42.62855911254883,-42.48322296142578,-43.0155029296875,-45.174339294433594,-46.165855407714844,-47.84311294555664,-49.319950103759766,-52.513328552246094,-54.866519927978516,-58.13368606567383,-61.202762603759766,-62.24536895751953,-62.77163314819336,-64.09679412841797,-67.565673828125,-71.12397766113281,-74.72183227539062,-76.49374389648438,-74.30623626708984,-71.47714233398438,-70.73622131347656,-71.1961669921875,-72.65048217773438,-72.0941162109375,-70.84674835205078,-72.60025787353516,-76.17086791992188,-78.06864166259766,2.5018203258514404,1.7955107688903809,3.2011752128601074,4.215758800506592,5.18906831741333,6.793808937072754,7.791620254516602,9.646872520446777,7.257009983062744,8.170292854309082,7.17018985748291,5.770508766174316,5.067129611968994,4.731220245361328,4.083085536956787,2.7477729320526123,2.2410261631011963,2.7522568702697754,3.784235954284668,2.488790273666382,2.475698232650757,2.975553512573242,4.766403675079346,4.323415756225586,7.03947639465332,9.03978157043457,6.448966979980469,4.453641891479492,5.592291831970215,4.857027530670166,3.399444103240967,2.3320164680480957,-326.1861877441406,89.92369079589844,29.794763565063477,9.40308666229248,11.666203498840332,17.606393814086914,6.450759410858154,14.918487548828125,9.5746488571167,4.68563175201416,23.113277435302734,4.12050724029541,4.649648189544678,6.385455131530762,11.003500938415527,3.2761945724487305,3.6345975399017334,3.398716688156128,3.7405431270599365,2.1917500495910645,0.05168735608458519,0.05354784056544304,0.0795377716422081,0.12074077129364014,0.18820933997631073,0.2556648552417755,0.5110862851142883,0.9395832419395447,0.912712812423706,0.7600535750389099,0.32784155011177063,0.08687108010053635,0.04171457514166832,0.04616883397102356,0.06761307269334793,0.08372590690851212,0.09775334596633911,0.10123496502637863,0.08709657937288284,0.1203514039516449,0.0843641459941864,0.18671564757823944,0.10309899598360062,0.049164678901433945,346.6192793645989,365.7646869562065,1044.1428780675012,0.009340786325406032,0.00330765126273036,710.0,720.0,715.0,720.0,730.0,725.0,1,chanting
P3,-8.473127365112305,-18.13113784790039,-33.193233489990234,-38.30463409423828,-41.140296936035156,-40.98891067504883,-43.0559196472168,-44.55781555175781,-44.765621185302734,-46.992069244384766,-48.54759979248047,-50.998558044433594,-53.7825813293457,-56.21290588378906,-58.838165283203125,-58.95430374145508,-60.27096939086914,-62.01136016845703,-64.99164581298828,-68.64656829833984,-71.78693389892578,-72.94252014160156,-69.18942260742188,-66.451904296875,-64.3399429321289,-66.43507385253906,-69.01972961425781,-67.13397216796875,-66.8663330078125,-69.93826293945312,-72.05918884277344,-74.30809020996094,5.337011337280273,3.54683780670166,2.998443603515625,3.695006847381592,5.177151203155518,6.383814334869385,6.617694854736328,7.506568431854248,7.1151885986328125,7.567544460296631,6.106812953948975,5.236359596252441,4.811454772949219,4.427866458892822,4.3703789710998535,5.5960283279418945,5.079835414886475,4.175593376159668,4.09476375579834,3.297553300857544,3.744378089904785,4.711406230926514,6.620655059814453,8.09178638458252,8.892389297485352,8.44851016998291,5.9378557205200195,7.212678909301758,6.961216449737549,5.56541109085083,4.985083103179932,4.100039958953857,-313.4831848144531,79.87492370605469,27.918752670288086,9.50473690032959,8.645439147949219,17.793630599975586,4.472903728485107,12.568547248840332,10.268665313720703,3.829586982727051,22.18742561340332,14.118749618530273,5.8628997802734375,5.342897891998291,10.658941268920898,4.310844898223877,4.2905778884887695,4.099617004394531,3.5188331604003906,2.8061270713806152,0.1561077982187271,0.162326380610466,0.21416084468364716,0.31365910172462463,0.49001431465148926,0.5057569742202759,0.5453400015830994,0.7528122663497925,0.6736219525337219,0.5491536855697632,0.289980411529541,0.17336405813694,0.19539043307304382,0.18511639535427094,0.22308698296546936,0.2831392288208008,0.3803595304489136,0.30833885073661804,0.13839425146579742,0.3127140402793884,0.27584871649742126,0.249998539686203,0.1579798310995102,0.19244401156902313,553.3984091437587,857.8558335448085,1385.1123943494802,0.012651129277842227,0.0027717342600226402,720.0,730.0,725.0,730.0,740.0,735.0,1,chanting
P3,-7.961097717285156,-16.95590591430664,-32.24394226074219,-38.226806640625,-42.85201644897461,-44.07648468017578,-45.53616714477539,-48.5025634765625,-48.72799301147461,-51.31734848022461,-51.470970153808594,-52.29238510131836,-54.36301803588867,-57.11250305175781,-59.13520050048828,-58.34131622314453,-59.17653274536133,-61.352088928222656,-64.81690216064453,-67.65415954589844,-70.55332946777344,-72.04481506347656,-70.97132873535156,-67.80045318603516,-67.83966064453125,-71.96664428710938,-72.40896606445312,-68.06588745117188,-67.78606414794922,-70.32019805908203,-72.33979034423828,-74.42721557617188,4.219886779785156,3.0316812992095947,2.6277949810028076,3.052772283554077,4.152825355529785,3.403489112854004,3.0310349464416504,3.6027162075042725,3.8427023887634277,3.39042067527771,3.2961275577545166,3.438707113265991,3.3646533489227295,4.208191871643066,4.475786209106445,5.118123531341553,4.834676265716553,4.714728355407715,4.106493949890137,3.830026626586914,4.371058940887451,5.9144062995910645,7.938294887542725,9.600420951843262,10.549943923950195,6.9543986320495605,6.196831703186035,9.735878944396973,9.055693626403809,6.923171520233154,6.311670780181885,4.797450542449951,-319.725341796875,79.55133056640625,26.636886596679688,13.450944900512695,16.75411033630371,16.292917251586914,6.622228145599365,11.6016263961792,8.129450798034668,5.306305408477783,23.69355010986328,14.850586891174316,4.336342811584473,3.28619384765625,5.641852378845215,3.866731643676758,4.548118591308594,3.0858161449432373,2.513831377029419,2.0893518924713135,0.1727478951215744,0.1839214563369751,0.2509832978248596,0.3586307466030121,0.5372651219367981,0.5346434116363525,0.5293086767196655,0.7213397026062012,0.6912328600883484,0.6062506437301636,0.3232572674751282,0.19035567343235016,0.18404552340507507,0.18080826103687286,0.22282028198242188,0.2690548002719879,0.3524087965488434,0.2966251075267792,0.14477425813674927,0.31326618790626526,0.3114215135574341,0.3071174621582031,0.14798970520496368,0.166590616106987,504.31035722111443,834.5739944351798,1283.713073739321,0.012862982163573086,0.0021797791123390198,730.0,740.0,735.0,740.0,750.0,745.0,1,chanting
P3,-6.934446811676025,-17.278413772583008,-32.18141555786133,-37.069332122802734,-40.60617446899414,-42.45767593383789,-44.266666412353516,-45.95149230957031,-45.41416549682617,-48.84455490112305,-50.53395080566406,-52.278350830078125,-54.917423248291016,-58.77538299560547,-61.513710021972656,-62.29755401611328,-62.912376403808594,-63.920265197753906,-67.5318832397461,-71.09955596923828,-74.42671203613281,-75.94739532470703,-73.96763610839844,-72.38937377929688,-70.47493743896484,-70.36553955078125,-72.10887908935547,-72.34851837158203,-70.28438568115234,-71.83964538574219,-75.64854431152344,-77.87041473388672,3.064270496368408,2.290330171585083,2.5500612258911133,3.4589524269104004,5.100388050079346,6.105805397033691,6.088418960571289,7.436583518981934,6.9813151359558105,7.09235143661499,5.982482433319092,5.955254554748535,5.313216209411621,4.421350002288818,3.690524101257324,2.5888020992279053,2.4565482139587402,3.2513344287872314,3.6384599208831787,2.0616629123687744,2.2737553119659424,2.8391499519348145,5.205128192901611,5.052002906799316,7.487210750579834,8.83639907836914,6.120390892028809,4.005593299865723,4.275952339172363,4.074918746948242,3.0528929233551025,2.0218288898468018,-326.0569763183594,88.79287719726562,30.56214714050293,9.795896530151367,11.699905395507812,16.825725555419922,5.49174690246582,13.999603271484375,8.138307571411133,3.7663698196411133,20.847469329833984,4.685605049133301,4.285093307495117,5.179263591766357,10.252191543579102,4.461648464202881,3.760084390640259,2.5121052265167236,3.6806581020355225,2.4881417751312256,0.08106125146150589,0.0827060118317604,0.11572294682264328,0.17579294741153717,0.25737082958221436,0.3124004006385803,0.549342691898346,0.871979832649231,0.912959635257721,0.8165726661682129,0.3292275667190552,0.11457663774490356,0.09742123633623123,0.09865371882915497,0.12016846239566803,0.1497185230255127,0.2033567875623703,0.18789120018482208,0.11322399973869324,0.1662522405385971,0.1512312889099121,0.20020389556884766,0.10613913089036942,0.09886161237955093,364.23428222925816,363.6163627465197,1094.122381808445,0.009431418575986079,0.0029460531659424305,740.0,750.0,745.0,750.0,760.0,755.0,1,chanting
P3,-8.564339637756348,-17.97125816345215,-32.67522048950195,-37.197547912597656,-41.16962432861328,-42.638328552246094,-43.93911361694336,-44.930294036865234,-45.271644592285156,-48.81544876098633,-49.358802795410156,-50.49330139160156,-52.90842819213867,-55.81737518310547,-58.37841796875,-58.76094055175781,-59.149959564208984,-60.79928970336914,-65.51685333251953,-68.66463470458984,-71.9065933227539,-72.48272705078125,-70.64361572265625,-68.80957794189453,-65.62126922607422,-67.50666046142578,-69.88523864746094,-67.70625305175781,-66.84065246582031,-70.19993591308594,-72.78972625732422,-74.76158142089844,5.203660011291504,3.4541351795196533,3.075068473815918,4.490366458892822,5.558748245239258,5.317551136016846,5.559816837310791,6.970459938049316,6.9970831871032715,6.5158538818359375,5.9320292472839355,6.7020673751831055,6.105797290802002,5.401478290557861,5.101081848144531,5.104573726654053,5.260073184967041,5.115227222442627,4.008373260498047,3.6301209926605225,3.9511566162109375,5.089025974273682,7.1161298751831055,8.927919387817383,10.17725944519043,9.010828971862793,5.876706600189209,7.846177101135254,7.238265514373779,5.7572150230407715,5.4311604499816895,4.233160018920898,-315.0469055175781,81.04143524169922,26.77243995666504,9.619796752929688,11.781615257263184,17.937671661376953,4.061849594116211,12.640836715698242,8.860427856445312,4.030001640319824,24.89031219482422,14.49881362915039,5.658209323883057,4.815532207489014,7.906853199005127,5.714822292327881,4.404877185821533,4.042110443115234,3.382819890975952,3.1980509757995605,0.15285329520702362,0.15991851687431335,0.21909302473068237,0.3296382427215576,0.5064815282821655,0.5143003463745117,0.5532779097557068,0.7551043033599854,0.6867354512214661,0.5639771819114685,0.2897659242153168,0.17279109358787537,0.18607594072818756,0.17964282631874084,0.22557103633880615,0.28086864948272705,0.3708159029483795,0.293347030878067,0.14474892616271973,0.31384003162384033,0.281450480222702,0.25938311219215393,0.1532122790813446,0.1811206042766571,539.0412742485071,862.2773845345127,1352.5895973328934,0.012175309962296984,0.002599683590233326,750.0,760.0,755.0,760.0,770.0,765.0,1,chanting
P3,-7.695744037628174,-16.791454315185547,-31.249284744262695,-35.98141098022461,-41.30059814453125,-44.01545715332031,-45.955753326416016,-47.239295959472656,-46.55331039428711,-50.86815643310547,-51.660945892333984,-52.71923828125,-54.57054901123047,-56.94328308105469,-59.19841384887695,-58.75328826904297,-59.27674865722656,-61.44878387451172,-65.65345001220703,-68.13628387451172,-70.88933563232422,-72.86761474609375,-71.84024810791016,-69.7507095336914,-69.90766143798828,-73.02262878417969,-72.96487426757812,-68.84473419189453,-68.1749038696289,-70.39239501953125,-72.7202377319336,-74.57202911376953,4.117363452911377,2.8300588130950928,3.075833559036255,4.391756057739258,4.4933762550354,2.957423448562622,2.7569353580474854,3.986600399017334,5.905375003814697,3.4250504970550537,2.9890995025634766,3.5413272380828857,3.75835919380188,4.721237659454346,5.003129959106445,4.785415172576904,4.320866584777832,3.6629621982574463,3.6175520420074463,3.893270969390869,4.357621669769287,5.089410781860352,6.874260425567627,8.817432403564453,9.658153533935547,6.069601535797119,4.911743640899658,7.92441987991333,7.543204307556152,5.997657775878906,5.984318733215332,4.77639627456665,-320.3121032714844,83.11316680908203,27.826168060302734,12.301560401916504,17.417478561401367,14.921250343322754,6.314940452575684,11.924281120300293,7.535741329193115,5.385916709899902,20.834012985229492,13.852799415588379,5.975295543670654,3.514892578125,4.685848712921143,3.9056754112243652,3.493391990661621,4.4061150550842285,2.420903444290161,2.3478238582611084,0.16088591516017914,0.1798931360244751,0.254532128572464,0.3591008484363556,0.5136328339576721,0.4999450147151947,0.5213171243667603,0.7393649220466614,0.7232956290245056,0.6358636617660522,0.32988548278808594,0.1833348125219345,0.15833480656147003,0.1727997064590454,0.23795758187770844,0.29358068108558655,0.36356741189956665,0.29244643449783325,0.14451056718826294,0.2971711754798889,0.2971991002559662,0.29172733426094055,0.13576418161392212,0.14674623310565948,448.06797260649734,617.6182297708817,1215.5223057113353,0.0115238906612529,0.0022548590786755085,760.0,770.0,765.0,770.0,780.0,775.0,1,chanting
P3,-7.301032543182373,-17.867568969726562,-31.6144962310791,-36.9611930847168,-41.32981491088867,-43.54955291748047,-44.41940689086914,-45.61275863647461,-44.75419616699219,-48.9758186340332,-50.21731185913086,-51.709346771240234,-54.214019775390625,-57.71444320678711,-60.714019775390625,-62.3190803527832,-62.79979705810547,-63.41292953491211,-66.79052734375,-70.69771575927734,-73.68209838867188,-75.50836181640625,-73.7768783569336,-72.39835357666016,-69.60026550292969,-69.11186981201172,-71.7166748046875,-71.54739379882812,-69.5530014038086,-71.60124206542969,-75.3664779663086,-77.77936553955078,4.146464824676514,2.722046136856079,3.4401028156280518,4.163000106811523,5.354473114013672,6.170273780822754,6.90718412399292,8.300914764404297,6.779819488525391,7.138799667358398,6.745046615600586,6.943785667419434,6.475860595703125,5.856009006500244,5.218357563018799,3.4518213272094727,3.3644392490386963,4.6294755935668945,4.950716972351074,3.228811264038086,3.3072762489318848,3.4555165767669678,5.426152229309082,5.707828044891357,8.151228904724121,8.669183731079102,5.882070064544678,4.283946514129639,4.846592426300049,4.247074127197266,3.4602248668670654,2.4111006259918213,-324.3175048828125,87.43534088134766,29.535429000854492,9.46039867401123,11.545574188232422,17.692838668823242,5.547483444213867,14.466153144836426,7.7076849937438965,3.7754967212677,23.576601028442383,6.109818458557129,6.24485445022583,5.567204475402832,9.520424842834473,4.972451210021973,3.994004964828491,3.139907121658325,3.6004443168640137,3.0474331378936768,0.07714264839887619,0.08515069633722305,0.12867286801338196,0.20295323431491852,0.3116617500782013,0.3791155219078064,0.5999578237533569,0.8786702752113342,0.7930731177330017,0.622750461101532,0.2491256147623062,0.09817051142454147,0.11979198455810547,0.1184593141078949,0.15689297020435333,0.21043439209461212,0.299758642911911,0.2561319172382355,0.11683651804924011,0.23524704575538635,0.23770219087600708,0.23919638991355896,0.12304537743330002,0.1254490613937378,401.8475491069145,421.52119435179816,1155.8085016983819,0.009507323085846868,0.003237200202420354,770.0,780.0,775.0,780.0,790.0,785.0,1,chanting
P3,-10.568377494812012,-19.6857967376709,-34.244407653808594,-39.365779876708984,-43.554779052734375,-43.41710662841797,-44.99186706542969,-47.12693786621094,-47.30746078491211,-50.200016021728516,-51.16938400268555,-52.475643157958984,-54.881263732910156,-57.158897399902344,-59.46477508544922,-59.61140441894531,-61.18208312988281,-62.66424560546875,-65.35453796386719,-68.80288696289062,-71.00859069824219,-71.85855102539062,-70.37360382080078,-67.94214630126953,-66.02391815185547,-68.97055053710938,-70.74651336669922,-67.0572509765625,-67.32471466064453,-69.67365264892578,-71.44918823242188,-73.62425994873047,4.868854522705078,3.618619680404663,2.917614221572876,4.646280765533447,6.626736164093018,6.25695276260376,6.417675018310547,7.586330890655518,7.782506942749023,7.298455715179443,6.201545715332031,6.200347423553467,5.411050319671631,5.49793815612793,5.125978469848633,5.179843425750732,4.688185691833496,4.992083549499512,4.827008247375488,3.7527718544006348,4.289247035980225,5.439558506011963,7.178055286407471,9.132329940795898,10.809953689575195,8.846625328063965,6.546108722686768,8.611099243164062,8.161340713500977,6.439287185668945,6.09800910949707,5.110063552856445,-319.83868408203125,76.12171936035156,27.52236557006836,10.393330574035645,11.838878631591797,16.160144805908203,5.651371955871582,11.450700759887695,8.693340301513672,5.139822006225586,29.170124053955078,12.876266479492188,4.495378017425537,5.29148006439209,8.28323745727539,3.642439126968384,4.304675102233887,3.0499486923217773,2.8940110206604004,2.9133894443511963,0.20542973279953003,0.22401219606399536,0.30388182401657104,0.4194287061691284,0.5825666785240173,0.5607227683067322,0.5221264958381653,0.6757732033729553,0.6343539357185364,0.5419573783874512,0.30726930499076843,0.21251130104064941,0.22342164814472198,0.21891243755817413,0.2689318060874939,0.3121359348297119,0.36850395798683167,0.29691848158836365,0.15993499755859375,0.32877081632614136,0.31073251366615295,0.2844366133213043,0.16100893914699554,0.20332905650138855,594.719236324124,972.6662761927204,1479.2299578044635,0.012256878987819025,0.002381806029006839,780.0,790.0,785.0,790.0,800.0,795.0,1,chanting
P3,-5.137914180755615,-15.093642234802246,-27.108840942382812,-32.91897201538086,-38.58695602416992,-42.19044876098633,-44.96787643432617,-45.802894592285156,-44.59281539916992,-49.421112060546875,-50.87858581542969,-52.81122970581055,-55.10548782348633,-58.07665252685547,-60.6870002746582,-60.798587799072266,-61.02621078491211,-62.47145080566406,-66.3570785522461,-68.98886108398438,-71.94619750976562,-74.21316528320312,-74.08473205566406,-72.27666473388672,-71.89923858642578,-72.7724609375,-73.21632385253906,-70.90838623046875,-69.0866470336914,-71.35285949707031,-73.85035705566406,-75.81627655029297,2.2101328372955322,1.5184661149978638,3.3828980922698975,4.782411098480225,6.490102767944336,5.45961332321167,4.81207275390625,5.749580383300781,6.075610160827637,5.364608287811279,4.39959192276001,3.7521488666534424,3.6663424968719482,3.6282010078430176,3.400606870651245,2.471432685852051,2.4816949367523193,2.7810628414154053,3.091069221496582,2.822129726409912,3.5266315937042236,3.8565759658813477,3.948247194290161,3.985989809036255,5.131183624267578,6.674283027648926,5.790663719177246,4.760888576507568,6.301711559295654,5.4861626625061035,4.5228657722473145,3.526737689971924,-320.7517395019531,90.90192413330078,32.30868911743164,12.558185577392578,16.696043014526367,14.231440544128418,6.408977031707764,13.363154411315918,6.273845195770264,3.8755972385406494,20.019344329833984,4.352894306182861,5.442535400390625,3.6522974967956543,5.988592147827148,3.298290729522705,3.5926475524902344,2.5462541580200195,2.7630703449249268,2.1185495853424072,0.07137076556682587,0.06971549242734909,0.10392005741596222,0.16385409235954285,0.2244294434785843,0.27025696635246277,0.5204862952232361,0.9101731181144714,0.94461590051651,0.8293620347976685,0.34090954065322876,0.10423865914344788,0.05481625348329544,0.06289446353912354,0.08818364888429642,0.10688252747058868,0.14571183919906616,0.1355343908071518,0.09299120306968689,0.12227413803339005,0.08758004009723663,0.164403036236763,0.08292447030544281,0.05286487936973572,334.53423122425824,302.3391617423144,1040.8796118827654,0.009474468895011601,0.002835552440956235,790.0,800.0,795.0,800.0,810.0,805.0,4,viparita_swasa
P3,-7.035327911376953,-14.093480110168457,-28.33383560180664,-33.48563766479492,-38.101829528808594,-38.6087760925293,-40.15842056274414,-42.25525665283203,-43.084495544433594,-45.39048767089844,-44.75761413574219,-45.64827346801758,-47.20924758911133,-48.834388732910156,-51.77634811401367,-51.32188034057617,-52.33737564086914,-55.0048942565918,-58.299232482910156,-60.733524322509766,-64.1099624633789,-65.98329162597656,-65.51605987548828,-63.97882080078125,-62.771121978759766,-65.82901000976562,-66.11519622802734,-61.9375,-61.77820587158203,-64.0155258178711,-66.07068634033203,-68.56912994384766,2.669451951980591,2.67864727973938,2.3032751083374023,3.4528932571411133,4.600625038146973,3.5806922912597656,3.140165090560913,3.9814960956573486,4.604579448699951,4.165660858154297,3.5311784744262695,4.156073570251465,4.811240196228027,4.879085540771484,5.207517147064209,6.10729455947876,6.192075729370117,5.131162166595459,3.8945937156677246,3.7570431232452393,4.10414981842041,5.482500076293945,7.920316696166992,10.509300231933594,11.091242790222168,7.998496055603027,6.935375690460205,10.940093994140625,10.808422088623047,8.523560523986816,7.231844425201416,5.433330059051514,-286.9341735839844,76.82283020019531,21.714929580688477,9.521225929260254,16.815366744995117,15.162327766418457,5.0629191398620605,10.921544075012207,6.06343412399292,5.488594055175781,27.21827507019043,14.978145599365234,4.622159957885742,4.147555828094482,4.814866065979004,4.672087669372559,5.0726118087768555,2.6574082374572754,3.1388425827026367,2.3570170402526855,0.32906147837638855,0.34217676520347595,0.4475078582763672,0.6793144345283508,0.9527348279953003,0.803600549697876,0.4349193871021271,0.3891489803791046,0.3699655532836914,0.35959985852241516,0.3407689034938812,0.33636474609375,0.1972837895154953,0.17891313135623932,0.22117330133914948,0.1724987030029297,0.09996084868907928,0.16297687590122223,0.17472125589847565,0.22722876071929932,0.22145918011665344,0.22637839615345,0.1952619105577469,0.19395439326763153,627.1053687399885,1163.9670529111079,1476.2700774974167,0.014386736876450116,0.0014600228751078248,800.0,810.0,805.0,810.0,820.0,815.0,4,viparita_swasa
P3,-8.067105293273926,-15.744950294494629,-30.343353271484375,-36.69120788574219,-42.340660095214844,-41.62398910522461,-42.39878463745117,-45.0705680847168,-45.87128448486328,-47.80906677246094,-47.36054229736328,-49.299583435058594,-50.51596450805664,-52.60390853881836,-56.2056884765625,-56.30290985107422,-56.622806549072266,-58.65930938720703,-61.17318344116211,-63.286197662353516,-67.50901794433594,-70.24549865722656,-70.70420837402344,-70.8580093383789,-69.39794158935547,-71.90794372558594,-71.91850280761719,-70.3912353515625,-69.48845672607422,-70.18949127197266,-71.6727066040039,-73.14006042480469,2.710763454437256,2.594958543777466,2.144321918487549,2.718489408493042,2.8646957874298096,2.510913133621216,2.52382493019104,2.5747435092926025,2.9314932823181152,2.7714121341705322,2.6052486896514893,2.5575902462005615,3.000699996948242,2.8022618293762207,2.739274740219116,2.773723602294922,2.849135637283325,2.5180654525756836,2.5326600074768066,2.8851075172424316,2.4422640800476074,2.497328281402588,3.4117178916931152,3.6523962020874023,4.195863723754883,2.588327407836914,2.4177658557891846,3.206604480743408,3.8455312252044678,3.882829427719116,3.2694661617279053,2.298048734664917,-310.3162841796875,84.91194152832031,20.33710289001465,10.564114570617676,18.24085807800293,12.901410102844238,8.480705261230469,12.256610870361328,6.578291893005371,5.072076320648193,10.364041328430176,5.175838470458984,3.900038957595825,3.2747859954833984,2.774932622909546,2.6131153106689453,2.388258457183838,2.409686326980591,2.7745113372802734,2.1726512908935547,0.3338436782360077,0.3629484474658966,0.4892173409461975,0.6941804885864258,0.9537595510482788,0.8191143274307251,0.44398757815361023,0.3733366131782532,0.34922903776168823,0.34114015102386475,0.3234999477863312,0.32895317673683167,0.21967573463916779,0.18985596299171448,0.22643235325813293,0.1836630254983902,0.08896076679229736,0.15161898732185364,0.1689230501651764,0.21063770353794098,0.19949576258659363,0.21444490551948547,0.2030547559261322,0.21356403827667236,362.45437507309765,304.7622716067285,1122.5181471396572,0.009029237964037123,0.001543960883282125,810.0,820.0,815.0,820.0,830.0,825.0,4,viparita_swasa
P3,-8.197278022766113,-15.6806640625,-30.090890884399414,-36.43247604370117,-42.254249572753906,-41.59140396118164,-42.449317932128906,-45.15514373779297,-45.91619873046875,-47.57461929321289,-47.64225769042969,-49.497371673583984,-50.68473434448242,-52.12710189819336,-55.77510452270508,-55.649539947509766,-56.64125442504883,-58.89906311035156,-61.47649002075195,-62.89067077636719,-67.04078674316406,-70.04182434082031,-70.01395416259766,-70.2514877319336,-69.416015625,-71.73526000976562,-71.79342651367188,-71.01832580566406,-71.04179382324219,-71.30500793457031,-72.5557861328125,-73.93695831298828,2.622710704803467,2.792175054550171,2.231030225753784,2.6768767833709717,2.7084150314331055,2.4557840824127197,2.4991064071655273,2.6898117065429688,2.92881441116333,2.7922353744506836,2.425997495651245,2.2347917556762695,2.9637107849121094,3.502220869064331,3.098724126815796,3.08060359954834,3.1321706771850586,2.44846248626709,2.531035900115967,3.287801742553711,2.811810255050659,2.68890643119812,3.798759698867798,4.345156669616699,4.25649881362915,2.720816135406494,2.5759308338165283,3.515821933746338,3.9939074516296387,3.714078426361084,2.8490617275238037,1.6952314376831055,-310.55712890625,85.87712097167969,19.009017944335938,11.917120933532715,17.562814712524414,13.373096466064453,8.424283981323242,11.375948905944824,7.024304389953613,5.068630218505859,10.585731506347656,5.438681602478027,4.245851993560791,3.496216297149658,2.64768648147583,2.6975343227386475,2.662379503250122,2.8564722537994385,2.720916509628296,2.461900472640991,0.3471699059009552,0.37077319622039795,0.4857565760612488,0.6681646108627319,0.9507441520690918,0.8393617272377014,0.4636405408382416,0.3901529610157013,0.3634564280509949,0.3534935414791107,0.3290629982948303,0.33682680130004883,0.1988123208284378,0.18394595384597778,0.21779406070709229,0.19271430373191833,0.09812507778406143,0.14813420176506042,0.16288445889949799,0.2246626615524292,0.20888349413871765,0.20900259912014008,0.17091822624206543,0.17975133657455444,339.1541243737439,273.3367849115429,1065.3129784678556,0.008616861223897912,0.0015580836916342378,820.0,830.0,825.0,830.0,840.0,835.0,4,viparita_swasa
P3,-7.965742111206055,-15.389739990234375,-29.977418899536133,-35.79148864746094,-41.63168716430664,-41.05837631225586,-41.66193389892578,-44.38532257080078,-44.9443244934082,-46.30554962158203,-46.49681091308594,-47.984596252441406,-48.59546661376953,-49.90478515625,-52.69601821899414,-53.191097259521484,-54.21006774902344,-56.218265533447266,-58.290794372558594,-59.93634796142578,-62.91907501220703,-65.55445861816406,-65.52190399169922,-65.3632583618164,-64.96540832519531,-66.8355941772461,-67.13924407958984,-65.95482635498047,-65.59992980957031,-66.78168487548828,-67.70716094970703,-68.37521362304688,2.782559394836426,2.505528450012207,2.3624448776245117,2.620535373687744,2.6356961727142334,2.576660394668579,2.581587314605713,2.8535006046295166,3.1082217693328857,3.4929733276367188,2.9768741130828857,3.0763394832611084,3.6535255908966064,3.7304880619049072,4.071183204650879,3.8117105960845947,3.9449336528778076,3.653414726257324,3.772402763366699,3.7664740085601807,4.346264362335205,4.429046630859375,4.704948425292969,5.191953182220459,4.791599750518799,4.393896579742432,4.19206428527832,4.260012626647949,4.725263595581055,4.404636383056641,4.446475028991699,4.597027778625488,-295.1028137207031,75.86235809326172,19.050853729248047,12.126235008239746,17.234121322631836,13.739395141601562,8.560942649841309,10.54277229309082,7.008280277252197,5.5784125328063965,14.407081604003906,9.006654739379883,6.548525333404541,3.408909797668457,3.216653347015381,2.660325288772583,2.7514891624450684,3.0597822666168213,2.9165806770324707,2.4329583644866943,0.3264913856983185,0.3572208881378174,0.4843069612979889,0.6870242357254028,0.9470648765563965,0.8191599249839783,0.45154449343681335,0.38149911165237427,0.35180193185806274,0.3376317322254181,0.3188765048980713,0.3218500018119812,0.20090346038341522,0.17593707144260406,0.21546731889247894,0.1841142177581787,0.10515401512384415,0.15760569274425507,0.17005233466625214,0.2175465226173401,0.2114356905221939,0.22386102378368378,0.19764411449432373,0.20041948556900024,482.1297300266435,468.8093074789733,1368.9600638103032,0.009861921766241299,0.001537057338282466,830.0,840.0,835.0,840.0,850.0,845.0,4,viparita_swasa
P3,-10.519424438476562,-18.359161376953125,-32.5037956237793,-38.4183464050293,-43.64617919921875,-42.87602233886719,-43.70280456542969,-45.623531341552734,-46.481502532958984,-47.91632080078125,-48.31476593017578,-49.86343002319336,-50.26386642456055,-51.61697769165039,-54.995086669921875,-55.4675178527832,-55.58844757080078,-57.66239929199219,-60.56853103637695,-62.08750915527344,-64.67103576660156,-66.78157806396484,-66.62372589111328,-66.81071472167969,-65.17477416992188,-67.22857666015625,-67.43112182617188,-65.04003143310547,-64.68400573730469,-66.2892837524414,-67.817138671875,-69.35176086425781,2.8637614250183105,2.705909013748169,2.535968542098999,3.136256694793701,3.9199447631835938,3.6061365604400635,3.3319501876831055,4.115642070770264,4.240328788757324,4.462936878204346,4.294266223907471,4.457302570343018,5.572965145111084,6.375378608703613,7.147563934326172,6.5944037437438965,6.075621604919434,5.242423057556152,5.285146713256836,5.284366607666016,6.575020790100098,6.188432216644287,5.967743873596191,5.934528350830078,6.2042388916015625,5.3372626304626465,5.2840399742126465,5.810266971588135,5.459773063659668,4.76756477355957,4.66170597076416,4.579206943511963,-303.0622863769531,71.53704833984375,20.648967742919922,10.450218200683594,16.05095863342285,14.099681854248047,7.53922176361084,11.40688705444336,6.619396686553955,6.266413688659668,22.167327880859375,8.60670280456543,9.936723709106445,3.592313051223755,3.916611433029175,3.2667596340179443,3.3770861625671387,3.153735876083374,2.8171582221984863,2.8472578525543213,0.35368651151657104,0.3777116537094116,0.49782878160476685,0.6884437203407288,0.942308247089386,0.8253870606422424,0.47122684121131897,0.4047365188598633,0.37953096628189087,0.36798393726348877,0.34301137924194336,0.3494628071784973,0.218846395611763,0.19173212349414825,0.2198534905910492,0.18439988791942596,0.11440939456224442,0.16393612325191498,0.16274182498455048,0.22459936141967773,0.22139708697795868,0.22631824016571045,0.19772231578826904,0.209690660238266,592.6819095531553,726.0086803037993,1548.946111007103,0.011492169373549884,0.0016434532590210438,840.0,850.0,845.0,850.0,860.0,855.0,4,viparita_swasa
P3,-8.046406745910645,-15.6246919631958,-30.040023803710938,-35.68510818481445,-41.509037017822266,-40.93000793457031,-41.621849060058594,-44.206268310546875,-44.82597732543945,-46.8796501159668,-47.22819519042969,-48.411956787109375,-49.16242599487305,-51.81391525268555,-55.87049102783203,-55.671932220458984,-55.45097351074219,-57.535762786865234,-61.650123596191406,-63.75846862792969,-67.28751373291016,-70.01103973388672,-69.79280853271484,-68.92826843261719,-66.17853546142578,-69.12105560302734,-70.33894348144531,-67.2620620727539,-66.95429229736328,-68.87213897705078,-70.7064437866211,-72.49264526367188,2.623342275619507,2.4540903568267822,2.3425920009613037,2.9172487258911133,3.064850091934204,2.556126832962036,2.8526530265808105,3.0913772583007812,3.3110804557800293,3.595073938369751,2.709717273712158,3.0862576961517334,4.211606502532959,3.523249864578247,3.171276569366455,3.560014486312866,4.3086771965026855,3.808690071105957,2.4969615936279297,2.654331922531128,2.8147940635681152,3.0888428688049316,4.33607292175293,5.405361652374268,6.720756530761719,4.856495380401611,3.8074252605438232,6.508416652679443,6.545281410217285,4.923194885253906,3.687659978866577,2.556344985961914,-304.7398376464844,82.49911499023438,21.597089767456055,9.762221336364746,16.39179801940918,14.93337631225586,6.3523406982421875,12.318357467651367,6.910082817077637,4.632376670837402,15.634283065795898,7.936925411224365,3.679385185241699,3.0595996379852295,4.033836364746094,3.6059083938598633,3.7633697986602783,2.4766154289245605,2.913945436477661,2.5582854747772217,0.3391267955303192,0.36345401406288147,0.4804271459579468,0.6955634355545044,0.9570742249488831,0.8350139856338501,0.4646344780921936,0.40615230798721313,0.3828682601451874,0.37025561928749084,0.34695136547088623,0.342663049697876,0.20345868170261383,0.17568139731884003,0.20948436856269836,0.16823795437812805,0.08784545212984085,0.14421655237674713,0.16645695269107819,0.22144190967082977,0.2163647562265396,0.23311851918697357,0.21189257502555847,0.20911599695682526,418.31830087564066,422.4704538863109,1220.1037315187389,0.00994122498549884,0.0015428854385390878,850.0,860.0,855.0,860.0,870.0,865.0,4,viparita_swasa
P3,-7.42414665222168,-14.8906888961792,-29.3919734954834,-35.02151107788086,-40.74289321899414,-40.519187927246094,-41.19306564331055,-43.89701461791992,-44.451656341552734,-46.61051559448242,-47.1204719543457,-48.04570007324219,-48.6791877746582,-51.29862594604492,-54.75699234008789,-54.369285583496094,-54.60667419433594,-56.9398307800293,-60.96438217163086,-63.25272750854492,-66.59373474121094,-69.63937377929688,-69.31207275390625,-67.79004669189453,-65.96218872070312,-68.3832015991211,-69.69403839111328,-66.57263946533203,-66.22020721435547,-68.1823501586914,-69.95417022705078,-71.78650665283203,2.7291324138641357,2.7161595821380615,2.4495952129364014,2.9921603202819824,3.0128414630889893,2.662125825881958,2.688638210296631,2.9894559383392334,3.4595837593078613,3.4978253841400146,2.392883777618408,3.2056760787963867,4.423272132873535,3.571695566177368,3.390270948410034,4.0118184089660645,4.485437393188477,3.8096721172332764,2.4351956844329834,2.5526845455169678,2.753021478652954,2.686361312866211,4.274594783782959,5.66324520111084,6.4115309715271,4.7356438636779785,3.642857789993286,6.19477653503418,6.33164119720459,4.941012382507324,3.9868905544281006,2.7523932456970215,-301.2746887207031,82.15287780761719,21.585914611816406,10.050127983093262,17.143226623535156,15.083292961120605,5.836790561676025,12.004512786865234,7.150587558746338,4.799057483673096,15.442320823669434,7.71146821975708,3.953896999359131,3.474285125732422,3.865788698196411,3.7142128944396973,3.7423524856567383,2.555039167404175,3.3304412364959717,2.435497760772705,0.34825319051742554,0.38157913088798523,0.504946768283844,0.7031171321868896,0.9499169588088989,0.812172532081604,0.43792006373405457,0.376943439245224,0.35605669021606445,0.3485555350780487,0.3311630189418793,0.33889248967170715,0.22770744562149048,0.2088744044303894,0.23637722432613373,0.18531544506549835,0.10316585749387741,0.15840338170528412,0.1689390242099762,0.2127583920955658,0.20921242237091064,0.22427529096603394,0.20168116688728333,0.21298886835575104,414.8520649130285,374.20810071055683,1224.4480430073297,0.009261483106148492,0.001555248978547752,860.0,870.0,865.0,870.0,880.0,875.0,4,viparita_swasa
P3,-6.9790358543396,-14.061270713806152,-28.815284729003906,-34.64852523803711,-40.18395233154297,-39.64554977416992,-40.3454704284668,-43.138633728027344,-43.74361038208008,-46.13962173461914,-46.47785568237305,-47.205562591552734,-48.0404052734375,-50.63325500488281,-54.2936897277832,-53.605224609375,-54.18134689331055,-56.54803466796875,-60.200191497802734,-62.9271240234375,-65.98284912109375,-68.65109252929688,-68.95169067382812,-68.2618637084961,-66.41809844970703,-68.33450317382812,-68.9077377319336,-65.94911193847656,-65.72421264648438,-67.48301696777344,-69.01365661621094,-70.78738403320312,2.5606517791748047,2.5363292694091797,2.360178232192993,2.9326937198638916,3.1600327491760254,2.6272499561309814,2.5654919147491455,3.128004312515259,3.248239517211914,3.463418483734131,2.975519895553589,3.9177193641662598,4.451041221618652,3.4112441539764404,3.5892724990844727,4.591838836669922,4.8469557762146,3.9596023559570312,3.0452964305877686,2.5997748374938965,3.0801470279693604,3.4052653312683105,4.908945083618164,6.149757385253906,7.002557754516602,5.322584629058838,4.557432651519775,7.06669807434082,7.259354114532471,5.9609551429748535,4.843321323394775,3.6938750743865967,-298.09478759765625,82.53964233398438,21.783061981201172,9.293519973754883,17.7231388092041,14.395419120788574,6.084948539733887,12.134113311767578,6.694320201873779,5.352990627288818,17.952394485473633,9.763537406921387,4.37446403503418,3.1724634170532227,3.3222057819366455,3.5656206607818604,3.797341823577881,2.2802696228027344,2.6134684085845947,2.27150559425354,0.3221108913421631,0.32656019926071167,0.415926069021225,0.5993400812149048,0.9358009099960327,0.8549970388412476,0.4752154052257538,0.3967585265636444,0.37076085805892944,0.3595898151397705,0.33006128668785095,0.3282804787158966,0.21069982647895813,0.18186496198177338,0.20773455500602722,0.19427891075611115,0.10768556594848633,0.14819514751434326,0.16668850183486938,0.23072843253612518,0.22387875616550446,0.2329791784286499,0.19777680933475494,0.20254449546337128,438.76814942678214,490.26756906177496,1241.2065102751003,0.01093817974187935,0.0014899545349180698,870.0,880.0,875.0,880.0,890.0,885.0,4,viparita_swasa
P3,-7.253330707550049,-14.659456253051758,-28.669740676879883,-34.35504913330078,-39.92440414428711,-39.73162078857422,-40.42698669433594,-42.864707946777344,-43.51054382324219,-45.627838134765625,-45.9289436340332,-46.30191421508789,-47.33903884887695,-49.70330047607422,-52.4664192199707,-51.837703704833984,-52.378936767578125,-55.29057312011719,-58.814552307128906,-61.1395149230957,-63.5492057800293,-65.52855682373047,-64.3075180053711,-63.3072509765625,-61.815425872802734,-63.947540283203125,-64.31128692626953,-60.98686218261719,-60.4207878112793,-62.09839630126953,-63.842140197753906,-65.66297149658203,2.5739550590515137,2.52148699760437,2.4031665325164795,3.5092720985412598,3.635164737701416,2.825291872024536,2.83024001121521,3.6115193367004395,4.278771877288818,4.390182018280029,3.6520912647247314,4.7542219161987305,5.30799674987793,3.8577301502227783,4.371603965759277,5.593613624572754,5.847690105438232,4.971540927886963,3.6070938110351562,3.3571019172668457,3.831493377685547,4.568233489990234,5.8887810707092285,7.124430179595947,7.9488935470581055,6.4875946044921875,5.769100666046143,7.868619441986084,7.836486339569092,6.487185955047607,5.683554649353027,5.299939155578613,-286.0251159667969,71.54785919189453,24.0954532623291,9.01718521118164,16.8753604888916,15.355414390563965,5.902527332305908,10.907364845275879,7.223618984222412,5.537222862243652,21.828596115112305,11.512161254882812,5.592679023742676,3.4475483894348145,3.979219913482666,3.9066002368927,4.332391262054443,2.4982669353485107,3.032451629638672,2.3420398235321045,0.3577288091182709,0.36341893672943115,0.45704174041748047,0.6494641304016113,0.9436792731285095,0.8370398879051208,0.46840211749076843,0.41166871786117554,0.4035588204860687,0.4042721390724182,0.37823981046676636,0.3699977695941925,0.21492639183998108,0.18487681448459625,0.21377289295196533,0.1888027936220169,0.10562825202941895,0.1531742513179779,0.16787010431289673,0.2206026017665863,0.22702635824680328,0.25298529863357544,0.22252310812473297,0.21753333508968353,633.9013735016607,799.2015865175464,1595.952523971728,0.01418168140951276,0.0014858002541586757,880.0,890.0,885.0,890.0,900.0,895.0,4,viparita_swasa
P3,-7.418252468109131,-14.722923278808594,-28.962987899780273,-34.818904876708984,-40.51698303222656,-40.15948486328125,-40.8403434753418,-43.19789123535156,-43.92715072631836,-46.32725524902344,-46.88679504394531,-47.30000305175781,-47.61141586303711,-50.25444030761719,-53.53104782104492,-53.189300537109375,-53.75227355957031,-56.22117614746094,-59.61392593383789,-61.92805480957031,-64.18433380126953,-66.11800384521484,-65.30680847167969,-64.34414672851562,-63.15766525268555,-65.08242797851562,-65.2319564819336,-62.317928314208984,-61.82741928100586,-63.22135543823242,-64.6583251953125,-66.20294952392578,2.7825701236724854,2.7273950576782227,2.268526792526245,2.949288845062256,3.0262646675109863,2.657158851623535,2.7946877479553223,3.2268800735473633,3.2778823375701904,3.1891348361968994,2.6542909145355225,3.4844861030578613,4.361198902130127,3.2337255477905273,3.3298940658569336,4.179763317108154,4.380652904510498,3.643960952758789,2.426543951034546,2.2774550914764404,2.625851631164551,3.053729772567749,3.9372570514678955,4.774256706237793,5.363324165344238,4.001693248748779,3.7418768405914307,5.063125133514404,5.116484642028809,4.252079963684082,4.032841682434082,3.9434897899627686,-290.4147644042969,72.9717025756836,24.676828384399414,9.228721618652344,16.92736053466797,14.972436904907227,6.658118724822998,10.709349632263184,7.163400650024414,5.7931013107299805,13.72163200378418,8.152215003967285,4.747109413146973,3.3922278881073,3.3824071884155273,3.3123462200164795,3.5918262004852295,2.4782159328460693,2.7671773433685303,2.5318655967712402,0.3107292056083679,0.3369717001914978,0.45298686623573303,0.6500912308692932,0.9424694180488586,0.8342300653457642,0.4657420814037323,0.40039488673210144,0.37724319100379944,0.3668522238731384,0.326077938079834,0.31471776962280273,0.2064136564731598,0.18711067736148834,0.21830496191978455,0.1858060210943222,0.10366567224264145,0.14699003100395203,0.16800320148468018,0.2213633805513382,0.2218281477689743,0.24311891198158264,0.2031005173921585,0.2028602957725525,539.8467325850191,515.1481610716357,1514.8571310402294,0.010540530742459397,0.0015047260094434023,890.0,900.0,895.0,900.0,910.0,905.0,4,viparita_swasa
P3,-7.917230129241943,-15.160414695739746,-29.758895874023438,-35.28718948364258,-41.005001068115234,-40.6899299621582,-41.272560119628906,-43.94422149658203,-44.49396514892578,-47.01376724243164,-47.06463623046875,-46.82072830200195,-47.56919860839844,-50.648681640625,-53.74812698364258,-53.55134201049805,-54.24235916137695,-56.756996154785156,-60.99168014526367,-63.796661376953125,-66.88150024414062,-69.69952392578125,-69.09668731689453,-68.24496459960938,-66.65363311767578,-69.02880859375,-69.9087905883789,-66.39753723144531,-66.4233169555664,-68.39900207519531,-70.32022094726562,-72.04998016357422,2.8074238300323486,2.630143642425537,2.474574565887451,2.9975574016571045,3.379746437072754,2.884875774383545,2.983938694000244,3.5734283924102783,3.837226629257202,3.5306525230407715,2.611417055130005,4.182105541229248,5.057441234588623,3.752906322479248,4.005136966705322,4.855182647705078,4.9957756996154785,4.215862274169922,2.545142889022827,2.162999391555786,2.52669095993042,2.579935312271118,4.397604465484619,5.396873474121094,6.408885955810547,4.358830451965332,3.435389995574951,6.019596576690674,6.041764259338379,4.788084983825684,3.6129403114318848,2.5756032466888428,-301.37554931640625,82.58189392089844,19.948148727416992,8.902178764343262,17.878814697265625,15.816133499145508,5.617519855499268,11.39620590209961,6.744022846221924,5.349525451660156,16.000022888183594,7.554497718811035,4.703313827514648,4.0308756828308105,3.5250370502471924,3.710346221923828,4.142299175262451,2.662635326385498,3.2260725498199463,2.241264581680298,0.3295556902885437,0.3515188694000244,0.463417649269104,0.6384532451629639,0.9390774965286255,0.8463602066040039,0.4686988294124603,0.38353046774864197,0.36115479469299316,0.3565984070301056,0.32937949895858765,0.33016425371170044,0.20306739211082458,0.18602442741394043,0.2160113900899887,0.2012515515089035,0.10473790019750595,0.15226945281028748,0.15910084545612335,0.22106030583381653,0.21736636757850647,0.23523244261741638,0.20085906982421875,0.19964554905891418,428.7329446340297,429.464997824826,1232.0843765350735,0.0098641875725058,0.001506170490756631,900.0,910.0,905.0,910.0,920.0,915.0,4,viparita_swasa
P3,-6.516240119934082,-11.092093467712402,-25.60763931274414,-31.496315002441406,-37.26211929321289,-36.47670364379883,-37.44001388549805,-40.2118034362793,-40.75323486328125,-43.21487045288086,-42.78144073486328,-43.27830505371094,-44.376129150390625,-46.69939422607422,-49.66178894042969,-48.97885513305664,-50.539615631103516,-53.23185729980469,-56.469078063964844,-59.30180358886719,-62.547969818115234,-65.21331787109375,-64.70297241210938,-64.34661102294922,-63.10760498046875,-65.15260314941406,-65.9708480834961,-63.04172897338867,-63.146976470947266,-64.5611343383789,-66.10313415527344,-67.51927947998047,2.284898519515991,2.6171793937683105,2.3157033920288086,2.782395362854004,3.415393352508545,2.638171434402466,2.7121706008911133,3.2270147800445557,3.758913516998291,3.6760950088500977,2.952658176422119,3.833977460861206,4.285802841186523,3.4888076782226562,4.062087535858154,5.344247341156006,4.821483135223389,3.7229321002960205,3.0522971153259277,2.8976030349731445,3.2375805377960205,3.775838613510132,5.322610855102539,6.277627468109131,6.940202236175537,5.3728108406066895,4.651488304138184,7.040358066558838,7.192446231842041,5.842082500457764,4.94381856918335,4.178917407989502,-279.44921875,81.79408264160156,19.059837341308594,8.91254711151123,17.629119873046875,14.425371170043945,5.669926643371582,10.370580673217773,6.452723026275635,4.795546054840088,18.48921012878418,9.831944465637207,4.381306171417236,3.494704008102417,3.6908950805664062,3.512272357940674,3.903801918029785,2.4314451217651367,2.706674098968506,2.117192268371582,0.17769205570220947,0.16944657266139984,0.2276908904314041,0.4647265374660492,0.9322792887687683,0.847732424736023,0.4379860460758209,0.3873528838157654,0.34585168957710266,0.31463298201560974,0.24845196306705475,0.2063286155462265,0.12477545440196991,0.11358920484781265,0.12424565851688385,0.1233898252248764,0.12298206984996796,0.1464795470237732,0.18251585960388184,0.2492532730102539,0.2073197066783905,0.20457346737384796,0.14856918156147003,0.13288186490535736,528.7989854840728,673.099951511746,1352.601256591664,0.01324137180974478,0.001105085713788867,910.0,920.0,915.0,920.0,930.0,925.0,4,viparita_swasa
P3,-6.006225109100342,-9.80603313446045,-24.25839614868164,-29.700485229492188,-35.51079559326172,-35.32875442504883,-36.02312088012695,-38.495567321777344,-39.07610321044922,-41.45057678222656,-41.61721420288086,-41.613319396972656,-42.151519775390625,-44.81980514526367,-48.26632308959961,-47.051334381103516,-48.091514587402344,-51.260276794433594,-54.89255142211914,-57.49958419799805,-61.203468322753906,-63.67382049560547,-62.61687088012695,-62.0018424987793,-59.947078704833984,-62.475547790527344,-63.71541976928711,-59.679351806640625,-59.627201080322266,-62.0639762878418,-63.994388580322266,-65.89724731445312,2.3599343299865723,2.53985857963562,2.3792316913604736,2.999688148498535,3.318081855773926,2.7962663173675537,2.893831491470337,3.562335252761841,3.767491340637207,3.6838371753692627,2.5139870643615723,3.998206377029419,4.991765975952148,3.787289619445801,3.8797037601470947,5.227478981018066,5.332013130187988,3.994027853012085,2.8755834102630615,2.7492239475250244,2.7147421836853027,2.9925074577331543,4.875481605529785,5.83795166015625,6.904404163360596,4.993643283843994,3.868539333343506,6.789689540863037,6.647594451904297,4.969576358795166,3.977771520614624,3.2349352836608887,-268.6679992675781,79.35912322998047,19.298189163208008,8.419384002685547,17.02254867553711,15.245879173278809,4.248160362243652,10.644149780273438,6.101135730743408,4.604600429534912,17.07985496520996,8.813017845153809,4.546571254730225,4.073578357696533,3.3576998710632324,3.929165840148926,4.390740394592285,2.446061134338379,2.7223052978515625,2.3623218536376953,0.13454896211624146,0.12874341011047363,0.1958051472902298,0.5179471373558044,0.9553939700126648,0.8144798874855042,0.3905816972255707,0.3617419898509979,0.3426465094089508,0.31845802068710327,0.24684171378612518,0.18138641119003296,0.10100944340229034,0.07951153069734573,0.09475930780172348,0.10680978745222092,0.11220034956932068,0.14989209175109863,0.1712154597043991,0.22330161929130554,0.22308684885501862,0.2414870262145996,0.18841750919818878,0.13669352233409882,584.3751063575081,750.6644476870649,1464.377035805922,0.013620894359048724,0.00104457326233387,920.0,930.0,925.0,930.0,940.0,935.0,4,viparita_swasa
P3,-6.627993106842041,-10.284958839416504,-24.673545837402344,-29.99083709716797,-35.53797912597656,-35.11946105957031,-35.879024505615234,-38.77168273925781,-38.96626663208008,-41.132205963134766,-41.481285095214844,-41.732608795166016,-42.378318786621094,-44.96010208129883,-48.502742767333984,-47.35822677612305,-47.80086135864258,-50.91075897216797,-54.156742095947266,-57.16433334350586,-61.107078552246094,-64.00883483886719,-63.377506256103516,-62.5700569152832,-60.308536529541016,-62.7697868347168,-64.39189147949219,-60.71916198730469,-60.68404769897461,-62.5319709777832,-64.79146575927734,-66.66781616210938,2.3455402851104736,2.673929452896118,2.566401720046997,3.224505662918091,3.5255348682403564,2.905273914337158,2.969395875930786,3.4312989711761475,3.8696401119232178,4.153100967407227,3.4010744094848633,4.466726303100586,5.37102746963501,4.182867527008057,4.302883625030518,6.003880023956299,6.168625354766846,5.044312000274658,4.025045394897461,3.6583127975463867,3.718266010284424,4.491721153259277,6.395078659057617,8.089777946472168,9.301507949829102,7.272037029266357,6.026698112487793,9.421209335327148,9.317766189575195,7.34288215637207,5.605154037475586,4.3030266761779785,-270.0013122558594,80.37342834472656,17.83580780029297,8.534141540527344,16.872634887695312,14.2652587890625,4.087410926818848,11.102593421936035,5.983835697174072,3.8879826068878174,24.220745086669922,11.957230567932129,3.6003916263580322,3.452571153640747,4.120157718658447,4.162431716918945,4.729766845703125,2.3395228385925293,2.9498190879821777,2.3073768615722656,0.14297296106815338,0.1334180235862732,0.19000579416751862,0.45685964822769165,0.9419569373130798,0.8479052782058716,0.422597199678421,0.37536054849624634,0.33001744747161865,0.2966083884239197,0.23259201645851135,0.17958857119083405,0.09270019829273224,0.08585835993289948,0.09885896742343903,0.10690456628799438,0.11326704174280167,0.14547455310821533,0.19521188735961914,0.2511260509490967,0.22152060270309448,0.2256353348493576,0.1734643578529358,0.1299382448196411,637.5109638941016,1022.1776550717807,1445.2446839774964,0.01757699209686775,0.0010132689494639635,930.0,940.0,935.0,940.0,950.0,945.0,4,viparita_swasa
P3,-6.145615577697754,-9.72403621673584,-23.94847869873047,-29.724790573120117,-35.46156311035156,-34.76893615722656,-35.7095947265625,-38.63283157348633,-39.14909744262695,-41.42030334472656,-41.35477828979492,-41.936641693115234,-42.69266891479492,-45.405921936035156,-49.093997955322266,-48.52307891845703,-48.84806823730469,-51.71578598022461,-54.97431564331055,-57.978023529052734,-61.468849182128906,-64.69627380371094,-64.8813705444336,-63.994632720947266,-62.23138427734375,-64.31304168701172,-65.26226806640625,-62.1041259765625,-61.76021957397461,-63.38656997680664,-65.30004119873047,-66.99885559082031,2.198145866394043,2.6627049446105957,2.389007568359375,2.9499125480651855,2.97489333152771,2.3863401412963867,2.598792552947998,3.0692384243011475,3.294537305831909,3.222536325454712,2.5891804695129395,3.25325345993042,4.265841007232666,3.1331911087036133,3.0609610080718994,4.005023956298828,4.425814628601074,3.5313937664031982,2.495183229446411,2.186739921569824,2.2890775203704834,2.4701385498046875,3.821190118789673,5.175120830535889,6.3035478591918945,4.4935302734375,3.384110450744629,6.070451259613037,6.09979772567749,4.74627161026001,3.5009100437164307,2.4351847171783447,-272.87359619140625,83.43997192382812,18.9948673248291,8.09959602355957,17.531152725219727,13.565024375915527,4.958438873291016,11.114265441894531,5.410348892211914,4.0562310218811035,14.50108528137207,7.6151442527771,3.5914855003356934,3.2580554485321045,3.549105644226074,3.6884634494781494,3.8518340587615967,2.2609846591949463,2.7730519771575928,2.4095699787139893,0.13258518278598785,0.12447413057088852,0.18626917898654938,0.48787474632263184,0.9521580934524536,0.832455575466156,0.398512065410614,0.359614759683609,0.3325347602367401,0.3101273477077484,0.2400224357843399,0.17695850133895874,0.09264997392892838,0.08011318743228912,0.09304516762495041,0.09767768532037735,0.10234609991312027,0.147713765501976,0.1869846135377884,0.24403560161590576,0.22420985996723175,0.2336965948343277,0.1778067797422409,0.1284407526254654,530.8402765845453,668.2537317829176,1362.8575145155837,0.013062373114849188,0.0009805437875911593,940.0,950.0,945.0,950.0,960.0,955.0,4,viparita_swasa
P3,-6.355131149291992,-10.046272277832031,-24.220722198486328,-29.83537483215332,-35.3970832824707,-34.785247802734375,-35.60358428955078,-38.464385986328125,-39.08482360839844,-41.21514129638672,-41.36502456665039,-42.033260345458984,-42.864341735839844,-45.2056999206543,-48.49167251586914,-47.68865966796875,-48.25728988647461,-50.947818756103516,-54.154449462890625,-56.69789123535156,-60.132568359375,-62.72346115112305,-62.17667770385742,-61.44599151611328,-59.65449142456055,-61.70846176147461,-62.25920486450195,-59.193382263183594,-58.90333938598633,-60.300048828125,-61.92393112182617,-63.933780670166016,2.1740329265594482,2.5553672313690186,2.3624536991119385,3.129065752029419,3.3507487773895264,2.8108720779418945,2.6911513805389404,3.2786684036254883,3.71290922164917,3.622331380844116,2.8729238510131836,3.9437613487243652,4.772644519805908,3.632619619369507,3.968636989593506,5.38718843460083,5.65711784362793,4.368035793304443,3.428253173828125,3.270268440246582,3.221205234527588,3.9494242668151855,5.606703281402588,6.696555137634277,7.600009441375732,6.027979373931885,5.232344627380371,7.752466678619385,7.764727592468262,6.489301681518555,5.606325149536133,4.844088077545166,-266.4147033691406,76.59577941894531,20.850345611572266,8.2376708984375,16.845867156982422,13.490782737731934,4.810014247894287,10.718987464904785,5.893464088439941,4.308592796325684,19.922578811645508,11.338029861450195,5.210527420043945,3.3458259105682373,3.69626522064209,3.830716133117676,4.156040191650391,2.451622247695923,2.7842628955841064,2.496765613555908,0.13945969939231873,0.12983500957489014,0.18516755104064941,0.43257787823677063,0.9345911741256714,0.8531972169876099,0.4256480932235718,0.37905153632164,0.3446052670478821,0.3156417906284332,0.2365543395280838,0.18051917850971222,0.10664410144090652,0.08844849467277527,0.096446692943573,0.1066102460026741,0.12103213369846344,0.1491134613752365,0.18793384730815887,0.2564617991447449,0.22354333102703094,0.22600848972797394,0.16254207491874695,0.12812617421150208,673.1175705459577,948.859846287703,1590.3354550364536,0.01560347484048724,0.0009823314612731338,950.0,960.0,955.0,960.0,970.0,965.0,4,viparita_swasa
P3,-6.101406097412109,-9.724905967712402,-23.780826568603516,-29.706623077392578,-35.221107482910156,-34.56180953979492,-35.36118698120117,-38.0673942565918,-38.915103912353516,-41.07427215576172,-41.191715240478516,-41.52664566040039,-42.289180755615234,-44.90604782104492,-48.456565856933594,-47.573055267333984,-48.10038375854492,-51.10291290283203,-54.623741149902344,-57.42238998413086,-60.84529113769531,-63.30276107788086,-62.999324798583984,-62.14905548095703,-59.88694381713867,-62.1215705871582,-63.25346374511719,-60.02878952026367,-59.913291931152344,-61.56389617919922,-63.51443862915039,-65.28091430664062,2.3464529514312744,2.841144561767578,2.4540114402770996,3.031630277633667,3.2034549713134766,2.7475554943084717,2.7936606407165527,3.1913912296295166,3.612776756286621,3.537344455718994,2.811856985092163,4.014286994934082,4.998040676116943,3.7335565090179443,3.789475202560425,5.287544250488281,5.665046215057373,4.369919300079346,3.365142583847046,2.7632174491882324,3.0233912467956543,3.66707444190979,5.529762268066406,7.090355396270752,8.27210807800293,6.206809043884277,5.011927127838135,8.218034744262695,8.19605827331543,6.391592979431152,5.072833061218262,4.015581130981445,-267.7401428222656,79.56713104248047,19.88919448852539,8.112854957580566,16.64086151123047,14.343526840209961,4.412508964538574,10.680879592895508,6.049798965454102,4.161791801452637,20.178802490234375,10.912460327148438,4.263777256011963,3.4974801540374756,4.089359760284424,4.1950154304504395,4.481453895568848,2.452597141265869,2.6944925785064697,2.2421422004699707,0.13668058812618256,0.12601414322853088,0.17699511349201202,0.4167305827140808,0.9328237175941467,0.8665672540664673,0.43236643075942993,0.37949034571647644,0.3296019434928894,0.28769734501838684,0.21565037965774536,0.16875214874744415,0.10961008071899414,0.09797455370426178,0.10474240779876709,0.10666919499635696,0.11646319180727005,0.1461942195892334,0.18297122418880463,0.24850790202617645,0.2181992381811142,0.22127769887447357,0.15452848374843597,0.12076814472675323,615.4696209521161,894.0026373984919,1477.235916097168,0.015575152262180975,0.0010171650210395455,960.0,970.0,965.0,970.0,980.0,975.0,4,viparita_swasa
P3,-13.395379066467285,-16.988525390625,-31.293703079223633,-37.026004791259766,-42.749969482421875,-42.466609954833984,-43.28721237182617,-45.935569763183594,-46.55100631713867,-49.143951416015625,-48.76564025878906,-49.275360107421875,-50.231163024902344,-52.60747146606445,-55.95106887817383,-55.18337631225586,-55.9838752746582,-58.893367767333984,-61.87486267089844,-64.87914276123047,-68.39204406738281,-70.95695495605469,-70.61811065673828,-70.24202728271484,-68.43880462646484,-70.47891235351562,-71.038330078125,-68.00737762451172,-67.5831527709961,-68.95809173583984,-70.53094482421875,-72.24480438232422,2.546832799911499,2.8376057147979736,2.87182354927063,3.1736881732940674,3.2482802867889404,2.9050216674804688,2.7272799015045166,3.176453113555908,3.5254383087158203,3.370680809020996,2.8122360706329346,3.691664934158325,4.411739349365234,3.2924461364746094,3.559697389602661,4.852269649505615,4.981477737426758,3.828240394592285,3.0285325050354004,2.62103009223938,2.5828843116760254,2.9842448234558105,4.567990779876709,5.329963684082031,6.325623035430908,4.603960037231445,3.6468400955200195,6.010072231292725,6.1359477043151855,5.183187007904053,4.538304805755615,3.6700377464294434,-311.1221618652344,79.71080780029297,20.37812042236328,8.0703706741333,17.896154403686523,13.655778884887695,5.147108554840088,10.584256172180176,5.813220024108887,4.294460296630859,16.342302322387695,8.047090530395508,4.720571994781494,3.8696868419647217,3.3259594440460205,3.836029052734375,3.897197723388672,2.4926950931549072,2.8515632152557373,2.359278678894043,0.13968758285045624,0.135747030377388,0.20756539702415466,0.546511173248291,0.94774329662323,0.7837117910385132,0.38701972365379333,0.36854904890060425,0.346660315990448,0.3152277171611786,0.2424849271774292,0.1794617474079132,0.14301535487174988,0.11383718252182007,0.11351773887872696,0.1187245175242424,0.12794464826583862,0.17474915087223053,0.20999033749103546,0.26023370027542114,0.2500686049461365,0.24670550227165222,0.18778635561466217,0.1492423117160797,583.4019414319616,731.5793349405452,1471.083358761649,0.014535147186774943,0.0010260833660140634,970.0,980.0,975.0,980.0,990.0,985.0,4,viparita_swasa
P3,-6.066767692565918,-9.667379379272461,-24.018625259399414,-29.440753936767578,-34.97371292114258,-34.5531120300293,-35.537864685058594,-38.072174072265625,-38.75439453125,-41.05742645263672,-41.204139709472656,-41.20075988769531,-42.1140251159668,-44.6680908203125,-48.12174606323242,-46.99165344238281,-47.54738235473633,-50.85276412963867,-53.95982360839844,-56.67319869995117,-60.1131591796875,-62.72996520996094,-61.930274963378906,-61.16777801513672,-59.2848014831543,-61.7513313293457,-62.74419021606445,-58.82460021972656,-58.26303482055664,-59.772911071777344,-61.57014846801758,-63.80417251586914,2.2483301162719727,2.4764270782470703,2.5150747299194336,3.309490442276001,3.6986751556396484,2.998347759246826,2.826808452606201,3.3822312355041504,3.7245535850524902,3.852908134460449,3.19946026802063,4.386833190917969,4.76707649230957,3.711453437805176,4.143221378326416,5.664939880371094,5.711853981018066,4.614921569824219,3.5923757553100586,3.3171443939208984,3.5599679946899414,4.199990749359131,6.134431838989258,7.486098766326904,8.585004806518555,6.578929424285889,5.486433982849121,8.611366271972656,8.54367733001709,7.073226451873779,6.177733898162842,5.233767032623291,-264.7110900878906,76.89290618896484,20.63652801513672,7.7021613121032715,17.342227935791016,13.794506072998047,4.762227535247803,10.395954132080078,5.858767986297607,4.468313694000244,21.957353591918945,11.819418907165527,5.050172328948975,3.7108845710754395,4.264886379241943,4.183216094970703,4.4755964279174805,2.351349115371704,2.5626227855682373,2.449465751647949,0.14067387580871582,0.12433215975761414,0.17272810637950897,0.4166906177997589,0.9403781890869141,0.8506579995155334,0.40786683559417725,0.3567793369293213,0.3379177451133728,0.3237174153327942,0.24700316786766052,0.18655869364738464,0.1042206808924675,0.087410569190979,0.09046291559934616,0.09950022399425507,0.11226668953895569,0.155531108379364,0.17192383110523224,0.22909972071647644,0.21797233819961548,0.23678043484687805,0.17974384129047394,0.14204329252243042,677.7876579005128,1015.9824875833817,1588.7101305559188,0.016166527697215778,0.0010585463605821133,980.0,990.0,985.0,990.0,1000.0,995.0,4,viparita_swasa
P3,-5.675938606262207,-9.594779014587402,-23.909809112548828,-28.908605575561523,-34.179298400878906,-33.95581817626953,-34.74396896362305,-37.41788101196289,-38.18133544921875,-40.43317413330078,-40.56155014038086,-40.89907455444336,-41.68928527832031,-44.14002990722656,-47.44054412841797,-46.96993637084961,-47.421295166015625,-50.37229919433594,-53.39303207397461,-55.79229736328125,-58.717262268066406,-61.25047302246094,-60.70438766479492,-60.117130279541016,-58.71853256225586,-60.70290756225586,-61.47029495239258,-58.05791091918945,-57.4724006652832,-58.617733001708984,-60.28921127319336,-62.32493591308594,2.309797525405884,2.61954402923584,2.452507734298706,3.1240768432617188,3.597358465194702,2.899127721786499,2.9819529056549072,3.4173495769500732,3.9820046424865723,3.926044464111328,3.28696608543396,4.637424945831299,5.034572124481201,3.539837598800659,3.8387632369995117,5.242099761962891,5.428162574768066,4.110573768615723,3.2648205757141113,3.077986001968384,3.690708875656128,4.276255130767822,5.533285140991211,6.6012396812438965,7.318628787994385,5.980353832244873,5.366412162780762,7.403066635131836,7.388008117675781,6.427287578582764,5.726753234863281,5.2195539474487305,-260.5906066894531,75.40512084960938,21.089876174926758,7.7497239112854,16.637130737304688,13.08657169342041,5.330093860626221,9.911385536193848,5.608218193054199,4.776878833770752,19.804393768310547,11.335284233093262,5.544963836669922,4.290142059326172,3.609614372253418,3.783909320831299,4.0342512130737305,2.3140881061553955,2.568502426147461,2.4994359016418457,0.1363489031791687,0.1325768381357193,0.1994197517633438,0.4859890639781952,0.9476194977760315,0.8318063616752625,0.4298750162124634,0.41043129563331604,0.3660060465335846,0.32083338499069214,0.2315259724855423,0.17163804173469543,0.09387888759374619,0.0943676009774208,0.10880651324987411,0.10632337629795074,0.106474369764328,0.15126509964466095,0.20827752351760864,0.26969704031944275,0.23117774724960327,0.22555427253246307,0.1432914286851883,0.10328198969364166,690.4181747577057,1000.9442181155742,1639.3337181526272,0.014697152334686775,0.0010593148181214929,990.0,1000.0,995.0,1000.0,1010.0,1005.0,4,viparita_swasa
P3,-5.735050201416016,-9.081578254699707,-23.260757446289062,-29.09161949157715,-34.38460922241211,-33.96642303466797,-34.512535095214844,-37.48006820678711,-38.52300262451172,-40.57337188720703,-40.61397933959961,-41.298797607421875,-41.820289611816406,-44.46043014526367,-47.97895431518555,-47.13550567626953,-47.258907318115234,-50.17741775512695,-53.69416046142578,-56.4365119934082,-60.05158615112305,-62.53220748901367,-62.15065002441406,-61.092586517333984,-58.82084274291992,-61.254539489746094,-62.16748046875,-58.09736633300781,-57.45317077636719,-59.16202163696289,-61.050636291503906,-63.4047966003418,2.150120735168457,2.34391188621521,2.4961891174316406,3.042978048324585,3.3976383209228516,2.8743178844451904,2.8381824493408203,3.301450490951538,3.6527886390686035,3.4728121757507324,2.8334648609161377,3.6104047298431396,4.653181076049805,3.792149305343628,3.755218505859375,5.163382530212402,5.811311721801758,4.600203037261963,3.3633530139923096,2.897491216659546,3.1252665519714355,3.4561121463775635,4.846297264099121,6.023290157318115,7.113918781280518,5.202994346618652,4.488203048706055,6.562417030334473,6.521334171295166,5.698726654052734,5.147118091583252,4.297129154205322,-262.4642333984375,77.06134796142578,21.538536071777344,7.410142421722412,17.256244659423828,13.544479370117188,4.2066731452941895,10.9044771194458,5.6819000244140625,4.386103630065918,17.867361068725586,9.686676025390625,4.741748809814453,3.656095027923584,3.663004159927368,4.285111427307129,4.690173149108887,2.3356950283050537,2.7008860111236572,2.3572936058044434,0.13862955570220947,0.1251356154680252,0.17724618315696716,0.4357084333896637,0.9497308731079102,0.8584111332893372,0.39431047439575195,0.33973315358161926,0.3034864664077759,0.2763584852218628,0.22212916612625122,0.17717692255973816,0.09324768930673599,0.08259588479995728,0.08991201221942902,0.09932483732700348,0.0958591029047966,0.14286871254444122,0.16787107288837433,0.21769224107265472,0.1867193579673767,0.19269295036792755,0.1504422277212143,0.12100549787282944,657.4288800467411,871.6700578233758,1604.225016996914,0.014992840052204177,0.0009886764455586672,1000.0,1010.0,1005.0,1010.0,1020.0,1015.0,4,viparita_swasa
P3,-7.148982524871826,-10.915366172790527,-25.37796401977539,-31.113525390625,-36.71040344238281,-36.29060745239258,-37.01247024536133,-39.73725128173828,-40.82206344604492,-42.82612609863281,-42.55121994018555,-43.48109436035156,-44.20771026611328,-46.693294525146484,-50.38310241699219,-50.026798248291016,-50.04899978637695,-52.962188720703125,-56.32950210571289,-59.28108215332031,-63.077571868896484,-65.61713409423828,-65.72753143310547,-65.52935791015625,-63.37570571899414,-65.48271179199219,-66.17431640625,-63.0111198425293,-62.34625244140625,-63.8024787902832,-65.40223693847656,-67.4097900390625,2.2536582946777344,2.4865829944610596,2.483572244644165,2.9404385089874268,3.1511542797088623,2.6389317512512207,2.483419418334961,2.873023509979248,3.5194246768951416,3.279890298843384,2.766771078109741,3.856865167617798,4.659688472747803,3.538018226623535,3.597642660140991,4.73593807220459,5.205132007598877,4.134151458740234,3.083491802215576,2.7477879524230957,2.5401642322540283,3.2369418144226074,4.816253662109375,6.0061821937561035,7.183982849121094,5.497864246368408,4.410701751708984,6.957599639892578,7.028920650482178,5.760173797607422,4.861944675445557,3.747572183609009,-279.4620361328125,82.20651245117188,20.08013916015625,7.670483112335205,18.079177856445312,13.32313346862793,5.216116905212402,11.085517883300781,5.578398704528809,4.3082451820373535,18.094022750854492,9.219256401062012,4.14408540725708,3.329516887664795,3.430763006210327,3.7715187072753906,4.005281448364258,2.2061820030212402,2.500854730606079,2.3499181270599365,0.12814223766326904,0.12293814867734909,0.1778375208377838,0.4202413558959961,0.9303974509239197,0.8709259629249573,0.43538522720336914,0.3885047435760498,0.3469562530517578,0.31296104192733765,0.23045866191387177,0.17235100269317627,0.10677966475486755,0.0890805721282959,0.09719839692115784,0.10872890800237656,0.11839980632066727,0.1425582766532898,0.1841103881597519,0.24351724982261658,0.2142839878797531,0.23507286608219147,0.17298422753810883,0.13636833429336548,557.7046776700423,709.8712682170824,1397.9956441596958,0.014108042705916474,0.001021848525851965,1010.0,1020.0,1015.0,1020.0,1030.0,1025.0,4,viparita_swasa
P3,-5.832037925720215,-9.576086044311523,-23.883371353149414,-29.594934463500977,-35.04838562011719,-34.475791931152344,-35.45962142944336,-38.2097053527832,-39.07936477661133,-41.08695983886719,-41.41919708251953,-41.8060188293457,-42.378761291503906,-45.065589904785156,-48.513919830322266,-47.78995132446289,-48.0980110168457,-51.03533172607422,-54.57509231567383,-57.604103088378906,-61.136383056640625,-63.47774124145508,-63.11514663696289,-62.53017044067383,-60.638484954833984,-62.850704193115234,-63.434654235839844,-60.35474395751953,-60.35321044921875,-61.762630462646484,-63.23972702026367,-64.96808624267578,2.2942354679107666,2.6745212078094482,2.4759135246276855,3.0505504608154297,3.532047986984253,2.8711352348327637,2.720273494720459,3.1935203075408936,3.6958601474761963,3.502605676651001,2.879255771636963,4.242348670959473,4.764608860015869,3.636234760284424,3.9204015731811523,5.258984565734863,5.5405755043029785,4.5309906005859375,3.697105646133423,3.2899327278137207,3.3738796710968018,4.025570869445801,5.374861240386963,6.6803297996521,7.70859432220459,5.912115097045898,5.181101322174072,7.636706352233887,7.7270684242248535,6.63520622253418,5.746172904968262,4.734107494354248,-268.4166564941406,80.12193298339844,20.17643165588379,8.02457332611084,17.390735626220703,13.781842231750488,4.662646293640137,10.544724464416504,6.144999027252197,4.118403911590576,20.356435775756836,10.87160873413086,4.732753753662109,3.4146745204925537,3.5077285766601562,3.939415454864502,4.196804046630859,2.2676639556884766,2.573418140411377,2.3120369911193848,0.12329049408435822,0.11832454800605774,0.17824237048625946,0.46159207820892334,0.9351866841316223,0.8470169901847839,0.4294884204864502,0.4030771851539612,0.3389796018600464,0.2818616032600403,0.20233474671840668,0.1522047370672226,0.09339261800050735,0.08482515066862106,0.09060869365930557,0.09855412691831589,0.12105810642242432,0.14394329488277435,0.20895253121852875,0.28092503547668457,0.23187854886054993,0.21081797778606415,0.13905304670333862,0.10543867945671082,603.6037277563557,840.7192008954466,1467.4849333977268,0.014480767836426914,0.0010588252916932106,1020.0,1030.0,1025.0,1030.0,1040.0,1035.0,4,viparita_swasa
P3,-6.170690536499023,-9.92628002166748,-23.947181701660156,-29.854768753051758,-35.697261810302734,-34.75114440917969,-35.36272430419922,-38.36405944824219,-38.8796501159668,-40.87539291381836,-41.25670623779297,-41.86638641357422,-41.93855285644531,-44.488548278808594,-48.22343063354492,-47.9453125,-48.06781005859375,-50.834259033203125,-54.06292724609375,-56.361549377441406,-59.802059173583984,-62.334224700927734,-61.83644485473633,-61.16984558105469,-59.47917175292969,-61.72524642944336,-62.75352478027344,-59.92860794067383,-59.81025314331055,-61.134613037109375,-62.7199821472168,-64.3921890258789,2.242338180541992,2.555269956588745,2.4242165088653564,3.122563600540161,3.647645950317383,2.8438966274261475,2.8276290893554688,3.5680856704711914,3.8394830226898193,3.968618631362915,3.210632085800171,4.767817974090576,5.571791648864746,4.241613388061523,4.011330604553223,5.381961822509766,5.926918029785156,4.566573143005371,3.4922616481781006,3.6458582878112793,3.737828254699707,4.445381164550781,5.849134922027588,6.855386257171631,7.748775959014893,6.198973655700684,5.385512828826904,7.838709354400635,7.941892623901367,6.816070079803467,5.874931812286377,4.916722774505615,-266.2187805175781,77.7322006225586,19.42681312561035,8.82500171661377,16.399356842041016,13.882816314697266,5.496383190155029,10.239323616027832,6.067284107208252,4.323366641998291,21.65719223022461,11.199837684631348,4.828073978424072,3.6478819847106934,3.6591436862945557,3.7807364463806152,4.047336578369141,2.436973810195923,2.6709775924682617,2.4150071144104004,0.12433846294879913,0.11873837560415268,0.17418766021728516,0.42565619945526123,0.9407839775085449,0.8734327554702759,0.42090216279029846,0.36706599593162537,0.3254033327102661,0.29417821764945984,0.22129574418067932,0.16476814448833466,0.0804586261510849,0.07247224450111389,0.08970140665769577,0.09894750267267227,0.1054338589310646,0.1369158774614334,0.17582452297210693,0.23569323122501373,0.20235681533813477,0.20807340741157532,0.14700551331043243,0.10623301565647125,633.2671913257511,888.1571971070185,1515.7357663053701,0.014632576856148492,0.0010833676205947995,1030.0,1040.0,1035.0,1040.0,1050.0,1045.0,4,viparita_swasa
P3,-5.711553573608398,-9.56500244140625,-23.490840911865234,-28.754295349121094,-34.3804817199707,-34.120967864990234,-34.71576690673828,-37.03029251098633,-37.880496978759766,-40.00988006591797,-40.29701614379883,-40.349151611328125,-40.80560302734375,-43.55416488647461,-47.26595687866211,-46.45368576049805,-46.47090148925781,-49.52485275268555,-53.36054992675781,-56.02230453491211,-59.42454147338867,-62.414024353027344,-61.21283721923828,-59.96305847167969,-58.10151290893555,-60.738224029541016,-62.01545715332031,-57.991878509521484,-57.84886932373047,-59.94300079345703,-61.92700958251953,-63.961246490478516,2.3402161598205566,2.8337161540985107,2.4519336223602295,3.29929256439209,3.6724953651428223,2.8524203300476074,2.964463710784912,3.707066535949707,4.247285842895508,4.274493217468262,3.6600534915924072,5.463642120361328,5.971963405609131,4.388587951660156,4.446123123168945,6.005228042602539,6.336287498474121,5.19711446762085,4.013390064239502,3.8282456398010254,4.071377277374268,4.712217807769775,6.682618618011475,8.100251197814941,9.236194610595703,7.546863079071045,6.094009876251221,9.459566116333008,9.491937637329102,7.447838306427002,6.221695423126221,5.14375114440918,-260.7995910644531,77.335205078125,19.219284057617188,7.767542839050293,16.345144271850586,14.539462089538574,4.121151447296143,10.615630149841309,5.982425689697266,4.0878214836120605,25.007389068603516,12.500842094421387,4.861921310424805,3.9884402751922607,4.279710292816162,4.345363616943359,4.525721073150635,2.322922945022583,2.5844080448150635,2.4228575229644775,0.14359289407730103,0.1371573805809021,0.1929832398891449,0.44381824135780334,0.9341119527816772,0.8594696521759033,0.4276365637779236,0.38350042700767517,0.3483942449092865,0.3218206763267517,0.24699893593788147,0.18681600689888,0.09321951866149902,0.08648189157247543,0.09845715016126633,0.10966775566339493,0.11681577563285828,0.1528525948524475,0.19264985620975494,0.25303152203559875,0.2190980166196823,0.22975501418113708,0.17343537509441376,0.12980292737483978,699.8327472290794,1129.8186901827146,1559.646269734716,0.019126803581786544,0.0010585621930658817,1040.0,1050.0,1045.0,1050.0,1060.0,1055.0,4,viparita_swasa
P3,-8.47535228729248,-12.778794288635254,-26.94732666015625,-32.174991607666016,-37.44822311401367,-37.31794357299805,-37.97822189331055,-40.53483963012695,-41.33771514892578,-43.40813446044922,-43.42859649658203,-43.661251068115234,-44.222511291503906,-46.92276382446289,-50.3071174621582,-49.43033981323242,-49.49501419067383,-52.1821174621582,-55.74623489379883,-58.44682693481445,-61.73553466796875,-64.25517272949219,-63.52301025390625,-62.53192138671875,-60.6040153503418,-63.071319580078125,-63.79969787597656,-60.08271408081055,-59.68901824951172,-61.47610092163086,-63.43564224243164,-65.58843994140625,2.664713144302368,2.6447017192840576,2.5127570629119873,3.2160379886627197,3.562607526779175,3.0057766437530518,2.9640583992004395,3.5719025135040283,3.959721803665161,3.9339799880981445,3.3101890087127686,4.697254180908203,5.629114627838135,4.2791643142700195,4.412238121032715,5.9898457527160645,6.342119216918945,5.432530879974365,4.250171661376953,4.029282093048096,4.13941764831543,4.849295139312744,6.418051242828369,7.644680976867676,8.64236831665039,6.972222805023193,6.146172523498535,8.502535820007324,8.559670448303223,7.021768569946289,6.211678504943848,5.481513023376465,-276.1317138671875,74.15445709228516,20.21541976928711,8.143778800964355,16.805822372436523,14.005870819091797,4.487873554229736,10.812692642211914,5.759227275848389,4.357527732849121,23.474159240722656,12.473931312561035,5.367445468902588,3.5572493076324463,3.997311592102051,4.1117939949035645,4.764425754547119,2.4917428493499756,2.6231625080108643,2.418328285217285,0.1828738898038864,0.17775189876556396,0.23999108374118805,0.4590141177177429,0.9260615110397339,0.8755462169647217,0.4264056086540222,0.35005396604537964,0.32310572266578674,0.3103920817375183,0.2623249888420105,0.22306261956691742,0.15136033296585083,0.1361597627401352,0.15629832446575165,0.15047834813594818,0.11835720390081406,0.14512266218662262,0.16982707381248474,0.22294196486473083,0.20065838098526,0.2183373123407364,0.18777258694171906,0.17251929640769958,733.0179282271478,1134.3401632286832,1659.3328085248097,0.017395727595707657,0.0010776642011478543,1050.0,1060.0,1055.0,1060.0,1070.0,1065.0,4,viparita_swasa
P3,-7.465951919555664,-14.082006454467773,-28.36710548400879,-33.93241882324219,-39.36888122558594,-38.70885467529297,-39.27570724487305,-42.033878326416016,-43.34037399291992,-45.18449401855469,-45.292659759521484,-45.84396743774414,-46.159690856933594,-48.63715362548828,-52.06148910522461,-51.5689811706543,-51.59959411621094,-54.5414924621582,-57.87561798095703,-60.407936096191406,-63.97426986694336,-66.48770904541016,-65.5702896118164,-64.59757232666016,-62.97098922729492,-65.26386260986328,-65.80989074707031,-62.41256332397461,-62.22361373901367,-63.89237594604492,-65.8271713256836,-67.92235565185547,2.518218755722046,2.683067560195923,2.444751501083374,3.1902217864990234,3.829411268234253,2.893608808517456,2.955909252166748,3.494870185852051,4.204919338226318,4.117487907409668,3.303758382797241,4.761950492858887,5.617905616760254,4.295371055603027,4.507598400115967,5.715684413909912,6.252000331878662,5.2840094566345215,4.365195274353027,4.141191005706787,4.300920009613037,4.767984390258789,6.501967430114746,7.699336528778076,8.629388809204102,6.900785446166992,6.188508987426758,8.529874801635742,8.554800987243652,7.185751438140869,6.122618198394775,5.3227128982543945,-286.855712890625,76.40204620361328,21.105674743652344,8.993379592895508,17.28143882751465,14.705484390258789,5.009295463562012,11.271516799926758,6.540635108947754,5.2826995849609375,23.419662475585938,12.770076751708984,5.1508073806762695,3.636898994445801,3.862423896789551,4.1107563972473145,4.50241231918335,2.3748273849487305,2.62735915184021,2.5765721797943115,0.2913483679294586,0.3020138442516327,0.391898512840271,0.6385320425033569,0.9477249979972839,0.8343451619148254,0.4566917419433594,0.40508773922920227,0.3712964951992035,0.34654563665390015,0.3109126687049866,0.30023449659347534,0.20162466168403625,0.17940755188465118,0.20086735486984253,0.16004666686058044,0.11090005189180374,0.1542067974805832,0.19062551856040955,0.23557522892951965,0.22338683903217316,0.2332727164030075,0.19971591234207153,0.1995321661233902,597.2110600699353,833.8245790131961,1478.1066736425478,0.013288953741299304,0.0013966558035463095,1060.0,1070.0,1065.0,1070.0,1080.0,1075.0,4,viparita_swasa
P3,-6.815243721008301,-13.674689292907715,-27.258193969726562,-32.17881774902344,-37.198028564453125,-37.2358283996582,-37.88499069213867,-40.28795623779297,-41.07746887207031,-43.20944595336914,-43.195980072021484,-43.67230224609375,-44.59455108642578,-47.062835693359375,-49.596195220947266,-48.842864990234375,-49.55397033691406,-52.56013870239258,-55.904518127441406,-58.708282470703125,-61.5990104675293,-63.53611755371094,-62.15194320678711,-60.397212982177734,-58.36552810668945,-61.56662368774414,-62.82258605957031,-58.52138137817383,-58.34392166137695,-60.83995819091797,-63.20829391479492,-65.18502807617188,2.610832929611206,2.5268588066101074,3.1565170288085938,4.431301116943359,5.261209964752197,3.851086139678955,3.4152917861938477,4.771632194519043,5.351828575134277,4.907631874084473,4.579305648803711,5.599368572235107,5.482036113739014,5.0930657386779785,6.024728775024414,7.024988174438477,7.166790008544922,6.247920036315918,5.221881866455078,4.656282901763916,5.865643501281738,7.427247524261475,9.638651847839355,11.438872337341309,12.44729995727539,10.196213722229004,8.487390518188477,11.723478317260742,11.605264663696289,9.3513765335083,7.790219306945801,7.4903459548950195,-273.48236083984375,71.97480773925781,21.161203384399414,8.88887882232666,15.181005477905273,15.622016906738281,4.0683207511901855,10.576262474060059,6.950234889984131,4.942916393280029,32.575164794921875,17.01968765258789,5.306346416473389,4.10342264175415,5.967897891998291,4.973100662231445,5.437486171722412,2.888643264770508,3.4392926692962646,3.100926637649536,0.3301221430301666,0.33577877283096313,0.436099648475647,0.6124697327613831,0.9243597984313965,0.8676681518554688,0.48782363533973694,0.3959145247936249,0.38394850492477417,0.3954881727695465,0.3659621477127075,0.3521276116371155,0.20501798391342163,0.1793394237756729,0.20152384042739868,0.19132575392723083,0.12400589883327484,0.14922203123569489,0.16223718225955963,0.21592293679714203,0.21384504437446594,0.2425946295261383,0.2190384715795517,0.21493788063526154,801.4006892717726,1421.1414452218678,1638.3372986661577,0.022509652334686776,0.0014674641424790025,1070.0,1080.0,1075.0,1080.0,1090.0,1085.0,0,breath_retention
P3,-6.888312816619873,-13.961504936218262,-28.671192169189453,-34.929962158203125,-40.70638656616211,-39.302852630615234,-40.29767990112305,-43.639827728271484,-44.65334701538086,-46.09873580932617,-44.9216423034668,-47.35504913330078,-49.121036529541016,-49.89194869995117,-53.503807067871094,-54.84950637817383,-55.59351348876953,-56.8350715637207,-58.884525299072266,-61.73982238769531,-65.10842895507812,-67.77639770507812,-69.1601791381836,-69.5164566040039,-69.08206176757812,-69.42739868164062,-68.78097534179688,-67.25125885009766,-66.97352600097656,-67.4976806640625,-68.22642517089844,-69.20695495605469,2.6777684688568115,2.4986114501953125,2.3614392280578613,2.9848086833953857,3.6110260486602783,2.937941074371338,2.595663547515869,3.2211875915527344,3.5352959632873535,3.286004066467285,3.3127410411834717,3.1697537899017334,3.1344473361968994,3.028524160385132,3.5178024768829346,3.3451337814331055,3.023900032043457,2.811025619506836,2.703308582305908,3.0149710178375244,3.1251797676086426,2.916658401489258,3.0149447917938232,3.4502081871032715,3.454404830932617,3.1733548641204834,3.448301076889038,4.444364070892334,4.842507839202881,4.643177509307861,4.256941795349121,3.6176724433898926,-298.7266845703125,83.00502014160156,21.48651695251465,8.961779594421387,19.214313507080078,12.285981178283691,8.619251251220703,11.96402645111084,5.348998546600342,5.494019508361816,13.660935401916504,6.770288467407227,4.044346332550049,3.4829227924346924,2.4917938709259033,2.52126407623291,2.5861897468566895,2.2629027366638184,2.2119245529174805,2.169074296951294,0.31666484475135803,0.34202247858047485,0.4593116044998169,0.6798192858695984,0.9559463262557983,0.8293963074684143,0.4483455419540405,0.3911256790161133,0.36722084879875183,0.35822629928588867,0.3327893018722534,0.32335975766181946,0.198086678981781,0.1845608651638031,0.22238123416900635,0.1749708503484726,0.09423177689313889,0.15106402337551117,0.1680537611246109,0.21115386486053467,0.2094181478023529,0.22807906568050385,0.19811508059501648,0.19459737837314606,408.8738347579888,358.7701430176914,1229.0904565822252,0.009580961789443156,0.0014160288264974952,1080.0,1090.0,1085.0,1090.0,1100.0,1095.0,0,breath_retention
P3,-6.880579948425293,-14.062030792236328,-29.0797119140625,-35.8907585144043,-42.14864730834961,-40.15919494628906,-41.209510803222656,-45.02360153198242,-45.55436706542969,-46.88365936279297,-45.83822250366211,-48.19353485107422,-49.85609436035156,-50.55406188964844,-55.00040054321289,-56.17722702026367,-56.60164260864258,-57.78226089477539,-59.669227600097656,-62.4123420715332,-65.45520782470703,-67.47794342041016,-67.96624755859375,-68.027099609375,-67.64362335205078,-67.8222885131836,-67.15018463134766,-66.03166198730469,-65.67153930664062,-66.28141021728516,-66.72999572753906,-67.47602081298828,2.7005128860473633,2.739722728729248,2.286952495574951,2.7933847904205322,2.1540985107421875,2.2420730590820312,2.14084529876709,2.2395153045654297,2.2770795822143555,2.2388694286346436,2.240222215652466,1.9667285680770874,2.0444111824035645,2.0253233909606934,1.9498432874679565,1.9140868186950684,1.7517751455307007,1.6915879249572754,1.7927465438842773,1.906459093093872,2.2429280281066895,2.673102855682373,3.317495822906494,3.4320454597473145,3.558897018432617,3.5360870361328125,3.4206957817077637,4.046660900115967,4.415328502655029,4.271881580352783,4.215261936187744,4.055351734161377,-299.2317199707031,78.1634521484375,24.57820701599121,9.515726089477539,18.369461059570312,13.71521282196045,9.477238655090332,11.77711009979248,5.982456207275391,5.267223358154297,8.548955917358398,8.35828685760498,4.368874549865723,2.3417038917541504,2.354907989501953,2.3943052291870117,2.1914756298065186,2.131143093109131,2.263612985610962,2.148862361907959,0.30480536818504333,0.3273578882217407,0.43147748708724976,0.6280121207237244,0.9399049878120422,0.8621472120285034,0.47404685616493225,0.39751186966896057,0.35904422402381897,0.3397041857242584,0.31134411692619324,0.30647987127304077,0.19663214683532715,0.18317730724811554,0.21662835776805878,0.1870567798614502,0.10467842221260071,0.14009642601013184,0.17388159036636353,0.22863522171974182,0.21145111322402954,0.2167150229215622,0.1803274005651474,0.1847791075706482,426.45026387987997,294.9948906068735,1321.7536431852568,0.009426886963457077,0.0014736191369593143,1090.0,1100.0,1095.0,1100.0,1110.0,1105.0,0,breath_retention
P3,-6.126102447509766,-13.313633918762207,-27.928964614868164,-34.057071685791016,-40.13465118408203,-38.57927322387695,-39.1325798034668,-42.20161437988281,-43.49678421020508,-44.83037185668945,-44.32877731323242,-45.94113540649414,-47.745079040527344,-48.26498031616211,-51.952552795410156,-52.673614501953125,-53.459136962890625,-55.03507614135742,-57.92239761352539,-60.81064987182617,-64.36048889160156,-66.7957534790039,-67.24608612060547,-67.30812072753906,-66.46147918701172,-67.24079895019531,-66.63919067382812,-65.11200714111328,-65.26667022705078,-66.1362075805664,-67.12539672851562,-68.41544342041016,2.6027414798736572,2.6196768283843994,2.573042154312134,3.699845314025879,4.434018611907959,4.091770172119141,5.095036506652832,6.058095455169678,5.73433256149292,5.092442035675049,4.065997123718262,5.425254821777344,5.708528518676758,5.948366641998291,7.391850471496582,8.489466667175293,7.7123260498046875,6.262943267822266,4.474002361297607,4.450166702270508,4.52318000793457,5.20554256439209,7.233675956726074,8.179656982421875,9.211199760437012,7.728885650634766,7.4034318923950195,9.530791282653809,9.4887113571167,8.402446746826172,6.961610794067383,5.308355331420898,-290.98187255859375,81.274658203125,20.632038116455078,8.930678367614746,18.569650650024414,13.699048042297363,7.135855674743652,12.038147926330566,6.403735160827637,5.524169445037842,30.46625518798828,11.546411514282227,4.993109703063965,4.55899715423584,3.5589044094085693,2.9230782985687256,6.214583873748779,2.4555540084838867,3.0619335174560547,2.8896143436431885,0.3332637846469879,0.33877864480018616,0.42273321747779846,0.600353479385376,0.9328044056892395,0.8587398529052734,0.4944455027580261,0.42379194498062134,0.39141011238098145,0.37446129322052,0.33436119556427,0.33000069856643677,0.21325446665287018,0.1910528838634491,0.20709319412708282,0.18994781374931335,0.12348585575819016,0.14506547152996063,0.17235307395458221,0.24081991612911224,0.22111672163009644,0.22237226366996765,0.18773427605628967,0.19848573207855225,503.0849444178883,755.0110571345708,1281.0203731982292,0.01277234991299304,0.0014668852090835571,1100.0,1110.0,1105.0,1110.0,1120.0,1115.0,0,breath_retention
P3,-6.931844711303711,-14.303386688232422,-28.810623168945312,-34.74052047729492,-40.78978729248047,-39.36677169799805,-40.405921936035156,-43.805747985839844,-45.01179122924805,-46.67085266113281,-45.93281936645508,-47.327903747558594,-48.703670501708984,-48.98670959472656,-51.93220520019531,-53.43845748901367,-54.67668914794922,-56.32732391357422,-58.0223503112793,-60.703975677490234,-64.34680938720703,-66.92259979248047,-68.28179931640625,-68.49053955078125,-67.73868560791016,-68.57119750976562,-68.5414810180664,-67.32806396484375,-67.3369369506836,-67.98108673095703,-69.11250305175781,-70.35567474365234,2.6803178787231445,2.637150764465332,2.4333443641662598,3.0876216888427734,3.597785711288452,3.100097417831421,2.8006410598754883,3.826399803161621,3.6840949058532715,3.37750244140625,2.9675750732421875,3.6690967082977295,4.628304481506348,4.948084354400635,5.5941667556762695,6.434156894683838,5.535477161407471,4.546329975128174,4.36104679107666,4.394302845001221,4.893490791320801,4.976292610168457,5.46849250793457,6.385607719421387,6.831701755523682,5.8532304763793945,5.355745792388916,6.623048782348633,6.475897312164307,5.831169605255127,4.815659999847412,3.512443780899048,-297.32012939453125,82.31829833984375,18.911327362060547,11.058913230895996,19.18641471862793,13.212217330932617,7.38979434967041,11.02900505065918,5.667836666107178,5.994445323944092,20.53165626525879,9.101272583007812,7.260088920593262,4.144537448883057,3.4014744758605957,3.4004428386688232,4.620377063751221,3.032579183578491,2.556495189666748,2.463010549545288,0.34383681416511536,0.3647238314151764,0.47079432010650635,0.7159333825111389,0.9632331728935242,0.8080719113349915,0.4516932964324951,0.410477876663208,0.38000959157943726,0.35734087228775024,0.336222767829895,0.33951687812805176,0.22532568871974945,0.19354745745658875,0.21764102578163147,0.16004034876823425,0.08125822246074677,0.14825311303138733,0.1829417496919632,0.23581622540950775,0.23414111137390137,0.2339290976524353,0.2131083905696869,0.22087760269641876,426.72292866203276,482.7234538138051,1208.1601205724203,0.009693119199535962,0.0014954968355596066,1110.0,1120.0,1115.0,1120.0,1130.0,1125.0,0,breath_retention
P3,-6.933679103851318,-14.308575630187988,-29.31195640563965,-35.82016372680664,-42.04292678833008,-40.44816589355469,-41.389163970947266,-45.44444274902344,-46.30809020996094,-47.59955978393555,-46.295352935791016,-48.643760681152344,-50.675846099853516,-50.542022705078125,-54.201744079589844,-56.225650787353516,-57.24726104736328,-58.33776092529297,-59.69513702392578,-62.61612319946289,-66.6397933959961,-69.13554382324219,-70.10755920410156,-70.66866302490234,-70.1925277709961,-70.4112548828125,-69.82501220703125,-69.4110107421875,-69.51822662353516,-69.98297119140625,-70.43893432617188,-70.89901733398438,2.50881028175354,2.5852315425872803,2.3619730472564697,2.8432092666625977,2.1877033710479736,2.319012403488159,2.3111324310302734,2.3246922492980957,2.2317862510681152,2.232166290283203,2.2623374462127686,2.0991618633270264,2.028735399246216,2.0983574390411377,2.122197151184082,2.241180896759033,1.8728224039077759,1.7364155054092407,1.5992398262023926,1.7175393104553223,2.0460383892059326,2.0910351276397705,2.365142822265625,2.5313026905059814,2.6694953441619873,2.515695333480835,2.596740484237671,3.0373566150665283,3.421745777130127,3.0897490978240967,2.9891765117645264,2.976191997528076,-306.0566711425781,84.57119750976562,21.142253875732422,10.7069091796875,19.46776580810547,13.342055320739746,8.898672103881836,11.58971118927002,5.761575222015381,5.199481010437012,6.305960655212402,6.150371551513672,3.847882032394409,2.4512383937835693,2.2123894691467285,2.257439613342285,2.1827633380889893,2.3609931468963623,2.0802156925201416,2.1571362018585205,0.3128092586994171,0.3378698527812958,0.4545675814151764,0.6480574607849121,0.9407390356063843,0.8465536236763,0.46818575263023376,0.3871125876903534,0.3600308299064636,0.3524412512779236,0.3242664039134979,0.318486750125885,0.19675539433956146,0.1802821010351181,0.21683771908283234,0.19183020293712616,0.10645853728055954,0.15823648869991302,0.17779013514518738,0.22281989455223083,0.20158442854881287,0.21543675661087036,0.18555548787117004,0.19092857837677002,350.4043824473556,259.6724437173724,1115.3199115651923,0.008974858613689095,0.001439207117073238,1120.0,1130.0,1125.0,1130.0,1140.0,1135.0,0,breath_retention
P3,-7.459464073181152,-14.988927841186523,-29.192934036254883,-35.3754768371582,-41.1401252746582,-40.08572769165039,-41.09832763671875,-44.170501708984375,-44.753536224365234,-46.709632873535156,-46.01896667480469,-47.1156120300293,-48.740692138671875,-49.67426681518555,-52.68883514404297,-53.74760437011719,-54.53125,-55.9058837890625,-57.75153350830078,-60.59572219848633,-63.65028762817383,-65.5219955444336,-65.06443786621094,-64.11532592773438,-63.48987579345703,-65.1812973022461,-65.27330780029297,-62.47610855102539,-62.117347717285156,-63.801109313964844,-65.16627502441406,-66.83272552490234,2.7922608852386475,2.7060065269470215,2.729452610015869,4.0061445236206055,4.336096286773682,3.079116106033325,3.1148321628570557,4.106115341186523,4.527438640594482,4.317636489868164,3.604132890701294,5.168015956878662,4.9516215324401855,3.986431837081909,4.6612868309021,6.077555179595947,6.687288761138916,5.625753879547119,4.662219047546387,3.8784618377685547,4.205008506774902,5.575261116027832,8.031586647033691,10.15633773803711,11.357990264892578,9.159346580505371,7.990464210510254,11.273833274841309,10.952569007873535,8.962459564208984,7.155269622802734,5.747402667999268,-290.69781494140625,72.43377685546875,23.021015167236328,10.59316349029541,17.07506561279297,14.712940216064453,7.335229396820068,11.203324317932129,6.113093376159668,5.705399990081787,28.448226928710938,15.63166618347168,4.655237674713135,3.0840163230895996,4.684540748596191,4.983036994934082,5.205578804016113,2.9557878971099854,2.6989035606384277,2.559504508972168,0.3650304079055786,0.3847237825393677,0.4952312111854553,0.7019941210746765,0.9522005319595337,0.8183144330978394,0.43580329418182373,0.3765171468257904,0.37945666909217834,0.38323014974594116,0.3644389808177948,0.3653542995452881,0.22960537672042847,0.20168696343898773,0.2295546978712082,0.1752326339483261,0.09761999547481537,0.15492965281009674,0.15619675815105438,0.20122800767421722,0.21375681459903717,0.2285747081041336,0.20612414181232452,0.21943001449108124,671.7171196255754,1097.593827037413,1529.498211849135,0.01687232634860789,0.0014856172492727637,1130.0,1140.0,1135.0,1140.0,1150.0,1145.0,2,meditation
P3,-6.694018363952637,-13.667549133300781,-28.491249084472656,-34.497825622558594,-39.819435119628906,-38.91242218017578,-39.884552001953125,-42.960330963134766,-44.72405242919922,-47.07912826538086,-45.98347854614258,-47.11996078491211,-48.32655715942383,-49.97590255737305,-53.36063003540039,-54.18935012817383,-54.91110610961914,-56.70072937011719,-59.0181999206543,-61.931480407714844,-65.54650115966797,-67.89362335205078,-68.17062377929688,-67.61770629882812,-66.0220718383789,-67.399658203125,-67.70020294189453,-64.80315399169922,-64.5484848022461,-66.4675521850586,-67.94833374023438,-69.4985122680664,2.736389398574829,2.662992477416992,2.4430274963378906,2.956031084060669,3.1371443271636963,2.4437291622161865,2.3469700813293457,2.7758138179779053,3.055192470550537,2.766679286956787,2.5616564750671387,2.923583745956421,3.602705240249634,2.854989528656006,2.7740063667297363,3.3924560546875,3.7448363304138184,2.698260545730591,2.357928514480591,2.196779489517212,2.3820550441741943,2.6641218662261963,3.986449718475342,5.606591701507568,7.420222282409668,5.303271293640137,4.1503825187683105,7.011124610900879,7.068502426147461,4.8328022956848145,3.7970776557922363,2.9989378452301025,-295.5466613769531,80.60161590576172,23.045969009399414,9.787881851196289,17.935091018676758,14.277565956115723,6.042719841003418,11.603209495544434,5.592761993408203,5.777309417724609,14.686844825744629,9.044672012329102,3.5291361808776855,3.2255802154541016,4.162089824676514,4.419037342071533,4.031618595123291,2.3787856101989746,2.3322222232818604,2.382667064666748,0.320063054561615,0.3367167115211487,0.4392928183078766,0.6315386891365051,0.9396584630012512,0.8470062017440796,0.437669962644577,0.3553043305873871,0.3423295021057129,0.3461143374443054,0.3239525258541107,0.3230837881565094,0.19826540350914001,0.18105649948120117,0.21743430197238922,0.18798144161701202,0.10975299030542374,0.1489420235157013,0.15921974182128906,0.2061607539653778,0.20679886639118195,0.22413471341133118,0.195207878947258,0.19625355303287506,441.54960489910775,404.1097760477088,1283.7321049164946,0.0099582185324826,0.0014263326302170753,1140.0,1150.0,1145.0,1150.0,1160.0,1155.0,2,meditation
P3,-6.7986345291137695,-14.426575660705566,-29.55809783935547,-35.68234634399414,-41.420188903808594,-40.19914245605469,-41.06855392456055,-44.09291458129883,-45.71867752075195,-47.89080810546875,-46.98472213745117,-48.59633255004883,-50.12428665161133,-50.841575622558594,-54.23200607299805,-55.80607604980469,-56.72914123535156,-57.63886642456055,-59.46174240112305,-61.663570404052734,-64.91493225097656,-67.58121490478516,-68.37580108642578,-67.9557113647461,-66.97216033935547,-67.91629791259766,-67.93885040283203,-66.28683471679688,-66.21004486083984,-67.32652282714844,-68.18382263183594,-69.17483520507812,2.6330347061157227,2.5310206413269043,2.2534334659576416,2.8056552410125732,3.1537740230560303,2.6098339557647705,2.2811264991760254,2.3964531421661377,2.6274352073669434,2.529313564300537,2.653891086578369,2.4143049716949463,2.6003007888793945,2.0712504386901855,2.4607954025268555,2.3779423236846924,2.669572114944458,2.459937572479248,2.420008659362793,2.796025514602661,3.158825635910034,3.352011203765869,3.8855714797973633,4.628560543060303,5.5135602951049805,4.383080005645752,3.94934344291687,5.08731746673584,5.320449352264404,4.4351067543029785,4.145261764526367,4.002603054046631,-300.12640380859375,79.21864318847656,23.23789405822754,11.288695335388184,17.802478790283203,13.44317626953125,8.074612617492676,11.569758415222168,5.97252082824707,6.02128791809082,12.44783878326416,9.017216682434082,3.1683478355407715,2.7335283756256104,2.869002103805542,2.674421548843384,2.8095014095306396,2.4012503623962402,2.1230409145355225,2.268209934234619,0.3361801207065582,0.368518590927124,0.49184560775756836,0.7165133953094482,0.9519170522689819,0.812383234500885,0.44957366585731506,0.4007672369480133,0.37937548756599426,0.3635862469673157,0.33566752076148987,0.33495014905929565,0.2196483314037323,0.19323860108852386,0.22673340141773224,0.17558445036411285,0.1079840213060379,0.14791908860206604,0.18003426492214203,0.24551603198051453,0.24198514223098755,0.24078825116157532,0.20553578436374664,0.2149564027786255,422.7493307702386,336.71234909730276,1274.0324320810973,0.009251286977958236,0.0014906973810866475,1150.0,1160.0,1155.0,1160.0,1170.0,1165.0,2,meditation
P3,-6.890005111694336,-14.556483268737793,-29.431560516357422,-35.53834533691406,-41.83958053588867,-40.195091247558594,-41.01625442504883,-44.24043655395508,-46.01753234863281,-47.94789123535156,-46.89949035644531,-48.56568145751953,-50.191524505615234,-51.24306106567383,-54.51448440551758,-56.26626968383789,-57.03318786621094,-58.20927047729492,-60.08651351928711,-62.527069091796875,-65.7047348022461,-67.81028747558594,-68.18269348144531,-67.95832061767578,-67.42601013183594,-68.27210235595703,-68.0219497680664,-66.11463928222656,-65.68815612792969,-66.45832824707031,-67.41851043701172,-68.6620864868164,2.7559974193573,2.7524476051330566,2.4738080501556396,2.785795211791992,3.0766899585723877,2.5878310203552246,2.4274661540985107,2.518371820449829,2.7877933979034424,2.7409286499023438,2.6652674674987793,2.5063226222991943,2.461902141571045,2.265916109085083,2.4627490043640137,2.2781310081481934,2.296011447906494,2.10286545753479,2.1825385093688965,2.522145986557007,3.0444176197052,3.636493682861328,4.44957971572876,4.620038986206055,4.997082710266113,4.375009536743164,4.2484002113342285,5.1454572677612305,5.450284004211426,5.005688190460205,5.049885272979736,4.913977146148682,-300.6843566894531,78.73165893554688,24.692644119262695,10.24168586730957,17.99213218688965,13.510870933532715,8.433363914489746,11.219499588012695,5.965922832489014,6.182558059692383,12.049009323120117,10.2265625,4.290818691253662,2.8608736991882324,3.043212652206421,3.014516830444336,2.9415345191955566,2.3838253021240234,2.239020586013794,2.216398239135742,0.3513972759246826,0.3882465362548828,0.5208883881568909,0.7486839294433594,0.9537228941917419,0.7867680788040161,0.421916663646698,0.3725053071975708,0.3622696101665497,0.3563341200351715,0.3443293869495392,0.34829244017601013,0.2182220071554184,0.18764102458953857,0.2269437611103058,0.1683453917503357,0.10748711228370667,0.15539589524269104,0.17266704142093658,0.22047586739063263,0.22914934158325195,0.23942282795906067,0.21378734707832336,0.2176041603088379,439.6291261527775,351.7256380510441,1316.0937998725644,0.009462006960556844,0.0014948394382372499,1160.0,1170.0,1165.0,1170.0,1180.0,1175.0,2,meditation
P3,-8.16866683959961,-15.99626350402832,-30.6910400390625,-37.3607292175293,-43.88747024536133,-41.902462005615234,-42.561702728271484,-46.09690856933594,-47.61288070678711,-50.132225036621094,-48.7353630065918,-50.5145149230957,-52.363380432128906,-52.8763427734375,-56.27995300292969,-58.17921447753906,-59.41112518310547,-60.17384338378906,-62.15086364746094,-64.63008117675781,-68.6376953125,-71.58222198486328,-72.91754150390625,-73.16825103759766,-72.5159683227539,-72.98178100585938,-72.64751434326172,-71.94853973388672,-71.97444915771484,-72.5245361328125,-73.09465026855469,-73.74063110351562,2.6457111835479736,2.6364660263061523,2.37624192237854,2.741178035736084,2.277496814727783,2.344057559967041,2.280379056930542,2.282622814178467,2.4788625240325928,2.410109043121338,2.504350423812866,2.0801641941070557,2.072007417678833,2.0201303958892822,1.9404900074005127,2.0507583618164062,1.8176379203796387,1.779853105545044,1.788652777671814,1.8281718492507935,1.8683534860610962,1.942444086074829,2.1504437923431396,2.414640426635742,2.9885876178741455,2.1357080936431885,1.848021149635315,2.832826614379883,3.1298928260803223,2.2473959922790527,2.01008939743042,1.7397855520248413,-317.74884033203125,87.03437042236328,21.311208724975586,10.904826164245605,19.38306999206543,12.806207656860352,8.488703727722168,11.812042236328125,6.037484169006348,5.878481388092041,6.403668403625488,4.206653118133545,2.5070252418518066,2.246781349182129,2.5196409225463867,2.4527225494384766,2.265977144241333,2.111210584640503,2.10475492477417,2.266930103302002,0.3854255974292755,0.40331393480300903,0.5150015354156494,0.6964626908302307,0.9366165399551392,0.8089481592178345,0.4528783857822418,0.4024192690849304,0.39028510451316833,0.3876996636390686,0.36967840790748596,0.378682941198349,0.24374131858348846,0.2176651507616043,0.24304990470409393,0.19678805768489838,0.10983985662460327,0.16258013248443604,0.17267830669879913,0.2248644381761551,0.22238270938396454,0.24445365369319916,0.2246541827917099,0.2340909093618393,325.23388374178813,256.89960665603246,1044.7519942772683,0.008895555394431555,0.0015026009641587734,1170.0,1180.0,1175.0,1180.0,1190.0,1185.0,2,meditation
P3,-7.062036991119385,-14.235603332519531,-29.063941955566406,-35.246665954589844,-41.46939468383789,-39.58451843261719,-40.457828521728516,-43.61676025390625,-44.94591522216797,-47.210548400878906,-46.51418685913086,-48.55788803100586,-50.08552932739258,-50.93442153930664,-53.38990020751953,-54.53472900390625,-56.65155792236328,-57.97556686401367,-59.42481231689453,-61.394287109375,-64.48629760742188,-66.85508728027344,-67.28423309326172,-66.88355255126953,-65.88408660888672,-67.24966430664062,-67.1626968383789,-64.68939971923828,-64.30277252197266,-65.78573608398438,-66.80179595947266,-67.76119232177734,2.782925844192505,2.8320164680480957,2.823988676071167,3.5630602836608887,4.714599609375,4.307885646820068,4.060613632202148,4.27699089050293,4.248438358306885,4.318531036376953,4.3057098388671875,4.198633670806885,4.070404529571533,4.1054887771606445,4.386410713195801,4.531680583953857,4.48942232131958,4.4115471839904785,4.425881862640381,4.6943888664245605,4.689507961273193,4.7290215492248535,4.946335792541504,5.25159215927124,5.745918273925781,4.678420066833496,4.954617500305176,6.005011558532715,6.381076812744141,5.623984336853027,5.15944766998291,4.831467151641846,-296.5433654785156,77.21830749511719,24.449697494506836,10.436386108398438,17.32406234741211,13.329314231872559,7.83707857131958,11.231293678283691,6.313069820404053,6.7554707527160645,20.21946144104004,9.442418098449707,6.069647789001465,3.424112558364868,3.531709671020508,3.8461995124816895,3.082934617996216,2.411309003829956,2.827716588973999,2.2933900356292725,0.3482605218887329,0.37214428186416626,0.48093342781066895,0.6705464124679565,0.9412013292312622,0.812407374382019,0.4384114146232605,0.3865050673484802,0.38545382022857666,0.3924340009689331,0.362292617559433,0.35652217268943787,0.22242890298366547,0.2014339417219162,0.2240065187215805,0.18856409192085266,0.10975975543260574,0.16223002970218658,0.1545754373073578,0.2072795182466507,0.22613148391246796,0.25399520993232727,0.2167622148990631,0.21777983009815216,480.2061952860602,428.9154265153712,1371.4092096034865,0.010419310107308585,0.001453282660804689,1180.0,1190.0,1185.0,1190.0,1200.0,1195.0,2,meditation
P3,-7.200562477111816,-14.615765571594238,-29.7598934173584,-36.31489944458008,-43.003440856933594,-40.79863357543945,-41.9234619140625,-44.91804122924805,-46.373313903808594,-48.5520133972168,-47.63898468017578,-50.012977600097656,-52.43606948852539,-53.3137321472168,-55.80990219116211,-56.719058990478516,-58.877010345458984,-60.46788024902344,-62.04669189453125,-63.983306884765625,-67.1627426147461,-69.84748077392578,-70.86766052246094,-71.16680908203125,-70.91639709472656,-71.04485321044922,-70.52275848388672,-69.71121978759766,-69.76351165771484,-70.15158081054688,-70.59095001220703,-71.33938598632812,2.7130370140075684,2.6420767307281494,2.4450364112854004,2.7436587810516357,2.2883646488189697,2.2982590198516846,2.3212876319885254,2.5293383598327637,2.465242624282837,2.4724926948547363,2.3475146293640137,2.2079861164093018,2.2412009239196777,2.1673929691314697,2.1100387573242188,2.131350040435791,2.008681297302246,1.980698823928833,1.9638574123382568,1.9826359748840332,2.3842811584472656,2.7458133697509766,3.211374282836914,3.350977897644043,3.0694751739501953,2.8572511672973633,2.845136880874634,3.5096628665924072,3.884722948074341,3.5764386653900146,3.4670870304107666,3.1451685428619385,-310.7471008300781,84.47333526611328,24.001361846923828,10.77065372467041,18.28557586669922,12.737792015075684,9.064886093139648,11.819565773010254,6.72251033782959,6.305346488952637,8.685927391052246,6.940845012664795,3.7836036682128906,2.32942271232605,2.450510025024414,2.2051947116851807,2.189661979675293,2.1659562587738037,2.0412747859954834,2.2627034187316895,0.32280439138412476,0.3559056520462036,0.4773466885089874,0.6806079745292664,0.9546751379966736,0.8231924772262573,0.45061632990837097,0.3812517821788788,0.3535274863243103,0.3412458300590515,0.3131280243396759,0.3157341778278351,0.21022646129131317,0.19669602811336517,0.23730149865150452,0.1952960193157196,0.0938955545425415,0.15499204397201538,0.17152412235736847,0.21359777450561523,0.20708014070987701,0.21487602591514587,0.18449293076992035,0.19718241691589355,348.9362121545838,262.22045615211715,1120.7121118264008,0.008726752827726218,0.0015026027103886008,1190.0,1200.0,1195.0,1200.0,1210.0,1205.0,2,meditation
P3,-7.281735420227051,-14.57776927947998,-29.5987548828125,-36.048095703125,-42.82782745361328,-40.824256896972656,-41.52946090698242,-44.69953918457031,-45.60115432739258,-48.29417037963867,-47.642704010009766,-49.987152099609375,-51.97957229614258,-53.07280349731445,-55.3687629699707,-56.448238372802734,-58.64464569091797,-60.08251190185547,-61.725067138671875,-63.626522064208984,-66.91959381103516,-69.76838684082031,-70.86067962646484,-71.32777404785156,-71.06402587890625,-71.14578247070312,-70.60515594482422,-69.98937225341797,-69.78890228271484,-70.11747741699219,-70.6167221069336,-71.35171508789062,2.7972683906555176,2.6962904930114746,2.3310999870300293,2.6952178478240967,2.252779960632324,2.3869965076446533,2.3214616775512695,2.1217212677001953,2.418375015258789,2.2392804622650146,2.2914183139801025,2.1043362617492676,1.9568123817443848,2.0470237731933594,1.7998725175857544,1.9080300331115723,1.8526289463043213,1.8638941049575806,1.826593041419983,1.9332185983657837,2.252699375152588,2.6490557193756104,3.1993119716644287,3.3474059104919434,3.0578432083129883,2.9005494117736816,2.8856112957000732,3.5862293243408203,4.0038228034973145,3.8121819496154785,3.6169958114624023,3.507159471511841,-309.9631652832031,85.01958465576172,23.374879837036133,10.571539878845215,18.43027114868164,12.292255401611328,9.012677192687988,11.88720703125,6.7568678855896,6.429723262786865,8.166677474975586,7.6279988288879395,3.4446959495544434,2.4789373874664307,2.3616721630096436,2.10791277885437,2.1086974143981934,2.082554340362549,2.085733652114868,2.1063499450683594,0.3210277259349823,0.34749945998191833,0.46522724628448486,0.6597778797149658,0.9442467093467712,0.824961245059967,0.46118485927581787,0.3899129331111908,0.36038053035736084,0.3492785692214966,0.32545045018196106,0.3238496482372284,0.2025696039199829,0.18651771545410156,0.216016486287117,0.1848137080669403,0.1059245690703392,0.16061586141586304,0.17432430386543274,0.22248318791389465,0.2183941751718521,0.23353451490402222,0.20241990685462952,0.19644266366958618,353.84066220037795,276.50931019794086,1121.3475320779517,0.009144794083526682,0.0014691278338432312,1200.0,1210.0,1205.0,1210.0,1220.0,1215.0,2,meditation
P3,-6.205317497253418,-13.340800285339355,-28.489303588867188,-34.987022399902344,-41.65843963623047,-39.97031021118164,-40.549922943115234,-43.740814208984375,-45.090415954589844,-47.1928825378418,-46.39481735229492,-48.85288619995117,-50.70528030395508,-51.81386947631836,-54.43844985961914,-55.453887939453125,-57.63650894165039,-59.17643356323242,-60.681148529052734,-62.95827102661133,-66.50935363769531,-69.35897064208984,-70.82405853271484,-71.13890075683594,-70.28286743164062,-70.72999572753906,-70.31653594970703,-69.62480926513672,-69.86197662353516,-70.58773803710938,-70.96900177001953,-71.58792877197266,2.663167715072632,2.671348810195923,2.396953821182251,2.630406618118286,2.2865846157073975,2.3597679138183594,2.3361856937408447,2.424527645111084,2.5115232467651367,2.2584383487701416,2.4731853008270264,2.0104756355285645,1.9640014171600342,1.9912158250808716,2.068418264389038,2.080951452255249,2.015970468521118,1.8165748119354248,1.8397191762924194,1.9414613246917725,2.066986322402954,2.2964138984680176,2.6859328746795654,2.877211093902588,3.269084930419922,2.4796814918518066,2.210742712020874,2.833024740219116,2.9684908390045166,2.347851514816284,2.1363959312438965,1.7591230869293213,-306.0232849121094,87.30219268798828,22.288591384887695,10.79340934753418,18.58071517944336,12.954235076904297,8.660560607910156,12.090620040893555,6.542346954345703,5.956582546234131,6.012479305267334,5.434019565582275,2.675591468811035,2.477320671081543,2.7513444423675537,2.7918152809143066,2.4921517372131348,2.3223214149475098,2.1632843017578125,2.2448737621307373,0.31639695167541504,0.34634077548980713,0.468108206987381,0.6701030135154724,0.9477666616439819,0.8292719721794128,0.4408409297466278,0.36634236574172974,0.33470582962036133,0.32096317410469055,0.30177587270736694,0.30936089158058167,0.2007635235786438,0.18145878612995148,0.21565674245357513,0.18304996192455292,0.10376747697591782,0.15399695932865143,0.17226389050483704,0.2171209305524826,0.20020416378974915,0.20099849998950958,0.174240380525589,0.18699590861797333,333.05497983748955,264.2438777914733,1057.1430581905595,0.009058693445475639,0.0014305796939879656,1210.0,1220.0,1215.0,1220.0,1230.0,1225.0,2,meditation
P3,-6.762575149536133,-13.852311134338379,-28.6310977935791,-35.1903190612793,-42.16205596923828,-40.37795639038086,-41.06679153442383,-43.97057342529297,-45.361793518066406,-47.77070999145508,-46.97916793823242,-49.431087493896484,-51.25870132446289,-52.3821907043457,-54.981056213378906,-55.852500915527344,-58.06723403930664,-59.51536560058594,-61.10977554321289,-63.382476806640625,-66.9677963256836,-69.99949645996094,-71.1978759765625,-71.46318817138672,-70.01483917236328,-70.80384826660156,-71.2406005859375,-69.97007751464844,-69.9533462524414,-71.28466033935547,-71.80011749267578,-72.3847427368164,2.644620418548584,2.5130369663238525,2.2411842346191406,2.6168885231018066,2.156282424926758,2.2754123210906982,2.360053777694702,2.39182710647583,2.378005027770996,2.0985360145568848,2.401313543319702,2.1374735832214355,2.0045664310455322,1.8891812562942505,1.7752448320388794,1.8889573812484741,1.6531035900115967,1.6102147102355957,1.5153117179870605,1.5213367938995361,1.5174635648727417,1.4878517389297485,1.807041883468628,2.6815905570983887,4.52611780166626,2.856389284133911,1.460402011871338,3.7410964965820312,4.072656631469727,1.973886489868164,1.4910484552383423,1.173226237297058,-308.5082702636719,87.38957214355469,22.27351951599121,11.23298168182373,18.170333862304688,13.127211570739746,8.254714965820312,12.167527198791504,6.6985321044921875,5.7721405029296875,5.24767541885376,5.232025623321533,2.6793224811553955,2.367307186126709,2.7230687141418457,3.3534326553344727,2.7410635948181152,2.1032025814056396,2.0685548782348633,2.2215216159820557,0.3639066219329834,0.373439222574234,0.46726173162460327,0.6658420562744141,0.9506511092185974,0.8286680579185486,0.44195371866226196,0.38917750120162964,0.38145461678504944,0.38019099831581116,0.35991400480270386,0.3641382157802582,0.23330216109752655,0.19752337038516998,0.2118041068315506,0.17620182037353516,0.10725131630897522,0.15132498741149902,0.1681329905986786,0.22706691920757294,0.23025581240653992,0.23959828913211823,0.21280725300312042,0.22180230915546417,321.9543734367614,249.9050627175174,1037.2061610319029,0.008758474115429234,0.0014467090368270874,1220.0,1230.0,1225.0,1230.0,1240.0,1235.0,2,meditation
P3,-7.137478351593018,-14.475459098815918,-29.372512817382812,-35.91551208496094,-42.56095886230469,-40.826011657714844,-41.39280319213867,-44.7520751953125,-45.79100036621094,-47.92848587036133,-47.290985107421875,-49.64553451538086,-51.78831100463867,-52.87262725830078,-55.346717834472656,-56.130897521972656,-58.588829040527344,-60.050437927246094,-61.49211120605469,-63.82732009887695,-67.26567840576172,-69.74989318847656,-70.64205169677734,-70.31666564941406,-69.27989196777344,-70.74130249023438,-70.95934295654297,-69.30693817138672,-69.25718688964844,-70.45124053955078,-71.27295684814453,-71.9762191772461,2.6497602462768555,2.696331024169922,2.3177692890167236,2.6888771057128906,2.2452774047851562,2.235220432281494,2.258359909057617,2.2532060146331787,2.48158597946167,2.2455759048461914,2.2774832248687744,2.0920209884643555,1.978692889213562,2.08099365234375,1.8793920278549194,2.156026840209961,1.6859817504882812,1.6850364208221436,1.6325234174728394,1.7535535097122192,1.8351837396621704,2.156627655029297,2.6339094638824463,3.6177127361297607,5.011293411254883,3.0498921871185303,2.1163887977600098,4.317462921142578,4.620316982269287,2.834961175918579,2.387111186981201,2.176021099090576,-309.07733154296875,84.99911499023438,23.112966537475586,11.121504783630371,17.46932029724121,13.55366325378418,8.53208065032959,11.79983901977539,6.979648113250732,5.952654838562012,7.0853190422058105,6.3551025390625,3.2142040729522705,2.5880560874938965,3.140944242477417,3.3243799209594727,3.012136697769165,2.055062770843506,2.1093404293060303,2.211643934249878,0.3289874494075775,0.35642459988594055,0.480488657951355,0.6890578269958496,0.9518169164657593,0.8144668340682983,0.441100150346756,0.37987881898880005,0.37067973613739014,0.3729826807975769,0.34820297360420227,0.33865246176719666,0.21226781606674194,0.19195124506950378,0.22081346809864044,0.17826604843139648,0.10445526987314224,0.15658338367938995,0.1632799506187439,0.21299591660499573,0.21889568865299225,0.244065061211586,0.21826040744781494,0.2145383208990097,349.8821164164833,266.0174942901682,1107.9377865074082,0.008989586354408352,0.0014447064604610205,1230.0,1240.0,1235.0,1240.0,1250.0,1245.0,2,meditation
P3,-7.428119659423828,-15.097326278686523,-29.821455001831055,-36.454833984375,-42.968502044677734,-41.20412063598633,-41.76518249511719,-45.236793518066406,-46.150630950927734,-48.40682601928711,-47.49884796142578,-50.02302932739258,-52.15964126586914,-53.08664321899414,-55.95082473754883,-56.81456756591797,-59.044864654541016,-60.52042770385742,-61.8773193359375,-64.2196273803711,-67.63502502441406,-70.28530883789062,-71.5710220336914,-71.75385284423828,-70.95856475830078,-71.56851196289062,-71.30082702636719,-70.24241638183594,-70.27210235595703,-70.81562042236328,-71.2599868774414,-72.11027526855469,2.81459641456604,2.683234453201294,2.2460825443267822,2.666175365447998,2.234010696411133,2.2102973461151123,2.1868090629577637,2.1700210571289062,2.366665840148926,2.215503692626953,2.1784868240356445,2.266984224319458,2.1689391136169434,1.9162578582763672,1.8252792358398438,1.9207372665405273,1.6517035961151123,1.6377813816070557,1.6195194721221924,1.669724702835083,1.881564974784851,2.2159507274627686,2.6366002559661865,2.9859836101531982,3.0708775520324707,2.458303451538086,2.4641001224517822,3.4517712593078613,3.762547492980957,3.1751930713653564,2.8759427070617676,2.5924887657165527,-312.09979248046875,85.61211395263672,23.116493225097656,10.388354301452637,18.24468421936035,12.83207893371582,8.976850509643555,11.975675582885742,6.586362838745117,5.992254257202148,6.5675859451293945,6.47850227355957,3.070842742919922,2.2199745178222656,2.4968478679656982,2.4623680114746094,2.2844035625457764,2.249241590499878,2.1063947677612305,2.060727119445801,0.347395658493042,0.37911781668663025,0.5025311708450317,0.7169367671012878,0.9543672204017639,0.7980945110321045,0.45242685079574585,0.4111524522304535,0.38699468970298767,0.37220844626426697,0.33842772245407104,0.33931252360343933,0.2179335355758667,0.19576269388198853,0.23517091572284698,0.18141958117485046,0.09831152111291885,0.15534746646881104,0.18030326068401337,0.23856785893440247,0.23140275478363037,0.23420141637325287,0.2020246386528015,0.21184051036834717,337.8994940464981,251.5038156177494,1089.847340084423,0.008934074100928075,0.0014850562438368797,1240.0,1250.0,1245.0,1250.0,1260.0,1255.0,2,meditation
P3,-7.561870098114014,-14.569202423095703,-29.489151000976562,-36.00735092163086,-42.585044860839844,-41.1563606262207,-41.633392333984375,-44.809913635253906,-45.887046813964844,-48.007408142089844,-47.38673782348633,-49.57625961303711,-51.52215576171875,-52.47446823120117,-55.19778823852539,-56.29887771606445,-58.52088928222656,-59.90420913696289,-61.44206619262695,-63.77637481689453,-67.10975646972656,-69.85324096679688,-71.25543212890625,-71.634033203125,-71.08065795898438,-71.61211395263672,-71.28118896484375,-70.29261016845703,-70.40586853027344,-70.80816650390625,-71.2238540649414,-71.9619369506836,2.569483995437622,2.7197420597076416,2.318359851837158,2.7683448791503906,2.147812604904175,2.2484025955200195,2.2350635528564453,2.2511377334594727,2.3283095359802246,2.0380375385284424,2.4459726810455322,2.1111130714416504,2.0649852752685547,2.271617889404297,1.8335602283477783,1.8661401271820068,1.620814323425293,1.553279161453247,1.596519112586975,1.5592410564422607,1.902004599571228,2.248434066772461,2.559410572052002,3.037733793258667,3.156552791595459,2.3906338214874268,2.2753705978393555,3.5857949256896973,3.891674041748047,3.235978841781616,3.0474350452423096,2.606738805770874,-310.4773864746094,86.13902282714844,22.159711837768555,10.458784103393555,18.68147087097168,12.671069145202637,9.06329345703125,11.68814754486084,6.435850620269775,6.025134086608887,6.778683662414551,6.389721870422363,3.253288984298706,2.306976318359375,2.2466111183166504,2.4305710792541504,2.254770517349243,2.2370965480804443,2.1277108192443848,2.2095305919647217,0.3142699897289276,0.32406067848205566,0.4191136658191681,0.6082811951637268,0.9326177835464478,0.8294158577919006,0.4503970444202423,0.3859513998031616,0.37487301230430603,0.3753747045993805,0.3419797420501709,0.3295310139656067,0.203105628490448,0.18168555200099945,0.21061980724334717,0.19177696108818054,0.12731900811195374,0.15467458963394165,0.15914957225322723,0.23030950129032135,0.22880825400352478,0.24288149178028107,0.19945771992206573,0.1963350921869278,345.5938820687635,264.2438777914733,1096.3606596443592,0.009327191487819025,0.001399170607328415,1250.0,1260.0,1255.0,1260.0,1270.0,1265.0,2,meditation
P3,-7.003223896026611,-14.467463493347168,-29.313610076904297,-35.65055465698242,-42.505001068115234,-40.66252899169922,-41.029415130615234,-44.47921371459961,-45.596641540527344,-47.47472381591797,-46.823062896728516,-48.752227783203125,-50.48375701904297,-51.69157791137695,-55.00320816040039,-56.05738067626953,-58.185909271240234,-59.70455551147461,-61.32634735107422,-63.79776382446289,-67.17422485351562,-69.81438446044922,-71.0111312866211,-71.85424041748047,-71.48017883300781,-71.74565124511719,-71.1107177734375,-70.6478500366211,-71.01344299316406,-71.2793197631836,-71.69048309326172,-72.36660766601562,2.746265411376953,2.5061981678009033,2.1222922801971436,2.5650436878204346,2.1619150638580322,2.187185764312744,2.17838716506958,2.5375139713287354,2.445007085800171,2.9113736152648926,2.9398837089538574,2.9800949096679688,2.7133495807647705,2.9584555625915527,2.6285271644592285,2.1641459465026855,1.989621639251709,1.6917849779129028,1.7910537719726562,1.9661375284194946,2.207083225250244,2.5481600761413574,3.0178520679473877,2.9179539680480957,2.684694528579712,2.441251754760742,2.4988181591033936,3.0820319652557373,3.4520034790039062,3.1671290397644043,2.910273313522339,2.464613437652588,-309.5706787109375,87.7745590209961,21.182193756103516,10.06859302520752,18.528581619262695,13.128347396850586,9.244074821472168,11.56386661529541,6.2592949867248535,6.056385517120361,7.410545825958252,6.574419021606445,4.446676254272461,2.732523202896118,2.2744123935699463,2.6063177585601807,2.344780683517456,2.2878308296203613,2.0915446281433105,2.1499392986297607,0.35409867763519287,0.3632507622241974,0.4557015299797058,0.6182692050933838,0.9285787343978882,0.8627164959907532,0.48449745774269104,0.3924288749694824,0.38039007782936096,0.3856106996536255,0.35390934348106384,0.3552897870540619,0.23085445165634155,0.203203022480011,0.21683429181575775,0.20198336243629456,0.12030104547739029,0.145155131816864,0.15145991742610931,0.2236991822719574,0.2259419560432434,0.24079859256744385,0.20530831813812256,0.21633653342723846,328.63099230879806,263.2446572288283,1046.5098947025788,0.008897821200696055,0.0014761839993298054,1260.0,1270.0,1265.0,1270.0,1280.0,1275.0,2,meditation
P3,-8.130314826965332,-15.485793113708496,-30.26066780090332,-36.370174407958984,-42.88694381713867,-41.49628829956055,-42.007328033447266,-45.47542953491211,-46.72774887084961,-48.96607971191406,-48.100799560546875,-50.34786605834961,-52.43632125854492,-53.32508850097656,-55.83427047729492,-56.77565383911133,-59.18472671508789,-60.561397552490234,-62.17626953125,-64.43189239501953,-67.6775131225586,-70.31432342529297,-71.50171661376953,-71.5247573852539,-70.4718017578125,-71.23190307617188,-71.0555191040039,-69.4288330078125,-69.33950805664062,-70.45148468017578,-71.31071472167969,-72.23116302490234,2.676149845123291,2.614309787750244,2.446293592453003,2.986269474029541,2.918755531311035,2.5887680053710938,2.6143791675567627,2.7633066177368164,3.032379388809204,2.825010299682617,2.5627808570861816,2.486921548843384,2.4711575508117676,2.598240613937378,2.642273187637329,2.7381443977355957,2.3663346767425537,2.104783773422241,1.8651734590530396,1.84075927734375,2.0464842319488525,2.2750258445739746,2.561863899230957,3.006632089614868,3.4524385929107666,2.861908197402954,2.5861430168151855,3.887188196182251,4.278075218200684,3.399407148361206,3.0561153888702393,2.6030449867248535,-312.4563903808594,84.13121795654297,23.532764434814453,10.531021118164062,18.05832862854004,13.15155029296875,7.9763994216918945,11.760828018188477,6.156753063201904,6.255612373352051,8.540379524230957,7.030016899108887,3.60966157913208,2.9390695095062256,2.730135202407837,2.818747043609619,3.095599412918091,2.2427725791931152,2.240407943725586,2.335258960723877,0.3407299518585205,0.36544540524482727,0.4797552824020386,0.6860904097557068,0.9495600461959839,0.8305882811546326,0.44062647223472595,0.37266042828559875,0.3518887460231781,0.34541022777557373,0.33009958267211914,0.33505699038505554,0.21432960033416748,0.1896832436323166,0.22046808898448944,0.17668409645557404,0.09733224660158157,0.15498290956020355,0.16579751670360565,0.2090376615524292,0.20625680685043335,0.2137967348098755,0.19568808376789093,0.20850220322608948,362.9197287789355,274.6357716429814,1145.2489669944143,0.00894653603538283,0.001464725355617702,1270.0,1280.0,1275.0,1280.0,1290.0,1285.0,2,meditation
P3,-6.147741794586182,-13.481470108032227,-28.24357795715332,-35.05284881591797,-41.77497863769531,-39.6812744140625,-40.300235748291016,-43.74298095703125,-45.26107406616211,-47.14522933959961,-46.49496078491211,-48.77240753173828,-50.969825744628906,-52.01469039916992,-54.918121337890625,-55.83504867553711,-58.00581741333008,-59.298683166503906,-60.81260299682617,-63.03606414794922,-66.24421691894531,-69.08235168457031,-70.33131408691406,-70.41801452636719,-70.01852416992188,-70.23566436767578,-69.68616485595703,-69.10897827148438,-69.29924774169922,-69.78501892089844,-70.28742218017578,-70.97763061523438,2.545851230621338,2.590057373046875,2.2793326377868652,2.7660346031188965,2.1550519466400146,2.314483642578125,2.2449989318847656,2.2724404335021973,2.3325605392456055,2.263350248336792,2.228208303451538,2.018782138824463,2.1008236408233643,1.9921997785568237,1.8520567417144775,1.9078285694122314,1.7852342128753662,1.6954013109207153,1.825645089149475,1.897727370262146,2.192659378051758,2.5346760749816895,2.9802098274230957,3.1561503410339355,2.7387807369232178,2.5989162921905518,2.655400037765503,3.3437235355377197,3.6681652069091797,3.388690233230591,3.036588430404663,2.635462999343872,-305.1986389160156,86.0458755493164,23.485267639160156,10.825981140136719,18.000057220458984,12.853044509887695,8.900940895080566,11.967401504516602,6.446840286254883,6.0054097175598145,7.4311652183532715,6.640082359313965,3.096867322921753,1.9789732694625854,2.3820390701293945,2.1477713584899902,2.06636905670166,2.0915825366973877,2.0510802268981934,2.212890863418579,0.34641507267951965,0.37053656578063965,0.485670268535614,0.6719034910202026,0.9441847801208496,0.8462083339691162,0.44663551449775696,0.37055644392967224,0.36490190029144287,0.37176308035850525,0.3473988473415375,0.34763312339782715,0.21393877267837524,0.18812644481658936,0.2199653834104538,0.19110263884067535,0.09749666601419449,0.149141326546669,0.1597423553466797,0.2125476896762848,0.2118290513753891,0.2298751175403595,0.20550647377967834,0.21128331124782562,335.7683092627308,252.92770491951856,1079.7554979947868,0.008798125725058005,0.0014665882335975766,1280.0,1290.0,1285.0,1290.0,1300.0,1295.0,2,meditation
P3,-7.657108306884766,-15.230274200439453,-29.88944435119629,-36.536991119384766,-43.34135437011719,-41.343196868896484,-41.842552185058594,-45.3731689453125,-46.614688873291016,-48.898902893066406,-48.195865631103516,-50.48331832885742,-52.389930725097656,-53.31962203979492,-56.32545471191406,-57.277687072753906,-59.53303527832031,-60.9203987121582,-62.43083572387695,-64.65147399902344,-68.13151550292969,-70.94085693359375,-72.22663116455078,-72.67890930175781,-72.32906341552734,-72.44979095458984,-71.7528076171875,-71.417236328125,-71.69438934326172,-71.95989227294922,-72.35006713867188,-72.9635009765625,2.828963279724121,2.6190497875213623,2.301957607269287,2.6814804077148438,2.163437604904175,2.148148536682129,2.2339563369750977,2.153629779815674,2.1333491802215576,2.0931272506713867,2.350220203399658,2.1011786460876465,1.9791043996810913,2.036125898361206,1.863303542137146,1.903930902481079,1.7153868675231934,1.7706232070922852,1.667043924331665,1.7998403310775757,2.121136426925659,2.489227056503296,2.8626105785369873,3.113361120223999,2.7045109272003174,2.571899175643921,2.5113327503204346,3.19645094871521,3.599602699279785,3.347900867462158,3.010162115097046,2.667026996612549,-315.2193298339844,87.35748291015625,22.726852416992188,10.693880081176758,18.487577438354492,12.619373321533203,8.876076698303223,11.794475555419922,6.511203765869141,6.133290767669678,7.201282501220703,6.54270076751709,3.0120911598205566,2.2392382621765137,2.1932737827301025,2.252272844314575,2.2528486251831055,2.1967222690582275,2.036787509918213,2.11574387550354,0.35151106119155884,0.3696461021900177,0.4804436266422272,0.6630389094352722,0.9285029172897339,0.8390319347381592,0.4679625928401947,0.4034373164176941,0.3782907724380493,0.3717327117919922,0.3486173748970032,0.35198575258255005,0.21504206955432892,0.19603058695793152,0.23198989033699036,0.20018146932125092,0.11803495138883591,0.15803824365139008,0.17152179777622223,0.22789359092712402,0.21768119931221008,0.2346344292163849,0.19648028910160065,0.20452985167503357,325.7943137729183,253.27743211644432,1048.948843566066,0.008772068953016241,0.0014600217109546065,1290.0,1300.0,1295.0,1300.0,1310.0,1305.0,2,meditation
P3,-7.204654216766357,-14.509848594665527,-29.261362075805664,-35.71954345703125,-42.76829528808594,-40.979183197021484,-41.37085723876953,-44.71260070800781,-46.403987884521484,-48.4450569152832,-47.770572662353516,-50.15521240234375,-52.12872314453125,-53.11822509765625,-55.8803825378418,-57.04587936401367,-59.20248031616211,-60.50974655151367,-61.94001007080078,-64.29093170166016,-67.91201782226562,-70.83585357666016,-72.15906524658203,-72.60226440429688,-72.11096954345703,-72.24853515625,-71.71697235107422,-71.5425033569336,-71.98048400878906,-72.21147918701172,-72.59742736816406,-73.10440826416016,2.739462375640869,2.7060303688049316,2.271115303039551,2.8130407333374023,2.5375425815582275,2.148345947265625,2.1456198692321777,2.277648687362671,2.290243625640869,2.2941603660583496,2.1980085372924805,2.160900354385376,2.083693265914917,2.1403603553771973,1.9852569103240967,1.9433233737945557,1.766732096672058,1.7443722486495972,1.7925114631652832,1.8077945709228516,2.076728343963623,2.3765900135040283,2.6083016395568848,2.7828474044799805,2.4771616458892822,2.1399741172790527,2.0221445560455322,2.449533462524414,2.6499624252319336,2.3998682498931885,2.1712212562561035,1.9324932098388672,-313.6795654296875,88.6894302368164,22.4801025390625,11.159510612487793,18.470836639404297,12.576740264892578,8.740558624267578,11.871968269348145,6.536286354064941,5.777333736419678,6.296499729156494,5.1331562995910645,2.8189313411712646,2.583425998687744,2.432572841644287,2.047853708267212,2.1132943630218506,2.2303318977355957,2.0254974365234375,2.1545727252960205,0.3262971341609955,0.3594767451286316,0.4790149927139282,0.7115768790245056,0.9512630105018616,0.8144927620887756,0.4374490976333618,0.38416382670402527,0.36446115374565125,0.3497220277786255,0.32465824484825134,0.3245464563369751,0.21805669367313385,0.19316212832927704,0.22503933310508728,0.16468530893325806,0.10008981078863144,0.1511240452528,0.16999679803848267,0.22440743446350098,0.23338854312896729,0.23944509029388428,0.20938514173030853,0.21828828752040863,317.0919380682665,250.10490683004642,1018.2725007804439,0.00904283280162413,0.0014621453592553735,1300.0,1310.0,1305.0,1310.0,1320.0,1315.0,2,meditation
P3,-6.598047256469727,-13.913741111755371,-28.851743698120117,-35.46006774902344,-42.044227600097656,-40.132381439208984,-40.69434356689453,-44.23924255371094,-45.59149169921875,-47.657711029052734,-46.94282913208008,-49.30690002441406,-51.32355880737305,-52.12702941894531,-54.97890853881836,-56.13237762451172,-58.11255645751953,-59.528350830078125,-60.97699737548828,-63.18503952026367,-66.40065002441406,-68.86805725097656,-69.640869140625,-70.01959228515625,-69.74139404296875,-69.88958740234375,-69.22061920166016,-68.55961608886719,-68.75791931152344,-69.2066650390625,-69.6472396850586,-70.2389907836914,2.622279167175293,2.47918963432312,2.191882848739624,2.5913143157958984,2.3302059173583984,2.159972667694092,2.2606375217437744,2.354301929473877,2.281583070755005,2.117159605026245,2.326908588409424,2.1618876457214355,1.9970459938049316,2.0373263359069824,1.9761693477630615,1.9881609678268433,1.724959135055542,1.8287103176116943,1.8403277397155762,2.0610604286193848,2.6112537384033203,3.0884201526641846,3.7129180431365967,3.9957778453826904,3.5725479125976562,3.4771597385406494,3.5910372734069824,4.224320411682129,4.601647853851318,4.291202545166016,4.1349053382873535,3.904536724090576,-305.4681396484375,83.86207580566406,24.114065170288086,10.797561645507812,17.954486846923828,12.920787811279297,8.865347862243652,11.570630073547363,6.620057106018066,6.203683853149414,9.283272743225098,8.792054176330566,3.7030880451202393,2.584268093109131,2.446347951889038,2.2341907024383545,2.1778364181518555,2.0997228622436523,2.116441011428833,2.1323845386505127,0.32584667205810547,0.34699830412864685,0.46001023054122925,0.6617602705955505,0.9496381878852844,0.8481479287147522,0.448047935962677,0.36847710609436035,0.35014262795448303,0.3509376645088196,0.3339315950870514,0.3309917151927948,0.19696566462516785,0.17956452071666718,0.21934816241264343,0.1850680261850357,0.09518490731716156,0.1467263549566269,0.1611170470714569,0.20366933941841125,0.20700354874134064,0.224609375,0.1994362771511078,0.1970992535352707,363.6489761627541,271.3133632721868,1150.500774601744,0.008918213457076565,0.001480629201978445,1310.0,1320.0,1315.0,1320.0,1330.0,1325.0,2,meditation
P3,-7.054653644561768,-14.710945129394531,-29.906831741333008,-36.34357452392578,-43.031524658203125,-40.890499114990234,-41.29683303833008,-45.02849578857422,-46.4112434387207,-48.56339645385742,-47.930789947509766,-50.002357482910156,-52.02735900878906,-52.814456939697266,-55.81435775756836,-56.987300872802734,-59.0512809753418,-60.26634216308594,-61.805091857910156,-63.983394622802734,-67.25782775878906,-70.03467559814453,-71.23848724365234,-71.596435546875,-71.3031005859375,-71.54801177978516,-71.0146713256836,-70.49202728271484,-70.89202880859375,-71.2670669555664,-71.69361114501953,-72.3171615600586,2.6273393630981445,2.4478206634521484,2.2595860958099365,2.805907726287842,2.2735681533813477,2.3562095165252686,2.3237760066986084,2.2839741706848145,2.551920175552368,2.31648588180542,2.4207797050476074,2.1436259746551514,2.213308811187744,2.323354959487915,2.3549411296844482,2.2770817279815674,2.071978807449341,2.0658998489379883,2.359612464904785,2.719804048538208,3.2288577556610107,3.8104240894317627,3.9018874168395996,4.266197204589844,4.031830787658691,3.631024122238159,3.9680893421173096,4.409366130828857,4.526479244232178,4.234601020812988,3.9848084449768066,3.5942153930664062,-311.9358825683594,86.18927764892578,22.735227584838867,11.233282089233398,18.137638092041016,12.771039962768555,8.976162910461426,11.74544906616211,6.615667343139648,6.387044906616211,10.860757827758789,8.879112243652344,3.2911417484283447,2.6030571460723877,2.604900360107422,2.4753777980804443,2.203559398651123,2.1968581676483154,1.9253135919570923,2.149977922439575,0.33802923560142517,0.37110793590545654,0.49981412291526794,0.7047295570373535,0.9504531025886536,0.8233571648597717,0.4403383135795593,0.3733638525009155,0.3563081622123718,0.35157111287117004,0.33290475606918335,0.33524346351623535,0.20270781219005585,0.17860335111618042,0.21922773122787476,0.182210311293602,0.10034818202257156,0.15204200148582458,0.17470671236515045,0.22328099608421326,0.22136656939983368,0.22996371984481812,0.1989022046327591,0.19903242588043213,343.8737036490785,287.9254051261601,1079.9070355404813,0.008881960556844547,0.0015117895090952516,1320.0,1330.0,1325.0,1330.0,1340.0,1335.0,2,meditation
P3,-6.718360424041748,-13.982619285583496,-28.83806800842285,-35.28496170043945,-42.083927154541016,-40.26061248779297,-40.7486572265625,-44.152225494384766,-45.360633850097656,-47.5968132019043,-47.06134033203125,-49.11228561401367,-50.79573440551758,-51.46574401855469,-54.297508239746094,-55.44580078125,-57.69014358520508,-59.17604064941406,-60.59549331665039,-62.573970794677734,-65.69610595703125,-68.38065338134766,-69.86039733886719,-70.4288101196289,-69.72787475585938,-69.93724060058594,-69.77882385253906,-69.36324310302734,-69.55479431152344,-70.03263854980469,-70.73245239257812,-71.33360290527344,2.812420606613159,2.740370035171509,2.301382541656494,2.880640745162964,2.3384900093078613,2.1415724754333496,2.2376811504364014,2.358675718307495,2.394789218902588,2.3566274642944336,2.326569080352783,2.13751220703125,2.610610246658325,3.0072569847106934,2.832427740097046,2.7594895362854004,2.955660343170166,2.8651585578918457,3.225193977355957,3.835254669189453,4.291035175323486,4.393126487731934,4.333003520965576,4.560119152069092,4.39749813079834,4.306990623474121,3.712801694869995,3.904928684234619,3.974196195602417,4.038576126098633,3.603480577468872,3.105962038040161,-305.4820556640625,85.10836029052734,21.873443603515625,11.585826873779297,18.075359344482422,13.019055366516113,8.73998737335205,11.431567192077637,6.417154312133789,6.446615219116211,11.889639854431152,8.899070739746094,4.010595321655273,3.6494085788726807,2.382956027984619,2.6473941802978516,2.376889705657959,2.3497722148895264,2.2312545776367188,2.283432960510254,0.3417756259441376,0.36073699593544006,0.4734016954898834,0.6653105616569519,0.9341908693313599,0.8287850022315979,0.4475632905960083,0.37590163946151733,0.3591374456882477,0.35621923208236694,0.3340235650539398,0.34018129110336304,0.2286897897720337,0.20192939043045044,0.22956329584121704,0.193211168050766,0.11551620811223984,0.16558700799942017,0.17410817742347717,0.2136649787425995,0.20923437178134918,0.23283444344997406,0.2141706347465515,0.22206692397594452,363.7393096544131,327.2946952943735,1110.104012398401,0.009339653422273782,0.0014485331485047936,1330.0,1340.0,1335.0,1340.0,1350.0,1345.0,2,meditation
P3,-7.278230667114258,-14.509638786315918,-29.304004669189453,-35.69056701660156,-42.01198959350586,-40.25295639038086,-40.94184875488281,-44.676692962646484,-45.87241744995117,-48.02042770385742,-47.51546096801758,-49.29762649536133,-50.925209045410156,-51.088401794433594,-53.88028335571289,-55.5472526550293,-57.56796646118164,-59.29989242553711,-60.53630828857422,-62.52232360839844,-65.71705627441406,-68.60724639892578,-70.10734558105469,-70.59043884277344,-70.02928161621094,-70.58584594726562,-70.6622314453125,-70.7330551147461,-71.18685913085938,-71.53038787841797,-72.0277328491211,-72.32457733154297,2.627394676208496,2.6483826637268066,2.2454628944396973,2.9128081798553467,3.060218572616577,3.03316593170166,2.5817606449127197,2.7462010383605957,2.9712345600128174,3.029900074005127,2.9400219917297363,2.9134316444396973,3.9616990089416504,5.042681694030762,5.249398708343506,4.381441593170166,4.332849025726318,3.9153881072998047,4.422317981719971,4.729777812957764,5.4778547286987305,5.492978096008301,5.303995132446289,5.691440105438232,5.783021926879883,4.929459095001221,3.691404104232788,3.708244562149048,4.061054229736328,3.759460687637329,3.379624128341675,3.0386717319488525,-307.7402038574219,86.40121459960938,19.85608673095703,12.430702209472656,18.038612365722656,12.923042297363281,8.53396987915039,10.477008819580078,6.5575337409973145,6.215501308441162,16.20305824279785,7.8712263107299805,8.325126647949219,3.995790958404541,3.048703193664551,2.4873735904693604,2.5142691135406494,3.228588819503784,2.227837324142456,2.3625283241271973,0.318360298871994,0.33191317319869995,0.4288582503795624,0.6016893982887268,0.9279705286026001,0.8746362924575806,0.49081021547317505,0.4009198546409607,0.3761279881000519,0.36816713213920593,0.3349030315876007,0.32699185609817505,0.20236319303512573,0.18354517221450806,0.21094068884849548,0.19565171003341675,0.11538591980934143,0.1372845321893692,0.15973035991191864,0.22901897132396698,0.21837227046489716,0.23035120964050293,0.1994951069355011,0.1994803100824356,358.1797203528986,337.86145274434455,1077.3656539382757,0.009490329538863109,0.0014500641264021397,1340.0,1350.0,1345.0,1350.0,1360.0,1355.0,2,meditation
P3,-6.455740928649902,-13.516207695007324,-28.528539657592773,-35.228946685791016,-41.85365676879883,-39.7895622253418,-40.2997932434082,-43.743587493896484,-45.21274948120117,-47.43162536621094,-46.65746307373047,-48.96785354614258,-50.870052337646484,-51.901466369628906,-54.819766998291016,-55.814693450927734,-58.06477355957031,-59.383094787597656,-60.79132843017578,-63.11968994140625,-66.65589904785156,-69.23419189453125,-70.40042877197266,-71.044189453125,-70.57621002197266,-70.69685363769531,-70.1102294921875,-69.67877960205078,-70.02550506591797,-70.3306884765625,-70.69852447509766,-71.24251556396484,2.629981279373169,2.2099533081054688,2.3713464736938477,2.6880505084991455,2.0876433849334717,2.242274045944214,2.3912956714630127,2.157550811767578,2.3669581413269043,2.0816431045532227,2.2599525451660156,2.0929250717163086,1.8691109418869019,1.9230058193206787,1.7745574712753296,1.8976292610168457,1.7424310445785522,1.5248206853866577,1.599847435951233,1.7691401243209839,2.1032466888427734,2.4921374320983887,3.0117735862731934,3.1405410766601562,2.8703694343566895,2.7288005352020264,2.698881149291992,3.351801633834839,3.923144817352295,3.761482000350952,3.5108864307403564,3.128279447555542,-306.37957763671875,86.82685089111328,22.81264305114746,10.712215423583984,18.247529983520508,12.595605850219727,8.867067337036133,11.735709190368652,6.5660858154296875,6.122396945953369,7.184910774230957,7.379556655883789,3.301111936569214,2.336495876312256,2.2165024280548096,2.110214948654175,2.2347488403320312,2.0386104583740234,2.111710786819458,2.183570146560669,0.32523632049560547,0.3427658975124359,0.45318570733070374,0.6558430790901184,0.9527527689933777,0.8453203439712524,0.44863593578338623,0.38197365403175354,0.3665459454059601,0.3663831651210785,0.34214499592781067,0.33444008231163025,0.20371846854686737,0.17305460572242737,0.20284628868103027,0.17755985260009766,0.1047254204750061,0.14962978661060333,0.15795011818408966,0.22147805988788605,0.21785947680473328,0.23342017829418182,0.21099747717380524,0.20598642528057098,344.85280908474573,266.8668317684165,1086.2809696646204,0.009329457294083526,0.0014107582392171025,1350.0,1360.0,1355.0,1360.0,1370.0,1365.0,2,meditation
P3,-8.131235122680664,-15.447699546813965,-30.38566780090332,-37.05910110473633,-43.671836853027344,-41.551513671875,-42.05437088012695,-45.65386199951172,-46.761695861816406,-49.15138626098633,-48.51262664794922,-50.75483703613281,-52.79714584350586,-53.744869232177734,-56.746437072753906,-57.658836364746094,-59.873146057128906,-61.370025634765625,-62.73822784423828,-65.02122497558594,-68.46200561523438,-71.19168853759766,-72.60980987548828,-73.04451751708984,-72.52239227294922,-72.66445922851562,-72.02764892578125,-71.778564453125,-72.16436767578125,-72.48356628417969,-72.86592864990234,-73.34357452392578,2.773648738861084,2.5520272254943848,2.2465970516204834,2.887162923812866,2.282902240753174,2.1606926918029785,2.229374885559082,2.238124132156372,2.3137123584747314,2.0667638778686523,2.353161573410034,2.1546475887298584,1.9036377668380737,1.9473589658737183,1.8327739238739014,1.9937506914138794,1.6698217391967773,1.6965607404708862,1.7748465538024902,1.750306487083435,2.17177414894104,2.604076623916626,3.1430392265319824,3.370680093765259,3.0726535320281982,2.861639976501465,2.816967487335205,3.66198992729187,3.982576370239258,3.7010748386383057,3.519437074661255,3.1372616291046143,-317.1805419921875,87.45203399658203,22.633556365966797,10.704042434692383,18.10993766784668,12.594871520996094,8.839930534362793,11.89207649230957,6.640002250671387,6.101830005645752,8.002224922180176,7.303893566131592,3.2781190872192383,2.1488840579986572,2.2722296714782715,2.1995980739593506,2.152005195617676,2.1299874782562256,2.2133851051330566,2.208164691925049,0.33177584409713745,0.3478487432003021,0.4566494822502136,0.6477092504501343,0.9337542057037354,0.8358244895935059,0.4677300453186035,0.41094711422920227,0.39584121108055115,0.3904251456260681,0.3487781286239624,0.33580419421195984,0.21017904579639435,0.18706785142421722,0.22900298237800598,0.205244243144989,0.11624962836503983,0.15195335447788239,0.17550621926784515,0.236146479845047,0.22893840074539185,0.2440674901008606,0.20921020209789276,0.20848500728607178,334.46390943881875,261.995631525522,1059.2991817221491,0.009124401827146172,0.0014485943829640746,1360.0,1370.0,1365.0,1370.0,1380.0,1375.0,2,meditation
P3,-7.4210100173950195,-14.642233848571777,-29.946142196655273,-36.35386276245117,-43.099613189697266,-41.2360954284668,-41.799320220947266,-44.92188262939453,-46.6329345703125,-48.896053314208984,-48.264339447021484,-50.44361877441406,-52.32093048095703,-53.27098083496094,-56.2789421081543,-57.3635368347168,-59.30775451660156,-60.93812561035156,-62.38422775268555,-64.80330657958984,-68.37642669677734,-71.204833984375,-72.70452880859375,-73.30603790283203,-72.58619689941406,-72.78839874267578,-72.22171020507812,-72.11900329589844,-72.68819427490234,-72.92811584472656,-73.1854248046875,-73.51062774658203,2.827613115310669,2.587209701538086,2.2187702655792236,2.7061197757720947,2.2524921894073486,2.1253623962402344,2.2586376667022705,2.218048095703125,2.2382006645202637,2.1362953186035156,2.1792545318603516,1.8729660511016846,1.9368278980255127,1.908808946609497,1.7663240432739258,1.7940094470977783,1.5543289184570312,1.5070624351501465,1.5783309936523438,1.661165714263916,1.79423987865448,2.1519627571105957,2.4803943634033203,2.596937656402588,2.4968199729919434,2.1878955364227295,2.1699583530426025,2.7850515842437744,3.050851821899414,2.7186336517333984,2.5048890113830566,2.1539759635925293,-316.06689453125,89.19441223144531,22.150827407836914,11.045536041259766,18.627033233642578,12.629508972167969,8.75068473815918,11.8662691116333,6.7881245613098145,5.952359199523926,5.790549278259277,5.766799449920654,2.6031441688537598,2.0058670043945312,2.334338426589966,2.180232048034668,2.131265163421631,2.047614097595215,1.900646686553955,2.088804006576538,0.30769872665405273,0.346246600151062,0.47705546021461487,0.6795040965080261,0.9548057913780212,0.8441089391708374,0.4307861328125,0.3430016040802002,0.3172636330127716,0.31136903166770935,0.29569730162620544,0.2996899485588074,0.20132504403591156,0.1825011819601059,0.22505341470241547,0.19033657014369965,0.09528473764657974,0.14840872585773468,0.15682560205459595,0.20096799731254578,0.18938428163528442,0.19764664769172668,0.1815132200717926,0.19425874948501587,313.42969205709073,246.1330050935325,1004.4346627230559,0.008994117966937354,0.0014687811490148306,1370.0,1380.0,1375.0,1380.0,1390.0,1385.0,2,meditation
P3,-6.281372547149658,-14.025157928466797,-28.590124130249023,-35.007408142089844,-41.546104431152344,-40.011383056640625,-40.38394546508789,-43.89776611328125,-44.951393127441406,-47.46436309814453,-46.84135818481445,-48.63567352294922,-50.54716491699219,-51.391990661621094,-54.11494827270508,-54.752174377441406,-57.65248107910156,-58.979652404785156,-60.42076110839844,-62.796207427978516,-66.11148071289062,-68.77716827392578,-69.71040344238281,-69.6529541015625,-68.48098754882812,-69.57420349121094,-69.64432525634766,-67.89974212646484,-67.8909683227539,-69.0262451171875,-69.78976440429688,-70.74385833740234,2.6438539028167725,2.839434862136841,2.3644027709960938,2.6050772666931152,2.172055721282959,2.1894638538360596,2.2879116535186768,2.2866547107696533,2.3027234077453613,2.2370293140411377,2.2764060497283936,2.0669667720794678,1.9873418807983398,2.2328391075134277,2.0128207206726074,2.272177219390869,1.8920663595199585,1.878549575805664,1.7855457067489624,1.799586534500122,2.0559732913970947,2.437072277069092,2.895747423171997,3.437602996826172,3.691319465637207,2.623197555541992,2.418320894241333,3.8370988368988037,3.9550421237945557,3.088026285171509,2.952296495437622,2.6362295150756836,-303.2769775390625,84.09971618652344,23.077285766601562,10.697649002075195,18.078941345214844,13.533329010009766,8.016140937805176,11.542922019958496,6.568243980407715,6.44367790222168,7.283173084259033,6.659050941467285,2.7208244800567627,2.352930784225464,2.48128604888916,2.8596978187561035,2.7598116397857666,2.194870710372925,2.1514883041381836,2.1505866050720215,0.3583613932132721,0.3726244866847992,0.48056915402412415,0.6684278845787048,0.9338337182998657,0.8378599882125854,0.47148358821868896,0.40615904331207275,0.38742002844810486,0.3806650936603546,0.3613663613796234,0.36276617646217346,0.23556369543075562,0.2028997242450714,0.2256820797920227,0.19247294962406158,0.11794969439506531,0.1526680737733841,0.18000687658786774,0.22878508269786835,0.22492852807044983,0.23748385906219482,0.21663004159927368,0.2298259735107422,353.5346344371296,263.1197546584977,1126.346030033498,0.008603266386310905,0.0014762327773496509,1380.0,1390.0,1385.0,1390.0,1400.0,1395.0,2,meditation
P3,-7.082287311553955,-14.29835033416748,-28.8363094329834,-35.69032287597656,-42.32868576049805,-40.40711975097656,-40.695945739746094,-44.3949089050293,-45.71553421020508,-48.11089324951172,-47.58582305908203,-49.696346282958984,-51.66484069824219,-52.458282470703125,-55.34237289428711,-56.44057083129883,-58.73874282836914,-60.144874572753906,-61.50933074951172,-63.919921875,-67.27955627441406,-70.02265167236328,-71.11686706542969,-71.5484848022461,-71.21012878417969,-71.39833068847656,-70.73548889160156,-70.31011962890625,-70.74442291259766,-70.98439025878906,-71.41290283203125,-71.98959350585938,2.7237491607666016,2.665742874145508,2.273371696472168,2.816464424133301,2.194352149963379,2.343560218811035,2.2244725227355957,2.249340534210205,2.2783010005950928,2.2771313190460205,2.4942197799682617,2.098508834838867,2.0530622005462646,2.381185531616211,2.1186280250549316,1.8428412675857544,1.659359335899353,1.5335345268249512,1.5878678560256958,1.722833514213562,2.017240524291992,2.2871031761169434,2.851015567779541,3.1323511600494385,2.7525322437286377,2.504392385482788,2.5006232261657715,3.285665273666382,3.714667558670044,3.4269661903381348,3.0918221473693848,2.69724440574646,-310.03350830078125,87.07596588134766,23.002426147460938,10.80591869354248,18.179309844970703,12.58015251159668,8.565035820007324,11.527692794799805,6.620498180389404,6.210052013397217,6.954248428344727,6.766252517700195,3.2568705081939697,2.523099422454834,2.43670392036438,2.326068162918091,2.1176373958587646,2.250596761703491,2.0256199836730957,2.351266860961914,0.3372347950935364,0.3727094531059265,0.497823029756546,0.7690917253494263,0.9581566452980042,0.7701272964477539,0.4319861829280853,0.4011825919151306,0.3853476047515869,0.36266079545021057,0.3395739197731018,0.33721229434013367,0.20078864693641663,0.18371522426605225,0.22273699939250946,0.15448129177093506,0.10126008093357086,0.1452799290418625,0.2012486755847931,0.24309881031513214,0.23027239739894867,0.220031276345253,0.1955241560935974,0.20155274868011475,336.4161798028769,261.49602124419954,1069.419857393744,0.009309065037703016,0.0014200428267940879,1390.0,1400.0,1395.0,1400.0,1410.0,1405.0,2,meditation
P3,-7.088099479675293,-14.596867561340332,-29.404823303222656,-35.76454544067383,-42.414222717285156,-40.36116027832031,-40.7982177734375,-44.39925003051758,-45.817195892333984,-47.844207763671875,-47.103633880615234,-49.32537841796875,-50.72622299194336,-51.40018844604492,-54.13326644897461,-55.615116119384766,-57.850711822509766,-59.35826873779297,-60.74586868286133,-63.1623420715332,-66.0442886352539,-68.77665710449219,-69.64066314697266,-70.20665740966797,-69.8899154663086,-69.97718048095703,-69.6671142578125,-69.03398895263672,-69.19709777832031,-69.6200180053711,-70.06842041015625,-70.62804412841797,2.8340938091278076,2.6277244091033936,2.3577513694763184,2.4767868518829346,2.6442418098449707,2.384953260421753,2.461186647415161,2.675722360610962,2.774120330810547,2.7933387756347656,2.7306466102600098,3.1301276683807373,3.671354293823242,3.9833076000213623,4.367915153503418,4.180217266082764,3.7851696014404297,3.4511821269989014,3.7653214931488037,3.631829023361206,4.29128885269165,4.0882086753845215,4.1199951171875,4.339274883270264,4.308433532714844,4.241837501525879,3.9133574962615967,4.350904941558838,4.741345405578613,4.394258499145508,4.072212219238281,3.9644041061401367,-305.9402770996094,83.83443450927734,22.24976348876953,10.629125595092773,18.287870407104492,13.065597534179688,8.650794982910156,10.95093822479248,6.603328704833984,6.58665132522583,14.299460411071777,8.741233825683594,6.460254669189453,2.400505542755127,2.45507550239563,2.443448543548584,2.2918460369110107,2.4663093090057373,2.193157434463501,2.2097511291503906,0.3144703209400177,0.3395289480686188,0.4615994989871979,0.6432051062583923,0.9312789440155029,0.8631426692008972,0.48157429695129395,0.3811950087547302,0.36607059836387634,0.3714776337146759,0.33289414644241333,0.3217020332813263,0.20049121975898743,0.18200050294399261,0.22205998003482819,0.20650915801525116,0.10054938495159149,0.14852899312973022,0.15432873368263245,0.20335997641086578,0.2164546102285385,0.2470407336950302,0.20427432656288147,0.1980472058057785,380.59367490483277,334.9387325986079,1158.7961561673178,0.009428019866589327,0.0014833601890131831,1400.0,1410.0,1405.0,1410.0,1420.0,1415.0,2,meditation
P3,-12.246248245239258,-19.659465789794922,-34.42172622680664,-40.866397857666016,-46.91400909423828,-45.4400520324707,-45.64711380004883,-48.975528717041016,-50.258060455322266,-52.044952392578125,-51.78337097167969,-53.64693832397461,-54.87577819824219,-55.417301177978516,-58.15353012084961,-59.484039306640625,-61.75337219238281,-63.49361038208008,-65.04778289794922,-67.10527801513672,-69.98595428466797,-72.77822875976562,-74.11881256103516,-74.72254180908203,-74.2930679321289,-74.46690368652344,-74.3445053100586,-74.24607849121094,-74.59761047363281,-75.28128051757812,-75.953125,-76.34996795654297,2.9410107135772705,2.764151096343994,2.335087537765503,2.8066482543945312,3.172635078430176,2.9971516132354736,2.968672037124634,3.6000542640686035,4.0022172927856445,4.2681379318237305,4.230226039886475,4.646603107452393,5.735319137573242,6.670925140380859,7.146722793579102,6.590876579284668,6.154942989349365,5.472305774688721,5.751276969909668,6.020204067230225,6.9660725593566895,6.668521404266357,6.495309352874756,6.214433193206787,5.921206474304199,5.857730865478516,5.191221237182617,5.008139610290527,5.100550651550293,4.414808750152588,3.9876413345336914,3.803107976913452,-332.052490234375,84.30642700195312,19.41779136657715,11.380364418029785,17.778867721557617,13.384883880615234,8.406553268432617,10.941048622131348,6.6292829513549805,6.636290550231934,22.622974395751953,8.989986419677734,10.750480651855469,3.285417079925537,2.8703150749206543,2.902113914489746,2.501492500305176,2.7305853366851807,2.3026375770568848,2.5322682857513428,0.3565475642681122,0.36340221762657166,0.4565064311027527,0.6327276825904846,0.9310477375984192,0.8569309115409851,0.4808874726295471,0.40853235125541687,0.3884122967720032,0.38523125648498535,0.35942786931991577,0.3597842752933502,0.22408972680568695,0.1967128962278366,0.22346171736717224,0.2024696171283722,0.12268378585577011,0.15099699795246124,0.15526321530342102,0.21370002627372742,0.21847763657569885,0.23302315175533295,0.21005062758922577,0.2178628295660019,387.2789702848003,394.24247299158935,1136.4707197054697,0.009938959179234338,0.0015331010799854994,1410.0,1420.0,1415.0,1420.0,1430.0,1425.0,2,meditation
P3,-7.932184219360352,-15.298721313476562,-30.309280395507812,-36.92470169067383,-43.1954231262207,-41.50525665283203,-41.8708381652832,-45.37112045288086,-46.883880615234375,-49.06715774536133,-48.586917877197266,-50.94108963012695,-52.47956848144531,-52.91910934448242,-55.880191802978516,-57.38074493408203,-59.416778564453125,-60.80095291137695,-62.25847244262695,-64.25232696533203,-67.37876892089844,-70.14242553710938,-70.90947723388672,-70.97843170166016,-70.47883605957031,-71.19227600097656,-70.92494201660156,-69.75180053710938,-69.76786041259766,-70.76612091064453,-71.55036163330078,-72.2080078125,2.722003698348999,2.503091335296631,2.2979307174682617,2.736375570297241,2.306370496749878,2.354659080505371,2.4170773029327393,2.396709442138672,2.3606722354888916,2.277583360671997,2.395508289337158,2.160022497177124,2.4468274116516113,2.9136111736297607,2.845858097076416,2.138808250427246,1.870885968208313,1.8235257863998413,1.9377689361572266,2.3594727516174316,2.8220596313476562,2.984914541244507,3.6493499279022217,4.183263301849365,3.9855377674102783,3.2359750270843506,3.1440951824188232,4.4253764152526855,4.763205528259277,3.9666976928710938,3.703404426574707,3.6187825202941895,-312.7752380371094,83.94097900390625,23.45193099975586,11.325313568115234,17.60396957397461,13.200387954711914,8.429609298706055,11.393529891967773,6.59019136428833,6.8126540184021,9.214012145996094,8.20878791809082,4.430849075317383,2.609347343444824,2.60949969291687,2.5600802898406982,2.4698266983032227,2.5241425037384033,2.2107627391815186,2.3489956855773926,0.326854407787323,0.3542132079601288,0.47090616822242737,0.6644031405448914,0.945024311542511,0.8401810526847839,0.4487092196941376,0.37885206937789917,0.3606586754322052,0.35732463002204895,0.33056768774986267,0.3269207179546356,0.20699092745780945,0.18885795772075653,0.23242858052253723,0.19895996153354645,0.10401087999343872,0.15191438794136047,0.1563400775194168,0.21353180706501007,0.21529938280582428,0.23353487253189087,0.20054635405540466,0.20266446471214294,360.04192818865545,272.762233088022,1134.8655324498823,0.00876980314675174,0.0015049567446112633,1420.0,1430.0,1425.0,1430.0,1440.0,1435.0,2,meditation
P3,-7.099798679351807,-14.304140090942383,-29.3464412689209,-36.00971603393555,-42.29396057128906,-40.6224365234375,-40.937744140625,-44.426025390625,-45.8629264831543,-47.776573181152344,-47.154563903808594,-49.25856018066406,-51.131752014160156,-51.705448150634766,-54.77326583862305,-56.23224639892578,-58.24863052368164,-59.87013626098633,-61.431697845458984,-63.24884796142578,-66.39945983886719,-69.39346313476562,-70.59841918945312,-70.86870574951172,-70.25656127929688,-70.9873046875,-70.81184387207031,-70.04979705810547,-70.32308959960938,-71.10227966308594,-71.578125,-72.23675537109375,2.8330790996551514,2.5348293781280518,2.266587972640991,2.666638135910034,2.4823691844940186,2.2709429264068604,2.2477359771728516,2.365492105484009,2.614392042160034,2.9383645057678223,2.87727952003479,2.812683343887329,2.998762607574463,3.3587112426757812,3.4322409629821777,2.529132843017578,2.430359363555908,2.245283603668213,2.321962833404541,2.9803621768951416,3.438039541244507,3.5181491374969482,3.79363751411438,3.988307237625122,3.8315277099609375,3.090665102005005,3.0397915840148926,3.9553916454315186,4.357426166534424,3.7981956005096436,3.48138427734375,3.01604962348938,-308.71234130859375,86.30671691894531,21.623830795288086,11.18172550201416,17.76274871826172,13.254390716552734,8.93353271484375,11.333635330200195,6.4517316818237305,6.436056613922119,10.237911224365234,7.447332859039307,5.3882598876953125,3.4066238403320312,2.4882237911224365,2.80218243598938,2.649503707885742,2.574409008026123,2.485291004180908,2.302173614501953,0.33159464597702026,0.34619981050491333,0.4469515383243561,0.6227557063102722,0.9148157238960266,0.849236011505127,0.4720125198364258,0.40666383504867554,0.3902369439601898,0.3871435225009918,0.3522091805934906,0.3422459065914154,0.21830794215202332,0.1894146054983139,0.2132607400417328,0.19958914816379547,0.13395783305168152,0.16228115558624268,0.1617882251739502,0.22993746399879456,0.23031720519065857,0.2518978714942932,0.21934033930301666,0.21918804943561554,347.52971291415037,287.50073638703594,1080.1287541140166,0.009287539878190256,0.001468440517783165,1430.0,1440.0,1435.0,1440.0,1450.0,1445.0,2,meditation
P3,-6.334595203399658,-13.871001243591309,-28.842594146728516,-35.54510498046875,-42.032047271728516,-40.04145431518555,-40.425758361816406,-43.99578857421875,-45.326934814453125,-47.38264083862305,-46.75253677368164,-49.008358001708984,-51.0422477722168,-51.79778289794922,-54.94907760620117,-56.09540939331055,-58.209842681884766,-59.702354431152344,-61.092166900634766,-63.44519805908203,-66.77261352539062,-69.2761001586914,-70.17794799804688,-70.35521697998047,-70.0503921508789,-70.45250701904297,-69.96422576904297,-69.61076354980469,-69.9305191040039,-70.24456024169922,-70.88783264160156,-71.18379974365234,2.7138712406158447,2.806417942047119,2.265122652053833,2.6373541355133057,2.2465343475341797,2.113194465637207,2.142683267593384,2.4467077255249023,2.3365869522094727,2.3587143421173096,2.311208724975586,2.4323081970214844,2.515134334564209,2.5452473163604736,2.399000883102417,2.167836904525757,1.954223394393921,1.894354224205017,1.9589489698410034,2.0523698329925537,2.6432135105133057,3.0472304821014404,3.5882463455200195,3.989621162414551,3.549943685531616,3.0754106044769287,2.9109439849853516,3.550367832183838,3.9002368450164795,3.6981256008148193,3.406235933303833,3.079793930053711,-306.6720886230469,86.1316146850586,22.979724884033203,10.781044006347656,17.644508361816406,13.219146728515625,8.996840476989746,11.513216018676758,6.939314365386963,6.121306896209717,9.18526840209961,7.354097843170166,3.1232762336730957,2.6272644996643066,2.4426655769348145,2.4668478965759277,2.3062291145324707,2.4608640670776367,2.286912202835083,2.2587411403656006,0.3277300298213959,0.35720911622047424,0.4760723114013672,0.673984944820404,0.9338525533676147,0.8261532783508301,0.44608694314956665,0.37862303853034973,0.36203980445861816,0.35946422815322876,0.3311498761177063,0.3282321095466614,0.2122689038515091,0.18739263713359833,0.2234964221715927,0.18657147884368896,0.11775805056095123,0.16285665333271027,0.17647936940193176,0.22847940027713776,0.22534124553203583,0.23566199839115143,0.20033228397369385,0.20303553342819214,336.1527434448187,259.4975801189095,1075.3145613794998,0.009053028929814385,0.0014839200302958488,1440.0,1450.0,1445.0,1450.0,1460.0,1455.0,2,meditation
P3,-7.141839504241943,-14.725605964660645,-29.272113800048828,-36.00389862060547,-42.79625701904297,-40.9150505065918,-40.87702560424805,-44.834449768066406,-46.22388458251953,-48.46055221557617,-48.0591926574707,-50.385581970214844,-52.16307830810547,-53.115699768066406,-56.327571868896484,-57.27682876586914,-59.311737060546875,-60.68754196166992,-62.10932159423828,-64.6575927734375,-68.2060317993164,-71.11009216308594,-72.36132049560547,-72.78852081298828,-72.2901382446289,-72.3741455078125,-71.88941192626953,-71.63384246826172,-71.92778015136719,-72.1417236328125,-72.54483795166016,-72.97771453857422,2.6649904251098633,2.639502763748169,2.3016626834869385,2.7065796852111816,2.284184694290161,2.25939679145813,2.211510419845581,2.2627644538879395,2.4543261528015137,2.158090591430664,2.210326671600342,2.007737636566162,1.9965640306472778,2.0175044536590576,1.7384061813354492,1.979619026184082,1.6972957849502563,1.7126864194869995,1.74579918384552,1.764116644859314,1.835915446281433,2.073960781097412,2.221903085708618,2.283264636993408,2.1341817378997803,2.0046939849853516,1.9699552059173584,2.380986452102661,2.692469596862793,2.4115078449249268,2.2423932552337646,1.8910553455352783,-314.2365417480469,88.82963562011719,22.958005905151367,10.768854141235352,18.39288330078125,12.319120407104492,8.631863594055176,11.887896537780762,6.738842487335205,5.945972919464111,5.816551208496094,4.853116512298584,2.6529250144958496,2.1405248641967773,2.3093554973602295,1.9658654928207397,2.1406052112579346,2.2025349140167236,1.9961434602737427,2.1477997303009033,0.33489254117012024,0.35387352108955383,0.467492014169693,0.6353207230567932,0.9230928421020508,0.8644431829452515,0.4833792448043823,0.3823575973510742,0.3564991354942322,0.35446661710739136,0.33442115783691406,0.3381335139274597,0.2046532928943634,0.18252229690551758,0.2213086485862732,0.2161058783531189,0.12221141904592514,0.15020209550857544,0.161466583609581,0.22852982580661774,0.22838644683361053,0.23788198828697205,0.20805981755256653,0.210097536444664,312.02839709092683,247.10724514211137,1012.9336293266877,0.008807188950116009,0.0014728190144523978,1450.0,1460.0,1455.0,1460.0,1470.0,1465.0,2,meditation
P3,-6.440027713775635,-13.659383773803711,-28.642742156982422,-35.019535064697266,-41.83563995361328,-39.905120849609375,-40.2501220703125,-43.978973388671875,-45.42742919921875,-47.558746337890625,-46.98168182373047,-49.16424560546875,-51.39555358886719,-52.445682525634766,-55.47185134887695,-56.43389129638672,-58.38081359863281,-59.82160949707031,-61.40595245361328,-63.830970764160156,-67.29496765136719,-70.13764953613281,-71.49042510986328,-71.99478912353516,-71.45223999023438,-71.59037017822266,-71.0651626586914,-70.87384796142578,-71.31423950195312,-71.53565979003906,-71.89550018310547,-72.35176849365234,2.6100714206695557,2.7735486030578613,2.3645267486572266,2.854867458343506,2.2500593662261963,2.232490301132202,2.3442108631134033,2.3758175373077393,2.437222719192505,2.2566072940826416,2.254551887512207,2.026832103729248,1.8892717361450195,1.9578443765640259,1.829148530960083,1.7500662803649902,1.7072030305862427,1.6061383485794067,1.6330498456954956,1.6837233304977417,1.9644523859024048,2.1938889026641846,2.4240562915802,2.632009983062744,2.3469128608703613,2.0596587657928467,2.0799643993377686,2.6712114810943604,2.8681609630584717,2.573185443878174,2.352158784866333,2.0835673809051514,-309.5442199707031,89.14479064941406,22.701391220092773,10.867599487304688,18.191667556762695,12.409940719604492,8.727301597595215,11.861543655395508,6.598644256591797,5.7295002937316895,5.958761692047119,5.547230243682861,2.6011722087860107,2.3721652030944824,2.2221202850341797,2.1341712474823,2.105172634124756,2.1497750282287598,2.1117727756500244,2.040170907974243,0.32094481587409973,0.3402490019798279,0.45019903779029846,0.6501518487930298,0.9444452524185181,0.8460463881492615,0.4485670328140259,0.3692935109138489,0.33956199884414673,0.3245967626571655,0.3083847165107727,0.31718185544013977,0.21985472738742828,0.192229226231575,0.22314457595348358,0.19055615365505219,0.1075691431760788,0.155612051486969,0.16379615664482117,0.21655680239200592,0.20749036967754364,0.21114827692508698,0.19699017703533173,0.21120652556419373,317.96867043926994,250.82934173796403,1016.9099472141924,0.009054161832946635,0.0014489031163975596,1460.0,1470.0,1465.0,1470.0,1480.0,1475.0,2,meditation
P3,-8.358438491821289,-16.00079917907715,-31.01051139831543,-37.31988525390625,-43.89426040649414,-42.05476379394531,-42.38102722167969,-46.04412078857422,-47.51797103881836,-49.86591720581055,-49.072017669677734,-51.28156661987305,-53.39390563964844,-54.05471420288086,-57.136390686035156,-58.11127853393555,-60.356449127197266,-61.713401794433594,-63.13343048095703,-65.51215362548828,-68.91050720214844,-71.55174255371094,-72.7273941040039,-73.2154312133789,-72.7398910522461,-73.00645446777344,-72.4381332397461,-71.86266326904297,-72.18124389648438,-72.53144836425781,-73.07040405273438,-73.55445098876953,2.687650203704834,2.719481945037842,2.2384464740753174,2.4412343502044678,2.2007498741149902,2.1728832721710205,2.3260533809661865,2.266115665435791,2.381652355194092,2.217679262161255,2.3629393577575684,2.107865810394287,2.100703001022339,2.0344860553741455,1.967750906944275,1.9097800254821777,1.779685139656067,1.6533995866775513,1.7816665172576904,1.9037779569625854,2.06059193611145,2.506366491317749,2.90258526802063,3.0277974605560303,2.7704808712005615,2.6088578701019287,2.5505712032318115,3.225698471069336,3.6227738857269287,3.4082906246185303,3.1509478092193604,2.817204475402832,-319.25921630859375,86.8581314086914,23.041650772094727,10.839173316955566,18.210674285888672,12.594982147216797,8.656847953796387,11.641806602478027,6.600546360015869,6.305284023284912,7.4321465492248535,6.512139320373535,3.1777634620666504,2.3131721019744873,2.2260444164276123,2.231200933456421,2.1178882122039795,2.0902533531188965,1.9193050861358643,2.1428983211517334,0.32887592911720276,0.36027783155441284,0.48137804865837097,0.6702067255973816,0.9336301684379578,0.8462411165237427,0.4614819288253784,0.37786638736724854,0.34179726243019104,0.3279206156730652,0.3119336664676666,0.3203970193862915,0.2141658067703247,0.19820620119571686,0.2374551147222519,0.200650155544281,0.10812245309352875,0.16046452522277832,0.16989091038703918,0.22362127900123596,0.2036588191986084,0.20381347835063934,0.18680602312088013,0.20257043838500977,327.97037259526354,248.75595907047563,1059.0608291111926,0.008773201856148492,0.0014825944090262055,1470.0,1480.0,1475.0,1480.0,1490.0,1485.0,2,meditation
P3,-6.9990925788879395,-14.290943145751953,-29.541519165039062,-36.23889923095703,-42.770477294921875,-40.70269012451172,-40.93915939331055,-44.78294372558594,-46.15279769897461,-48.292850494384766,-47.74980926513672,-49.90148162841797,-51.85588455200195,-52.71024703979492,-55.80965805053711,-56.8176383972168,-59.11051559448242,-60.20890808105469,-61.48276138305664,-63.77922821044922,-67.20082092285156,-70.07276916503906,-71.45256805419922,-71.7420883178711,-71.21924591064453,-71.61067199707031,-71.02323913574219,-70.59532928466797,-70.91988372802734,-71.24956512451172,-71.74151611328125,-72.3177490234375,2.6333467960357666,2.5592899322509766,2.2156758308410645,2.8029749393463135,2.0378894805908203,2.0480544567108154,2.124380350112915,2.2440903186798096,2.388277292251587,2.4080748558044434,2.304755449295044,2.0215911865234375,2.0071985721588135,1.964510202407837,1.869863510131836,1.8731157779693604,1.7817167043685913,1.802862286567688,1.8455716371536255,2.083916425704956,2.3296780586242676,2.5914618968963623,2.862821340560913,3.1150243282318115,2.8628222942352295,2.636270523071289,2.5281269550323486,3.1419506072998047,3.476091146469116,3.198941707611084,2.9608354568481445,2.5879781246185303,-311.353759765625,86.83108520507812,22.75507926940918,11.17492961883545,18.16131591796875,12.5774564743042,8.975369453430176,11.93523120880127,6.545511722564697,6.294421195983887,7.155920505523682,6.512768268585205,3.066648244857788,2.5991733074188232,2.3220300674438477,2.1427319049835205,2.1348536014556885,2.1102473735809326,2.0063998699188232,2.22542142868042,0.3315930664539337,0.35272011160850525,0.46210402250289917,0.6524907946586609,0.9471860527992249,0.8524683713912964,0.4498977065086365,0.36416929960250854,0.3413390815258026,0.3388981521129608,0.32397085428237915,0.3285317122936249,0.22717900574207306,0.1954224407672882,0.21258199214935303,0.18093045055866241,0.09374687820672989,0.14347684383392334,0.1563796103000641,0.20771059393882751,0.2038327306509018,0.21769604086875916,0.20279696583747864,0.21600431203842163,325.4941420720461,242.08616181482017,1052.6581950107316,0.008714290893271462,0.0014968350296840072,1480.0,1490.0,1485.0,1490.0,1500.0,1495.0,2,meditation
P3,-6.248188495635986,-13.681119918823242,-28.725696563720703,-35.31769943237305,-41.981666564941406,-39.63125228881836,-40.05111312866211,-44.0079231262207,-45.331966400146484,-47.45851135253906,-46.80337142944336,-48.717987060546875,-50.57067108154297,-51.52373504638672,-54.50029754638672,-55.582489013671875,-57.8685188293457,-59.10457229614258,-60.60873031616211,-62.916873931884766,-65.91192626953125,-68.43406677246094,-69.15605163574219,-69.01567840576172,-68.27465057373047,-69.24000549316406,-68.88301086425781,-67.05718994140625,-67.06564331054688,-68.35851287841797,-69.22052764892578,-70.06997680664062,2.8291282653808594,2.6772501468658447,2.2926883697509766,2.675091505050659,2.255044460296631,2.2375447750091553,2.2062559127807617,2.299856424331665,2.4023656845092773,2.352213144302368,2.5458712577819824,2.1852967739105225,2.408433675765991,2.3529391288757324,2.1140637397766113,2.310729503631592,1.8236596584320068,1.7004201412200928,1.680351972579956,1.8065766096115112,2.2852022647857666,2.7897040843963623,3.3492865562438965,3.856482982635498,3.9146759510040283,3.1094460487365723,3.0804975032806396,4.644946098327637,5.142536640167236,4.16549825668335,3.919203281402588,3.620081663131714,-302.5213928222656,82.66503143310547,24.308685302734375,10.665979385375977,17.548452377319336,13.6594877243042,8.342530250549316,11.637267112731934,6.354619979858398,6.810314655303955,8.609694480895996,8.355389595031738,3.891587257385254,2.4252283573150635,2.637824058532715,2.7930147647857666,2.6589012145996094,2.2993898391723633,2.1927196979522705,2.423384666442871,0.33835121989250183,0.3734210729598999,0.4959462881088257,0.7310655117034912,0.9475919604301453,0.7992827892303467,0.43732529878616333,0.3924453556537628,0.38188880681991577,0.3690119981765747,0.3423646092414856,0.33823296427726746,0.21781028807163239,0.1959262490272522,0.23219013214111328,0.16880862414836884,0.11314429342746735,0.1628713607788086,0.1829368770122528,0.22754713892936707,0.22942449152469635,0.23997992277145386,0.21612246334552765,0.21672692894935608,367.35002371532914,264.6185855024652,1165.0203917112844,0.00896466248549884,0.001503102364949882,1490.0,1500.0,1495.0,1500.0,1510.0,1505.0,2,meditation
P3,-8.99221420288086,-16.738718032836914,-31.710575103759766,-38.12583923339844,-43.83302688598633,-41.99374008178711,-42.583187103271484,-45.3834114074707,-46.52052688598633,-48.01613998413086,-47.722991943359375,-49.460350036621094,-50.247711181640625,-49.912803649902344,-52.63551712036133,-54.646488189697266,-57.22486877441406,-58.98499298095703,-60.34245681762695,-62.320404052734375,-64.54685974121094,-67.44307708740234,-69.04546356201172,-69.49530792236328,-69.13959503173828,-70.0101318359375,-70.08688354492188,-69.47093963623047,-69.62939453125,-70.75936126708984,-71.6260757446289,-72.04027557373047,2.923149347305298,2.6273295879364014,2.2566707134246826,2.794377088546753,3.263505220413208,3.228119373321533,3.1384060382843018,3.491884708404541,4.1793622970581055,4.8352227210998535,4.654372692108154,5.23154878616333,6.147736549377441,6.943020343780518,7.311997413635254,6.808037757873535,6.551635265350342,5.769211769104004,5.811586856842041,5.8864359855651855,7.111959934234619,6.950260639190674,6.407194137573242,6.243807792663574,6.133235931396484,5.932431697845459,5.122818470001221,4.8261566162109375,4.93605899810791,4.354833126068115,4.04660701751709,3.971775531768799,-307.71331787109375,80.97859191894531,16.718786239624023,11.383902549743652,17.7530517578125,14.069927215576172,8.795092582702637,10.316306114196777,6.576025009155273,7.719090461730957,22.604507446289062,8.959894180297852,12.176513671875,3.648922920227051,3.479748487472534,2.860349655151367,2.8427891731262207,2.5812063217163086,2.253253698348999,2.5496270656585693,0.31939247250556946,0.3567328453063965,0.4880794286727905,0.6868095397949219,0.9440478682518005,0.8419676423072815,0.45897746086120605,0.375440388917923,0.34982332587242126,0.34175699949264526,0.31512248516082764,0.31419557332992554,0.19676397740840912,0.1809726506471634,0.22558912634849548,0.18925055861473083,0.09850834310054779,0.16030049324035645,0.1605527549982071,0.20056889951229095,0.20066481828689575,0.21823348104953766,0.18726791441440582,0.19133301079273224,429.76115173929855,456.99352432569606,1214.5687307665728,0.010008066270301624,0.0015878009144216776,1500.0,1510.0,1505.0,1510.0,1520.0,1515.0,2,meditation
P3,-7.12640380859375,-14.631322860717773,-29.66713523864746,-36.339778900146484,-42.82414245605469,-40.84434509277344,-41.364505767822266,-44.65695571899414,-46.09939193725586,-47.82200241088867,-47.34153747558594,-49.51665496826172,-51.17069625854492,-51.90690231323242,-55.202762603759766,-56.42351531982422,-58.61195755004883,-59.97863006591797,-61.20124053955078,-63.13514709472656,-66.0694580078125,-68.50508880615234,-69.23785400390625,-69.73882293701172,-69.61911010742188,-69.9908676147461,-69.4106674194336,-68.402587890625,-68.47042846679688,-68.9927978515625,-69.63617706298828,-70.38700866699219,2.770907163619995,2.5869078636169434,2.3562519550323486,2.711149215698242,2.359844923019409,2.2561237812042236,2.1870815753936768,2.237976551055908,2.3792836666107178,2.6619527339935303,2.438749074935913,2.6353020668029785,2.4781248569488525,2.3941400051116943,2.2264833450317383,1.9311082363128662,1.6993186473846436,1.664252758026123,1.9230707883834839,2.191969394683838,2.6045451164245605,2.9777679443359375,3.850886821746826,4.121701717376709,3.635363817214966,3.5134928226470947,3.7052416801452637,4.5363383293151855,5.101813316345215,4.852946758270264,4.493357181549072,4.07790994644165,-306.58837890625,82.19855499267578,23.55425453186035,10.760729789733887,17.598268508911133,13.264047622680664,9.546370506286621,11.3411283493042,6.330926895141602,6.869979381561279,9.535128593444824,9.585284233093262,4.567532062530518,2.7519326210021973,2.4017038345336914,2.3587682247161865,2.3072011470794678,2.2894837856292725,2.2967190742492676,2.15644907951355,0.34735026955604553,0.36623844504356384,0.47176769375801086,0.6520280241966248,0.9338710904121399,0.838229238986969,0.46376535296440125,0.39400508999824524,0.3628135323524475,0.3499602675437927,0.3315321207046509,0.3387362062931061,0.24000516533851624,0.2109570950269699,0.2314603328704834,0.19736452400684357,0.11200463026762009,0.15461252629756927,0.17170602083206177,0.23061685264110565,0.21625550091266632,0.22008398175239563,0.20076997578144073,0.22148486971855164,384.13137520291315,281.6053350674304,1192.5292351825483,0.00919917343387471,0.0015029913047328591,1510.0,1520.0,1515.0,1520.0,1530.0,1525.0,2,meditation
P3,-6.504622459411621,-14.098742485046387,-29.103206634521484,-35.60273742675781,-41.791927337646484,-39.97097396850586,-40.64591979980469,-43.821712493896484,-45.77214431762695,-47.61579132080078,-47.194496154785156,-49.16559982299805,-50.88331985473633,-51.43212127685547,-54.20827102661133,-55.26451110839844,-57.51721954345703,-59.12928771972656,-60.600772857666016,-62.773048400878906,-65.9718246459961,-68.85624694824219,-69.59867858886719,-69.00198364257812,-67.95542907714844,-69.47399139404297,-69.05388641357422,-66.71096801757812,-66.70064544677734,-68.45042419433594,-69.766845703125,-71.20616149902344,2.847764492034912,2.8563170433044434,2.1840524673461914,2.8057374954223633,2.2039225101470947,2.216566324234009,2.2972724437713623,2.3370070457458496,2.475374937057495,2.3677430152893066,2.40134334564209,2.22483229637146,2.114776611328125,2.7104313373565674,2.7375757694244385,2.957029104232788,2.194218635559082,1.7889180183410645,2.0347516536712646,2.4334592819213867,2.677551746368408,2.582786798477173,3.3617494106292725,5.018299579620361,5.719283103942871,3.4401845932006836,3.3482773303985596,6.211191654205322,6.2346062660217285,4.121394157409668,3.4300899505615234,2.2741897106170654,-303.3211364746094,82.43228149414062,23.631153106689453,10.980378150939941,17.630695343017578,14.014816284179688,7.281937599182129,12.039298057556152,6.1784539222717285,7.206879615783691,10.042627334594727,8.848986625671387,4.083324909210205,2.8413641452789307,2.7834436893463135,4.045003890991211,3.2775940895080566,2.4592692852020264,2.3997364044189453,2.6234843730926514,0.3388548195362091,0.361726850271225,0.4752364158630371,0.6555073261260986,0.9295216202735901,0.8455824255943298,0.4684114158153534,0.39059776067733765,0.358258992433548,0.3465649485588074,0.32525208592414856,0.3326747417449951,0.23091639578342438,0.20544612407684326,0.23503385484218597,0.20636539161205292,0.11779064685106277,0.1608944535255432,0.16919150948524475,0.22640679776668549,0.2185542732477188,0.23168528079986572,0.197523832321167,0.21280044317245483,382.6769151598166,289.44921648419376,1176.0691160811273,0.009533379857888631,0.001499091973528266,1520.0,1530.0,1525.0,1530.0,1540.0,1535.0,2,meditation
P3,-7.875139236450195,-15.3095064163208,-30.095077514648438,-36.56315612792969,-43.35368347167969,-41.08469009399414,-41.40442657470703,-45.44004821777344,-46.81427764892578,-48.74342727661133,-48.4426155090332,-50.64194869995117,-52.66896438598633,-53.458126068115234,-56.478004455566406,-57.39215087890625,-59.45005416870117,-60.83965301513672,-62.10594940185547,-64.48207092285156,-67.96283721923828,-70.65298461914062,-71.80183410644531,-72.1910171508789,-71.83944702148438,-71.9920883178711,-71.4278335571289,-71.07174682617188,-71.52041625976562,-71.81581115722656,-72.09207916259766,-72.65746307373047,2.7822437286376953,2.663470506668091,2.3209571838378906,2.4316256046295166,2.196216106414795,2.00281023979187,2.256159543991089,2.325756788253784,2.343322992324829,2.256640911102295,2.3361353874206543,2.1289446353912354,2.2497098445892334,2.434195041656494,2.451446056365967,2.3183960914611816,2.1039719581604004,2.0358147621154785,2.3204431533813477,2.9560678005218506,3.2928645610809326,3.635413646697998,3.941922187805176,4.133733749389648,3.889721155166626,3.6349074840545654,3.5567729473114014,4.287951469421387,4.701395034790039,4.5646538734436035,4.261456489562988,3.8598082065582275,-314.6039123535156,86.47305297851562,22.952964782714844,11.081620216369629,17.95819854736328,12.297892570495605,8.63106632232666,11.682328224182129,6.680153846740723,6.0121941566467285,10.996216773986816,9.185223579406738,2.9435839653015137,2.4647841453552246,2.141845703125,2.1569299697875977,2.156501054763794,2.0409741401672363,2.115661859512329,2.178807497024536,0.31938183307647705,0.36068689823150635,0.49467921257019043,0.7372111678123474,0.956500768661499,0.7910959124565125,0.43007683753967285,0.3756016790866852,0.363910436630249,0.3540550172328949,0.32974889874458313,0.32091397047042847,0.20215901732444763,0.19446422159671783,0.2354297786951065,0.17025110125541687,0.09352175891399384,0.1543385535478592,0.17516034841537476,0.22060981392860413,0.22286368906497955,0.22689364850521088,0.1977909654378891,0.19809988141059875,345.7612752935624,273.08697977088167,1086.3668000686043,0.008892156685034803,0.0014670926611870527,1530.0,1540.0,1535.0,1540.0,1550.0,1545.0,2,meditation
P3,-7.536653995513916,-15.017630577087402,-30.17978858947754,-36.849483489990234,-43.281394958496094,-41.030311584472656,-41.31381607055664,-45.372474670410156,-46.94074630737305,-49.369136810302734,-48.515586853027344,-50.652225494384766,-52.75851058959961,-53.8842887878418,-56.72431945800781,-57.45481872558594,-59.74454879760742,-61.26998519897461,-62.659584045410156,-64.9556655883789,-68.32247161865234,-70.6520004272461,-71.71284484863281,-72.14323425292969,-71.80789947509766,-71.96216583251953,-71.28540802001953,-70.87905883789062,-71.16163635253906,-71.55138397216797,-71.84053802490234,-72.29790496826172,2.715686321258545,2.681636333465576,2.314396858215332,2.7532670497894287,2.258368492126465,2.0625152587890625,2.108595609664917,2.140753746032715,2.3441197872161865,2.08453369140625,2.2306690216064453,1.9494017362594604,1.9772025346755981,2.098527193069458,2.0793633460998535,2.181912660598755,1.9236873388290405,1.8193777799606323,2.074018955230713,2.3136136531829834,2.731234312057495,3.2414019107818604,3.99757981300354,4.113162517547607,3.8204755783081055,3.511042833328247,3.58791184425354,4.401393890380859,5.033086776733398,4.728127479553223,4.4121246337890625,4.018271446228027,-314.86181640625,86.15585327148438,24.07027816772461,10.926259994506836,17.948312759399414,12.572827339172363,8.683746337890625,11.479781150817871,6.9132184982299805,6.391906261444092,9.897244453430176,9.345880508422852,4.03360652923584,2.3765037059783936,2.4522180557250977,2.137446165084839,2.1092851161956787,2.110825538635254,2.215069532394409,2.204704523086548,0.3314334452152252,0.3493025004863739,0.4598703384399414,0.6503264904022217,0.9383563995361328,0.8404839038848877,0.4574379622936249,0.3892471492290497,0.368939608335495,0.36293429136276245,0.3403930366039276,0.33797475695610046,0.20186865329742432,0.1827385574579239,0.21899272501468658,0.19210852682590485,0.11172400414943695,0.14896759390830994,0.168198823928833,0.22325952351093292,0.21728944778442383,0.2317197322845459,0.1996760219335556,0.19766373932361603,337.0002475470052,250.72941968169954,1082.6973586956926,0.009045098607888631,0.0015362617559731007,1540.0,1550.0,1545.0,1550.0,1560.0,1555.0,2,meditation
P3,-7.964343070983887,-15.480509757995605,-30.41322898864746,-37.068206787109375,-43.42753982543945,-41.466163635253906,-41.749881744384766,-45.54035568237305,-47.03470230102539,-49.640968322753906,-48.9749870300293,-51.03173828125,-53.00791549682617,-53.922889709472656,-56.92484664916992,-57.85183334350586,-59.89066696166992,-61.212188720703125,-62.672691345214844,-65.00502014160156,-68.39443969726562,-70.8799057006836,-71.8375473022461,-72.2783203125,-71.8204574584961,-72.06206512451172,-71.32162475585938,-70.78755187988281,-71.00978088378906,-71.52335357666016,-72.11678314208984,-72.63603210449219,2.8047029972076416,2.637484312057495,2.2091832160949707,2.6484169960021973,2.2731497287750244,2.1268458366394043,2.261613130569458,2.114546060562134,2.4125123023986816,2.358689785003662,2.219353199005127,2.066981792449951,2.093348503112793,2.06636905670166,2.0753233432769775,2.1146202087402344,1.816701889038086,1.6021674871444702,1.7280855178833008,1.827379822731018,1.9224153757095337,2.0801000595092773,2.282402276992798,2.413914680480957,2.2462477684020996,2.136906862258911,2.2448642253875732,2.6048386096954346,2.9298360347747803,2.604607582092285,2.3982174396514893,2.0613715648651123,-315.890869140625,85.59243774414062,23.962505340576172,11.05053424835205,17.870458602905273,12.547003746032715,8.387161254882812,11.715686798095703,6.67959451675415,6.447943210601807,5.840134620666504,5.1417131423950195,2.921621799468994,2.40217924118042,2.2415757179260254,2.1459500789642334,2.1734843254089355,2.0862905979156494,2.019031047821045,2.1429691314697266,0.3199614882469177,0.3601332902908325,0.49219754338264465,0.7027355432510376,0.9495730400085449,0.8330239057540894,0.46548351645469666,0.4157361388206482,0.3690175712108612,0.3355195224285126,0.30249136686325073,0.30640527606010437,0.21378327906131744,0.18982084095478058,0.22459790110588074,0.1804649978876114,0.10044025629758835,0.1521787792444229,0.17262063920497894,0.22999411821365356,0.21512474119663239,0.21645669639110565,0.18863345682621002,0.20332221686840057,335.65028030232867,250.0799263159803,1087.190917446257,0.009215034077726218,0.0014796057948842645,1550.0,1560.0,1555.0,1560.0,1570.0,1565.0,2,meditation
P3,-6.713443279266357,-13.983464241027832,-28.931419372558594,-35.16763687133789,-41.33089828491211,-39.536617279052734,-39.829097747802734,-43.84543991088867,-45.25918197631836,-47.67411422729492,-47.11336898803711,-48.794219970703125,-50.594696044921875,-51.542747497558594,-54.5322151184082,-54.87251663208008,-57.36725997924805,-58.96812438964844,-60.854896545410156,-63.35778045654297,-66.53820037841797,-69.0783462524414,-69.90182495117188,-69.5328369140625,-68.14131164550781,-69.43990325927734,-69.14613342285156,-66.99263000488281,-67.46898651123047,-69.0457534790039,-69.91165924072266,-71.06463623046875,2.74853777885437,2.790381908416748,2.3825161457061768,2.8322625160217285,2.432466983795166,2.3045997619628906,2.3523874282836914,2.3520755767822266,2.514758586883545,2.356205701828003,2.2583906650543213,2.12351131439209,2.2505738735198975,2.5731897354125977,2.9766438007354736,3.3975443840026855,2.432020902633667,2.283067464828491,2.189521074295044,2.3089215755462646,2.588033437728882,2.613568067550659,3.2680516242980957,4.838294506072998,5.832269191741943,3.797159433364868,3.591656446456909,6.395027160644531,6.42880392074585,4.665467739105225,3.9189398288726807,2.8444268703460693,-303.4427490234375,83.7647705078125,23.690902709960938,10.459127426147461,17.49378204345703,13.805219650268555,6.737144470214844,11.648240089416504,6.469106197357178,6.584908962249756,12.009597778320312,9.014169692993164,3.17025089263916,2.4358410835266113,2.8616750240325928,3.4118053913116455,3.5482993125915527,2.138972043991089,2.1947264671325684,2.4296064376831055,0.3344249427318573,0.36571526527404785,0.49012571573257446,0.6987787485122681,0.9503886103630066,0.8109327554702759,0.41244468092918396,0.3387317359447479,0.3346919119358063,0.34246090054512024,0.33030587434768677,0.3339427709579468,0.20983128249645233,0.19088301062583923,0.22903023660182953,0.18049775063991547,0.10005518049001694,0.15745235979557037,0.16046512126922607,0.19770318269729614,0.20237015187740326,0.21689747273921967,0.19589632749557495,0.20328307151794434,383.2549221869432,304.96211571925755,1168.8980254768392,0.010031857236078886,0.0014417768688872457,1560.0,1570.0,1565.0,1570.0,1580.0,1575.0,2,meditation
P3,-7.166751861572266,-14.319986343383789,-29.23438835144043,-35.45220947265625,-42.09333801269531,-40.04622268676758,-40.544586181640625,-44.1331787109375,-45.36888122558594,-47.428890228271484,-47.020503997802734,-49.186439514160156,-50.90861511230469,-51.78789520263672,-54.32560729980469,-55.245994567871094,-57.56726837158203,-59.01694869995117,-60.355342864990234,-62.45008850097656,-65.1846923828125,-67.47765350341797,-67.79434967041016,-67.67428588867188,-67.04708862304688,-67.88594055175781,-67.32447052001953,-65.68971252441406,-65.38906860351562,-66.3959732055664,-67.15841674804688,-68.09209442138672,2.750830888748169,2.6705124378204346,2.3450236320495605,3.0582120418548584,2.926875352859497,2.931450605392456,2.7839136123657227,2.7881951332092285,3.1283626556396484,3.3420419692993164,2.9670732021331787,3.099343776702881,3.2576751708984375,3.0150575637817383,3.3672597408294678,3.5030829906463623,3.327871084213257,2.919654607772827,2.590012788772583,2.6251754760742188,2.982884168624878,3.4020464420318604,3.959059476852417,4.242010116577148,4.350152969360352,3.843838691711426,3.8027188777923584,4.605243682861328,4.880918025970459,4.854129314422607,4.801652908325195,4.661563873291016,-299.9488525390625,78.06520080566406,25.44963264465332,10.36235523223877,17.203245162963867,13.2566499710083,8.29367446899414,11.214542388916016,6.625246524810791,6.75114107131958,12.174097061157227,9.964112281799316,5.675171852111816,3.1985702514648438,2.6566081047058105,3.003918409347534,2.8115298748016357,2.371464967727661,2.1243622303009033,2.402888298034668,0.30566877126693726,0.33055442571640015,0.443328320980072,0.6297670006752014,0.9244280457496643,0.8552473187446594,0.45792871713638306,0.37480270862579346,0.3431696593761444,0.3298881947994232,0.30643564462661743,0.3060181736946106,0.20513606071472168,0.18060773611068726,0.2220158874988556,0.20496466755867004,0.12595340609550476,0.1531408727169037,0.1691369265317917,0.23169249296188354,0.21539662778377533,0.21715499460697174,0.18859179317951202,0.19728532433509827,464.59752984910114,394.5922001885151,1358.4183857807059,0.010590378480278422,0.001423085224814713,1570.0,1580.0,1575.0,1580.0,1590.0,1585.0,2,meditation
P3,-7.349910736083984,-15.002172470092773,-29.903400421142578,-36.44150161743164,-43.051212310791016,-41.05611801147461,-41.57545852661133,-45.28728485107422,-46.66016387939453,-48.641727447509766,-48.38960647583008,-50.620941162109375,-52.39352798461914,-53.227840423583984,-56.36769485473633,-57.40032196044922,-59.71877670288086,-61.135433197021484,-62.461517333984375,-64.83450317382812,-68.15084075927734,-71.18820190429688,-72.50872039794922,-72.86763763427734,-72.34822082519531,-72.45272827148438,-71.86324310302734,-71.60015106201172,-71.9917984008789,-72.30496978759766,-72.60248565673828,-73.05743408203125,2.6300301551818848,2.6421501636505127,2.3279030323028564,2.6279802322387695,2.457866668701172,2.2026805877685547,2.397974967956543,2.2948319911956787,2.2076730728149414,2.277583599090576,2.324605703353882,2.0303001403808594,1.8651520013809204,1.9567347764968872,1.6838045120239258,1.9086315631866455,1.5715943574905396,1.6701432466506958,1.6218369007110596,1.6677327156066895,1.9360578060150146,2.2425496578216553,2.627007484436035,2.798691749572754,2.8305211067199707,2.6354527473449707,2.613680362701416,2.9856531620025635,3.4751176834106445,3.278093099594116,3.170006513595581,3.110034704208374,-315.4501037597656,88.14336395263672,22.959829330444336,10.778755187988281,18.375883102416992,12.631892204284668,8.7396821975708,11.732423782348633,6.601528167724609,6.150360107421875,6.9024457931518555,6.55645227432251,3.0063788890838623,2.4101269245147705,2.210226058959961,2.210190534591675,2.1833691596984863,2.1075141429901123,2.1495814323425293,2.0512495040893555,0.3466407358646393,0.35608142614364624,0.4526340663433075,0.6376917958259583,0.9301323294639587,0.859390914440155,0.4831201434135437,0.4096550941467285,0.38402390480041504,0.3743286430835724,0.34922274947166443,0.347971111536026,0.22213323414325714,0.18213869631290436,0.1981286108493805,0.18635593354701996,0.12313070893287659,0.14116248488426208,0.16658088564872742,0.22882291674613953,0.22449399530887604,0.2364320456981659,0.2098405957221985,0.21621079742908478,318.25943470633194,246.0580635513341,1028.9363414806635,0.008757341212296984,0.0015142826596274972,1580.0,1590.0,1585.0,1590.0,1600.0,1595.0,2,meditation
P3,-6.846273899078369,-14.4033842086792,-29.439449310302734,-35.91714096069336,-42.56719207763672,-40.08929443359375,-40.65574645996094,-44.792335510253906,-46.128536224365234,-48.272430419921875,-47.69206619262695,-49.83963394165039,-51.864013671875,-52.781227111816406,-55.870323181152344,-56.90096664428711,-58.94157028198242,-60.36053466796875,-61.988826751708984,-64.30536651611328,-67.60962677001953,-70.31658935546875,-71.48577117919922,-71.91954040527344,-71.45323181152344,-71.64364624023438,-70.97185516357422,-70.5826416015625,-70.96068572998047,-71.25231170654297,-71.60429382324219,-72.11052703857422,2.5713350772857666,2.638578176498413,2.24119234085083,2.7644307613372803,2.3761651515960693,2.2828714847564697,2.61665940284729,2.4637582302093506,2.470672845840454,2.572098731994629,2.313549518585205,2.459460496902466,2.4196929931640625,2.115577220916748,2.401672840118408,2.279005289077759,2.108253240585327,1.8816862106323242,1.7837004661560059,1.995687484741211,2.6316540241241455,2.7608835697174072,3.2768235206604004,3.3971810340881348,3.1295666694641113,2.9432034492492676,3.0859835147857666,3.6264424324035645,4.117336273193359,3.898092746734619,3.7250847816467285,3.5449371337890625,-311.4039611816406,87.33646392822266,23.393184661865234,10.688501358032227,18.140644073486328,12.561606407165527,8.618986129760742,11.568583488464355,6.6503143310546875,6.2072954177856445,9.477584838867188,7.308528900146484,3.4027724266052246,2.29061222076416,2.3767857551574707,2.1513071060180664,2.0588457584381104,2.195680856704712,2.06416392326355,2.374300718307495,0.34768861532211304,0.3673876225948334,0.48067599534988403,0.6721055507659912,0.9463251829147339,0.8377021551132202,0.4344034790992737,0.34639713168144226,0.3473515212535858,0.35969915986061096,0.3483555316925049,0.3520360291004181,0.2274998277425766,0.19334450364112854,0.21720381081104279,0.18320956826210022,0.10106035321950912,0.14961034059524536,0.1601288616657257,0.20017927885055542,0.21254143118858337,0.2379366010427475,0.21942110359668732,0.22534453868865967,332.58117726324696,263.79422853828305,1061.7511575801932,0.009053028929814385,0.0015040262369439006,1590.0,1600.0,1595.0,1600.0,1610.0,1605.0,2,meditation
P3,-6.737416744232178,-14.274989128112793,-28.711708068847656,-35.04808044433594,-41.7376823425293,-39.88349533081055,-40.41703414916992,-43.708980560302734,-45.31906509399414,-47.662803649902344,-47.421871185302734,-49.22934341430664,-50.74824142456055,-51.1833610534668,-54.281436920166016,-54.763912200927734,-57.3963737487793,-59.08841323852539,-60.96073913574219,-63.49312973022461,-66.70988464355469,-69.39828491210938,-70.01432800292969,-69.62519836425781,-68.330322265625,-69.68382263183594,-69.43502044677734,-67.54692840576172,-67.92630004882812,-68.92489624023438,-69.6861343383789,-70.8958740234375,2.880401849746704,2.7450006008148193,2.2749977111816406,2.725031852722168,2.4470815658569336,2.3350300788879395,2.4489893913269043,2.3866047859191895,2.606036424636841,2.544893980026245,2.361905097961426,2.306640148162842,2.8776166439056396,3.298198938369751,3.518486738204956,4.422552108764648,3.1035869121551514,2.498994827270508,2.048084020614624,1.982656478881836,2.185774326324463,2.3905181884765625,3.304521322250366,4.684910774230957,5.723182678222656,4.244391441345215,3.6586761474609375,5.824584484100342,5.9098005294799805,5.140481472015381,4.595925807952881,3.3668911457061768,-304.0992431640625,83.79988098144531,23.562253952026367,10.283687591552734,18.11036491394043,13.77542495727539,6.9433913230896,11.295571327209473,6.961492538452148,6.557823181152344,12.958094596862793,8.668318748474121,2.897064208984375,3.2882239818573,2.6972923278808594,3.699284076690674,3.9588468074798584,2.4389374256134033,2.436707019805908,2.2323904037475586,0.3171704411506653,0.3582504391670227,0.48820576071739197,0.6977246403694153,0.947709321975708,0.8354513645172119,0.45147478580474854,0.3693518340587616,0.3284017741680145,0.3129076659679413,0.2986658811569214,0.3054037094116211,0.1977919042110443,0.18273045122623444,0.2277182787656784,0.18099424242973328,0.10121326148509979,0.15378962457180023,0.17012901604175568,0.21744497120380402,0.20342394709587097,0.20404168963432312,0.18298397958278656,0.1931626796722412,381.19578609314715,314.2049059237239,1168.1687034173194,0.009002048288863109,0.0014720928156748414,1600.0,1610.0,1605.0,1610.0,1620.0,1615.0,2,meditation
P3,-7.3413496017456055,-14.549639701843262,-29.580608367919922,-36.15776443481445,-42.83393859863281,-41.13555908203125,-41.62687683105469,-45.432003021240234,-46.49322509765625,-48.8265380859375,-48.09762954711914,-50.361995697021484,-52.60865783691406,-53.65737533569336,-56.235816955566406,-57.216148376464844,-59.763694763183594,-61.152381896972656,-62.235389709472656,-64.14066314697266,-67.2384262084961,-69.50479125976562,-70.38411712646484,-70.64845275878906,-70.28697967529297,-70.59253692626953,-69.96405792236328,-68.90498352050781,-68.78170013427734,-69.1662368774414,-69.6460189819336,-70.6417465209961,2.4995644092559814,2.3344078063964844,2.1845855712890625,2.6570680141448975,2.2287192344665527,2.2219016551971436,2.144723653793335,2.319169759750366,2.4408092498779297,2.214050054550171,2.2909352779388428,1.968874454498291,2.0000693798065186,2.001373052597046,1.9460071325302124,2.035423755645752,1.7588077783584595,1.6657558679580688,1.7694724798202515,1.967197299003601,2.547075033187866,2.780071496963501,3.3792498111724854,3.536529302597046,3.2529032230377197,3.2698960304260254,3.2839300632476807,3.8111438751220703,4.195605754852295,4.123446464538574,3.947154998779297,3.627394676208496,-310.27972412109375,82.72935485839844,25.943880081176758,10.825437545776367,17.822738647460938,12.892976760864258,9.257492065429688,11.426216125488281,6.34760856628418,6.525481224060059,8.402565956115723,7.9652485847473145,3.706671953201294,2.55531907081604,2.4938395023345947,2.113675117492676,2.113964080810547,2.191742181777954,2.2916362285614014,2.100367784500122,0.3268735408782959,0.35133180022239685,0.4643612802028656,0.655936598777771,0.9487782120704651,0.8522911071777344,0.4548667073249817,0.3813360035419464,0.3586847484111786,0.35009798407554626,0.32375821471214294,0.3248394727706909,0.21362635493278503,0.18582727015018463,0.214990496635437,0.1897462159395218,0.09320484101772308,0.1341559886932373,0.15906476974487305,0.21205396950244904,0.20982269942760468,0.22569970786571503,0.1979377120733261,0.20553304255008698,368.0908913034352,264.5436439602668,1175.3422818160136,0.008888757975638052,0.0014740705955773592,1610.0,1620.0,1615.0,1620.0,1630.0,1625.0,2,meditation
P3,-6.838194370269775,-14.271248817443848,-28.863544464111328,-35.14299011230469,-41.46177291870117,-39.712772369384766,-40.197731018066406,-43.85228729248047,-44.91640090942383,-47.440155029296875,-46.69784927368164,-48.05386734008789,-49.80080795288086,-51.46548080444336,-53.950477600097656,-53.67875671386719,-56.302574157714844,-58.301963806152344,-60.30420684814453,-62.55856704711914,-65.6811752319336,-67.90177154541016,-67.89846801757812,-67.30851745605469,-66.37226867675781,-67.87390899658203,-67.50257110595703,-65.126220703125,-65.30388641357422,-67.07279968261719,-68.48243713378906,-69.78541564941406,2.596283197402954,2.576404094696045,2.3283700942993164,3.1387453079223633,2.964285373687744,2.4342880249023438,2.426548719406128,3.124058485031128,3.144925117492676,2.885819911956787,2.556072235107422,3.3831257820129395,3.8168671131134033,2.9909205436706543,4.1838884353637695,5.479676246643066,5.0298614501953125,3.7452802658081055,2.6890673637390137,2.6428470611572266,2.6662895679473877,3.4770779609680176,5.164417743682861,6.4516730308532715,6.943544864654541,5.3298444747924805,5.12229061126709,7.326805114746094,7.334303379058838,6.004268169403076,4.867415904998779,3.9838664531707764,-298.7740173339844,79.74433898925781,23.729602813720703,10.521860122680664,17.01947784423828,14.677011489868164,6.680399417877197,11.514261245727539,6.622956275939941,6.5941596031188965,17.80482292175293,10.39431381225586,3.291165590286255,2.945359230041504,2.792783498764038,4.44103479385376,4.6684746742248535,2.4525716304779053,2.7077088356018066,2.407068967819214,0.34870079159736633,0.36957553029060364,0.48555445671081543,0.6849197149276733,0.939378023147583,0.8242945671081543,0.4518245458602905,0.3879222869873047,0.36647218465805054,0.3592529296875,0.34507325291633606,0.34849655628204346,0.21678757667541504,0.18674500286579132,0.21387897431850433,0.18087802827358246,0.1181134581565857,0.15944403409957886,0.15976104140281677,0.20989295840263367,0.2129887193441391,0.23035268485546112,0.2091003656387329,0.21291977167129517,453.1111533061786,432.8123867096868,1293.1775517715212,0.010201792705916474,0.0014272794360294938,1620.0,1630.0,1625.0,1630.0,1640.0,1635.0,2,meditation
P3,-10.044827461242676,-16.60763168334961,-26.811918258666992,-30.804275512695312,-36.614200592041016,-38.08451461791992,-40.17269515991211,-41.69234848022461,-43.22296905517578,-46.5803337097168,-47.84534454345703,-47.89692306518555,-50.78535079956055,-53.28290939331055,-56.29249572753906,-58.395721435546875,-60.408931732177734,-61.722496032714844,-63.38460159301758,-67.15874481201172,-71.41936492919922,-73.796875,-70.74668884277344,-66.06787109375,-63.41640853881836,-65.31615447998047,-66.81731414794922,-64.11145782470703,-63.14860916137695,-66.43946838378906,-70.95502471923828,-73.48554992675781,4.845681190490723,5.558394908905029,10.271166801452637,12.406097412109375,13.520914077758789,11.148270606994629,9.710174560546875,10.457420349121094,10.064065933227539,9.582954406738281,8.290704727172852,8.953766822814941,8.024771690368652,6.6867194175720215,5.981584548950195,4.856093883514404,5.507653713226318,5.597133159637451,5.910665988922119,4.8365373611450195,4.400231838226318,4.373330116271973,6.676451683044434,9.052921295166016,10.295402526855469,10.904990196228027,9.780804634094238,9.330414772033691,9.909248352050781,9.649248123168945,8.184514045715332,7.116939544677734,-302.91217041015625,83.45341491699219,31.7434024810791,7.11206579208374,9.247810363769531,17.803380966186523,0.15991367399692535,10.650897979736328,4.2837419509887695,2.4079442024230957,35.69679260253906,22.630218505859375,9.623983383178711,6.920959949493408,10.254963874816895,5.598665237426758,7.515443325042725,4.0395636558532715,4.768807888031006,5.988544464111328,0.31521478295326233,0.28669077157974243,0.3149835765361786,0.48052293062210083,0.6161472797393799,0.523417055606842,0.3156624734401703,0.3245408535003662,0.41398105025291443,0.48381176590919495,0.5507647395133972,0.41558578610420227,0.2382228821516037,0.22958387434482574,0.25664082169532776,0.3394012749195099,0.3684510886669159,0.286233514547348,0.2346058189868927,0.24409177899360657,0.24824178218841553,0.2933506965637207,0.3494109809398651,0.22987042367458344,721.2669729352053,1099.7171707330338,1456.3875504704656,0.02195339689675174,0.002534899627789855,1630.0,1640.0,1635.0,1640.0,1650.0,1645.0,2,meditation
P3,-7.671435356140137,-14.188321113586426,-21.726274490356445,-25.613510131835938,-31.557939529418945,-35.32880401611328,-38.25886535644531,-39.9323616027832,-41.681400299072266,-45.76585006713867,-47.800880432128906,-46.503299713134766,-49.102508544921875,-50.969478607177734,-54.2884521484375,-56.48089599609375,-58.77138900756836,-60.70633316040039,-62.79563522338867,-66.21124267578125,-71.21085357666016,-74.58187103271484,-72.52033996582031,-65.8125991821289,-62.09333419799805,-63.78074264526367,-66.65670776367188,-64.53020477294922,-63.550289154052734,-66.26095581054688,-72.4142837524414,-75.10981750488281,4.182966232299805,5.030135154724121,8.949831008911133,10.944917678833008,11.589810371398926,9.710062026977539,8.238889694213867,8.232638359069824,8.20172119140625,8.304130554199219,7.535926818847656,7.776308059692383,6.823273658752441,6.3535637855529785,6.664206027984619,5.765778064727783,5.460625171661377,5.932795524597168,6.753853797912598,5.706475734710693,5.203125476837158,4.295151233673096,4.665525913238525,6.4593329429626465,7.29647159576416,8.161554336547852,6.819695949554443,6.064264297485352,6.058568954467773,5.929590225219727,5.062772274017334,4.509100437164307,-295.90240478515625,90.90889739990234,32.75481414794922,8.883801460266113,10.305362701416016,19.009431838989258,-3.558324098587036,9.252198219299316,2.879096508026123,0.7553216814994812,29.39474868774414,13.495573997497559,7.408770561218262,7.768538475036621,10.239097595214844,5.473602771759033,7.836191654205322,4.2790374755859375,5.101772308349609,6.158911228179932,0.2496522217988968,0.22056102752685547,0.2360944300889969,0.362580269575119,0.48251134157180786,0.4372401535511017,0.40152686834335327,0.4117608666419983,0.39883264899253845,0.4324706196784973,0.4057355523109436,0.2887907326221466,0.28350189328193665,0.20920905470848083,0.2465989738702774,0.3113747239112854,0.329780250787735,0.3014567494392395,0.34481796622276306,0.31944575905799866,0.2453850358724594,0.34430262446403503,0.36623597145080566,0.23933303356170654,508.20728832579977,567.6572016386311,1269.2763078247121,0.014093314965197216,0.0031603535171598196,1640.0,1650.0,1645.0,1650.0,1660.0,1655.0,2,meditation
P3,-8.41358757019043,-15.542136192321777,-23.33896827697754,-28.123558044433594,-31.5122127532959,-32.72214126586914,-36.23983383178711,-38.58116912841797,-42.065528869628906,-45.535701751708984,-46.876956939697266,-46.72459411621094,-48.16729736328125,-50.65153884887695,-54.966148376464844,-57.61012649536133,-59.31840133666992,-60.436439514160156,-60.786888122558594,-63.30773162841797,-68.89705657958984,-72.77764129638672,-71.83672332763672,-66.36517333984375,-60.35822296142578,-61.73188781738281,-64.05565643310547,-62.17759323120117,-62.32832717895508,-64.65194702148438,-68.85948181152344,-73.6812973022461,3.639242649078369,3.712691068649292,6.894190311431885,8.28420639038086,10.33267879486084,10.28267765045166,9.38520622253418,9.32093334197998,8.628973960876465,8.403931617736816,7.331132888793945,8.88772201538086,7.851569652557373,6.342159748077393,6.056922912597656,4.581613540649414,4.588623046875,5.1136274337768555,6.680781364440918,6.877877712249756,5.988005638122559,5.073443412780762,6.1283488273620605,7.492104530334473,9.250438690185547,9.815208435058594,9.047728538513184,7.3255157470703125,7.747912406921387,7.085245132446289,5.631826877593994,4.758967399597168,-291.4414978027344,86.16226196289062,33.130367279052734,7.816803932189941,7.998581409454346,16.17295265197754,-3.6180989742279053,10.284444808959961,1.1872665882110596,1.7730562686920166,32.12556838989258,13.108951568603516,7.808480739593506,8.033797264099121,11.021354675292969,4.9133429527282715,8.045437812805176,3.2708466053009033,4.157312870025635,4.588648796081543,0.31425878405570984,0.34854602813720703,0.3238062262535095,0.4697839915752411,0.7017392516136169,0.8832978010177612,0.691555917263031,0.47783589363098145,0.3365003168582916,0.27613717317581177,0.2121993452310562,0.19484427571296692,0.1838960200548172,0.20202773809432983,0.22378268837928772,0.2527061700820923,0.1951303631067276,0.1777363419532776,0.21379424631595612,0.2299983948469162,0.19206981360912323,0.19604907929897308,0.16955651342868805,0.16161979734897614,586.1981396936098,740.1476512652263,1384.654053130408,0.015153712296983759,0.002118876203894615,1650.0,1660.0,1655.0,1660.0,1670.0,1665.0,2,meditation
P4,-6.533154487609863,-13.677210807800293,-29.037548065185547,-35.2184944152832,-37.20608139038086,-35.845848083496094,-36.51338195800781,-38.660274505615234,-37.33510971069336,-40.06999206542969,-42.002105712890625,-42.30188751220703,-39.46274185180664,-40.08528518676758,-43.98591995239258,-48.10868453979492,-50.28589630126953,-52.53564453125,-54.47615432739258,-56.67949676513672,-59.89983367919922,-63.679752349853516,-65.78234100341797,-67.83478546142578,-68.777099609375,-69.31398010253906,-69.26378631591797,-68.54068756103516,-67.7354965209961,-68.3739242553711,-68.86520385742188,-69.21060180664062,2.5986573696136475,2.3987252712249756,2.3657965660095215,2.2522566318511963,2.390329122543335,2.5082526206970215,2.486003875732422,2.5441670417785645,2.80033540725708,2.4885096549987793,2.474457025527954,2.445098638534546,3.02872896194458,2.59061336517334,2.3996634483337402,2.3751299381256104,2.414022207260132,2.605020046234131,2.750641107559204,2.6343038082122803,2.984959840774536,3.51948618888855,3.909336566925049,3.9807629585266113,3.4503488540649414,3.053018569946289,3.2860846519470215,3.987020969390869,4.821994304656982,4.826704502105713,4.499634265899658,4.740373611450195,-280.59735107421875,89.18567657470703,6.486424922943115,4.724868297576904,19.2576904296875,11.503789901733398,9.167840957641602,8.746962547302246,5.838515281677246,9.677899360656738,10.15304183959961,8.646988868713379,5.838078498840332,3.140998125076294,3.0727269649505615,2.371659517288208,2.498198986053467,2.2236478328704834,2.3155572414398193,2.2151849269866943,0.39661356806755066,0.38872483372688293,0.4516184628009796,0.6346116065979004,0.8994185924530029,0.7921835780143738,0.43770161271095276,0.4605696201324463,0.5400732755661011,0.5692011713981628,0.48543253540992737,0.43564558029174805,0.24182578921318054,0.2075217217206955,0.23244619369506836,0.2035970389842987,0.16626538336277008,0.178443044424057,0.15850098431110382,0.2192796766757965,0.2550077438354492,0.29001468420028687,0.2414315789937973,0.23573043942451477,466.97209475092103,699.4543938515081,1195.1272338475824,0.010892863616589327,0.001276442431844771,0.0,10.0,5.0,33.0,43.0,38.0,3,pranayama
P4,-6.443310737609863,-13.21229362487793,-28.68112564086914,-34.8099479675293,-37.11589431762695,-35.774932861328125,-36.98988723754883,-39.16923904418945,-37.288330078125,-40.6372184753418,-43.39590835571289,-43.62092208862305,-40.602867126464844,-40.46139907836914,-43.195823669433594,-47.13496017456055,-49.91596603393555,-52.534690856933594,-54.80309295654297,-57.284698486328125,-60.829010009765625,-64.51715850830078,-66.75373077392578,-68.67926025390625,-69.29597473144531,-69.89507293701172,-69.66964721679688,-68.81909942626953,-68.28117370605469,-68.43354797363281,-68.49243927001953,-68.90586853027344,2.5150933265686035,2.302633047103882,2.3035404682159424,2.3187787532806396,2.1878597736358643,2.384207248687744,2.3076860904693604,2.249117136001587,2.4855289459228516,2.2253360748291016,2.3520851135253906,2.382624626159668,2.8779468536376953,2.5210936069488525,2.6692733764648438,2.641500473022461,2.2836639881134033,2.3824448585510254,2.3221335411071777,2.473043918609619,2.6253795623779297,2.803022623062134,2.9524271488189697,2.8644297122955322,2.4326820373535156,2.0781846046447754,2.5342135429382324,3.2830941677093506,3.941477060317993,4.5758209228515625,4.704305648803711,4.788261413574219,-282.07275390625,89.77363586425781,7.372138977050781,4.874356746673584,21.33675765991211,11.045942306518555,7.780932903289795,8.426387786865234,7.007704257965088,9.787471771240234,8.31430721282959,7.536464691162109,5.005021095275879,2.9044811725616455,3.4432249069213867,2.433638334274292,3.002845048904419,2.200076103210449,2.296476364135742,2.0736327171325684,0.3446768820285797,0.34799104928970337,0.4281947612762451,0.6356359720230103,0.9072377681732178,0.7979638576507568,0.41540613770484924,0.4215322732925415,0.5024844408035278,0.5325851440429688,0.45058518648147583,0.3905148208141327,0.22271858155727386,0.19328750669956207,0.22372521460056305,0.19281548261642456,0.16292960941791534,0.17126710712909698,0.1703648418188095,0.23192307353019714,0.2564827799797058,0.2831869125366211,0.2416437864303589,0.2276902198791504,456.57562484884437,645.5464444968097,1188.5301305766252,0.010873604263341068,0.0012119242455810308,10.0,20.0,15.0,43.0,53.0,48.0,3,pranayama
P4,-9.702239990234375,-16.061677932739258,-30.4566650390625,-36.89826583862305,-38.88806915283203,-37.69224548339844,-38.43629455566406,-40.427955627441406,-39.7191047668457,-42.9871940612793,-45.666622161865234,-46.30695724487305,-44.423919677734375,-45.20827865600586,-48.419944763183594,-52.29588317871094,-54.37595748901367,-56.640663146972656,-58.64088821411133,-60.73686599731445,-63.775115966796875,-67.59217071533203,-70.0700912475586,-71.91087341308594,-72.65785217285156,-73.60569763183594,-73.82377624511719,-73.01145935058594,-72.26919555664062,-72.81977081298828,-73.17105865478516,-73.55976867675781,2.760021209716797,3.278217077255249,5.657146453857422,4.945684909820557,5.116689205169678,5.052582263946533,5.72639274597168,5.781434059143066,4.346284866333008,4.550345420837402,4.046621322631836,3.7346725463867188,3.534045934677124,3.4294838905334473,3.8113763332366943,4.352241516113281,4.593283653259277,4.299017906188965,4.394406318664551,4.471243858337402,5.215885639190674,4.781246185302734,4.827179908752441,4.7528228759765625,3.97577166557312,2.9005489349365234,2.9909846782684326,3.71685528755188,4.991950511932373,4.8853020668029785,4.5911149978637695,4.493733882904053,-300.9185791015625,93.79908752441406,8.91798210144043,5.700921535491943,17.756567001342773,9.478872299194336,8.473502159118652,8.693461418151855,6.199484825134277,9.170025825500488,17.321678161621094,8.74963092803955,6.266337871551514,5.261335372924805,4.591769695281982,5.893970012664795,2.8219504356384277,3.1301891803741455,3.4591081142425537,3.0615692138671875,0.32801371812820435,0.3324771523475647,0.39257776737213135,0.5802164673805237,0.8409479260444641,0.7655648589134216,0.4528957009315491,0.47575342655181885,0.5259023904800415,0.525273859500885,0.4513159394264221,0.3876069486141205,0.2070593386888504,0.20013591647148132,0.22925783693790436,0.22252069413661957,0.2501523494720459,0.2335510104894638,0.19259385764598846,0.2438741773366928,0.2629685699939728,0.29330217838287354,0.24784250557422638,0.22631074488162994,448.37995396727956,689.1624220562645,1112.7091146461617,0.012320321563225057,0.001300661824643612,20.0,30.0,25.0,53.0,63.0,58.0,3,pranayama
P4,-7.228115558624268,-13.859591484069824,-29.042043685913086,-35.01111602783203,-37.569007873535156,-36.09080505371094,-37.533607482910156,-39.44425964355469,-37.76028060913086,-40.65413284301758,-43.78997802734375,-45.31960678100586,-46.084442138671875,-47.0531120300293,-49.73970413208008,-52.35863494873047,-53.336063385009766,-54.84773635864258,-56.12063980102539,-58.23001480102539,-60.70912551879883,-63.48811721801758,-65.31449127197266,-67.33045196533203,-68.33354187011719,-68.80364227294922,-68.76365661621094,-67.80317687988281,-67.08295440673828,-67.43565368652344,-68.0202865600586,-68.80139923095703,2.5921895503997803,2.1541547775268555,2.857042074203491,3.1996042728424072,3.2447547912597656,2.8554561138153076,2.757086992263794,2.462322950363159,2.6972010135650635,2.855983257293701,3.088928699493408,3.13291072845459,3.6121485233306885,3.521667003631592,4.116171360015869,4.828889846801758,5.075690746307373,5.7278876304626465,5.815322399139404,5.7582197189331055,5.762989044189453,5.959099769592285,6.025180339813232,5.901091575622559,5.449185371398926,5.238605499267578,5.153466701507568,5.345790386199951,5.967817306518555,6.007658004760742,5.8868327140808105,5.712695121765137,-286.9013977050781,85.6846923828125,15.015626907348633,8.09897232055664,14.984490394592285,8.27983570098877,10.119237899780273,11.132227897644043,6.607113361358643,8.019289016723633,18.964948654174805,12.981852531433105,5.652781963348389,3.8553647994995117,3.047302484512329,3.146045446395874,2.9239611625671387,2.5156781673431396,2.322495460510254,2.266111135482788,0.3250083029270172,0.3246026337146759,0.39050233364105225,0.587380588054657,0.9158604145050049,0.8527193069458008,0.4660978317260742,0.4664434790611267,0.5128440856933594,0.5245574712753296,0.42608118057250977,0.3658481240272522,0.19439606368541718,0.17368391156196594,0.20237162709236145,0.1836109608411789,0.13795888423919678,0.1519562304019928,0.1683788299560547,0.24293313920497894,0.24204115569591522,0.2649584412574768,0.21039427816867828,0.19220837950706482,505.8342831613756,710.1460538718097,1278.5509560909768,0.011357353900812064,0.001243535545654595,30.0,40.0,35.0,63.0,73.0,68.0,3,pranayama
P4,-7.812885284423828,-14.647815704345703,-29.779539108276367,-36.153987884521484,-38.678680419921875,-36.73111343383789,-38.72051239013672,-40.57966613769531,-38.3575439453125,-41.35919952392578,-44.87544250488281,-46.89999008178711,-48.05152130126953,-49.1688117980957,-52.663818359375,-55.51087188720703,-56.72231674194336,-58.65028762817383,-60.46528244018555,-62.724151611328125,-65.21041107177734,-68.10111999511719,-69.71817779541016,-71.61270141601562,-72.01018524169922,-72.3209228515625,-72.26240539550781,-71.60256958007812,-71.4073257446289,-71.84603118896484,-72.02212524414062,-72.5116195678711,2.6056458950042725,2.2990479469299316,2.332493782043457,2.510812282562256,2.3600575923919678,2.4803168773651123,2.465803861618042,2.345797300338745,2.5225844383239746,2.3358943462371826,2.2585983276367188,2.123091697692871,2.542381763458252,2.340343475341797,1.97916841506958,2.0399296283721924,1.970259428024292,2.2254796028137207,2.1054227352142334,2.1018800735473633,2.103126049041748,2.04533052444458,1.9496346712112427,1.9185370206832886,1.8341021537780762,1.7003823518753052,1.6855518817901611,1.6591417789459229,1.7605807781219482,1.6927452087402344,1.6022181510925293,1.5786157846450806,-302.14300537109375,93.37728118896484,16.919326782226562,6.022712230682373,14.058660507202148,9.408193588256836,10.14853572845459,11.477055549621582,7.171195030212402,7.468805313110352,5.97360897064209,3.3880040645599365,2.8411386013031006,2.4827091693878174,2.3104631900787354,2.334564208984375,2.187103271484375,2.249101161956787,2.1699700355529785,2.1099627017974854,0.3529110848903656,0.33419084548950195,0.38439270853996277,0.5698140263557434,0.8817007541656494,0.8182078003883362,0.4544157385826111,0.47549498081207275,0.540465235710144,0.5679597854614258,0.48273220658302307,0.4142538905143738,0.22810713946819305,0.1911402940750122,0.20330975949764252,0.18614326417446136,0.17816509306430817,0.18094375729560852,0.1773800253868103,0.24500468373298645,0.25148868560791016,0.28729069232940674,0.250011682510376,0.23443244397640228,356.9695429638187,396.6655828560035,1041.033695577987,0.009690853393271462,0.0012300766538828611,40.0,50.0,45.0,73.0,83.0,78.0,3,pranayama
P4,-7.093077182769775,-14.076794624328613,-29.225366592407227,-36.07746887207031,-38.51156997680664,-36.641666412353516,-38.53706741333008,-40.42879104614258,-38.33958435058594,-41.032772064208984,-44.430660247802734,-46.126304626464844,-46.39274978637695,-46.529754638671875,-49.390079498291016,-52.475467681884766,-53.962738037109375,-56.71689224243164,-58.89574432373047,-61.66910934448242,-64.58539581298828,-68.2593002319336,-69.94007110595703,-71.4348373413086,-71.81939697265625,-72.11943054199219,-72.06786346435547,-71.55952453613281,-71.34516143798828,-71.68285369873047,-71.91789245605469,-72.26114654541016,2.549807071685791,2.234691858291626,2.2374722957611084,2.4094996452331543,2.1609506607055664,2.4271860122680664,2.4211440086364746,2.198841094970703,2.4595818519592285,2.362305164337158,2.1964802742004395,2.21317458152771,2.5800955295562744,2.2769293785095215,2.0196263790130615,2.2393972873687744,2.293421506881714,2.258561611175537,1.8835549354553223,1.746909499168396,1.6707173585891724,1.4299522638320923,1.3599601984024048,1.3358982801437378,1.2281224727630615,1.1557139158248901,1.118554711341858,1.1900138854980469,1.2394083738327026,1.2358955144882202,1.1137548685073853,1.071576476097107,-297.96533203125,94.01915740966797,13.20249080657959,5.588852405548096,17.372285842895508,10.41018009185791,8.691404342651367,11.125797271728516,7.911211967468262,7.819571495056152,3.5105483531951904,2.896007537841797,3.183075189590454,2.2622463703155518,2.6674270629882812,2.2998158931732178,2.1848790645599365,2.157658100128174,2.0834383964538574,2.0372729301452637,0.32783594727516174,0.33523955941200256,0.40831518173217773,0.6367619633674622,0.9025746583938599,0.7991755604743958,0.4582875967025757,0.4788537919521332,0.5397745370864868,0.5393866300582886,0.4535742998123169,0.3813078701496124,0.20392458140850067,0.17936791479587555,0.21249744296073914,0.18999311327934265,0.17188462615013123,0.1729307323694229,0.1890677511692047,0.24304500222206116,0.2710466682910919,0.2992178201675415,0.2501595616340637,0.22186893224716187,354.86625919700765,395.3915766386311,1020.0721030677844,0.009554905017401392,0.0012528375955298543,50.0,60.0,55.0,83.0,93.0,88.0,3,pranayama
P4,-8.552186965942383,-15.552970886230469,-30.8531494140625,-37.28968048095703,-39.80299377441406,-38.043636322021484,-39.967323303222656,-41.79826354980469,-39.61459732055664,-42.089744567871094,-45.64082336425781,-48.22053527832031,-50.08965301513672,-50.589054107666016,-53.26883316040039,-55.852867126464844,-56.96053695678711,-59.493412017822266,-61.549285888671875,-64.46660614013672,-67.0429458618164,-69.73187255859375,-71.0368881225586,-72.46717071533203,-72.68045806884766,-73.28465270996094,-73.10845184326172,-72.50150299072266,-72.19935607910156,-72.46700286865234,-72.73035430908203,-73.32583618164062,2.4940316677093506,2.1952764987945557,2.171285390853882,2.3765547275543213,2.2308852672576904,2.3473751544952393,2.3211488723754883,2.0934243202209473,2.446491003036499,2.352356195449829,2.224130392074585,2.202820062637329,2.7125797271728516,2.7947638034820557,2.684157609939575,2.8939034938812256,2.481206178665161,2.2923340797424316,2.145324945449829,2.2097928524017334,2.0273642539978027,1.5488229990005493,1.6338788270950317,1.698074221611023,1.6236050128936768,1.3078337907791138,1.3503884077072144,1.6153696775436401,1.775689959526062,1.6856096982955933,1.5796483755111694,1.4268336296081543,-307.9931945800781,92.9953384399414,17.375164031982422,5.666606903076172,14.788922309875488,9.812859535217285,9.397764205932617,11.922892570495605,8.405438423156738,7.015118598937988,4.418062686920166,3.6555802822113037,4.290851593017578,2.3284130096435547,3.2632086277008057,2.0807955265045166,2.203993797302246,2.321277141571045,2.1584224700927734,2.0468833446502686,0.35059118270874023,0.34572574496269226,0.41096407175064087,0.6320244669914246,0.9089877605438232,0.805765688419342,0.45598551630973816,0.4799795150756836,0.5459735989570618,0.5522587895393372,0.46299153566360474,0.3989250361919403,0.21441170573234558,0.18253733217716217,0.20337675511837006,0.17647062242031097,0.15447856485843658,0.16871009767055511,0.17059272527694702,0.2334313839673996,0.2603377401828766,0.28997495770454407,0.2379419505596161,0.2188427895307541,351.95579629313943,367.88803065182714,1043.3390417258508,0.009644404364849188,0.001227723783813417,60.0,70.0,65.0,93.0,103.0,98.0,3,pranayama
P4,-6.927429676055908,-12.80134105682373,-27.996458053588867,-34.36830520629883,-37.154048919677734,-35.296993255615234,-37.44253158569336,-39.36955261230469,-36.75636672973633,-39.421485900878906,-42.45840835571289,-44.96845626831055,-48.31781005859375,-49.415992736816406,-52.083770751953125,-54.569297790527344,-55.29253387451172,-57.789215087890625,-59.761436462402344,-62.927886962890625,-65.36034393310547,-67.58692169189453,-68.86380004882812,-70.12055969238281,-70.43474578857422,-70.59626770019531,-70.39006805419922,-69.97954559326172,-69.81751251220703,-70.11503601074219,-70.37970733642578,-70.80445861816406,2.6573519706726074,2.2905185222625732,2.256026029586792,2.472351551055908,2.1804778575897217,2.4106171131134033,2.421302318572998,2.117785692214966,2.5692715644836426,2.2347395420074463,2.1546499729156494,2.1903958320617676,2.170307159423828,2.2014455795288086,1.943782925605774,2.0847702026367188,2.043578863143921,1.832128643989563,1.6951379776000977,1.8920643329620361,1.770923376083374,1.4379527568817139,1.3713436126708984,1.2158280611038208,1.0627228021621704,0.994535505771637,1.0918134450912476,1.1546013355255127,1.1906380653381348,1.065003514289856,0.8691033720970154,0.8813551664352417,-295.1407775878906,93.5750961303711,19.150144577026367,4.9560956954956055,13.241018295288086,9.825369834899902,9.73507308959961,12.264589309692383,7.915374279022217,5.759258270263672,3.3105976581573486,2.6054601669311523,2.775059700012207,2.439767360687256,2.458660840988159,2.2264115810394287,2.2252962589263916,2.117332935333252,2.1721880435943604,2.1104559898376465,0.27076593041419983,0.25560152530670166,0.30098816752433777,0.4966863989830017,0.8812251687049866,0.8429662585258484,0.43153077363967896,0.4362878203392029,0.5149152278900146,0.5554593801498413,0.43993914127349854,0.3465098440647125,0.1937573254108429,0.1752680391073227,0.19012564420700073,0.17202575504779816,0.17167003452777863,0.1801108717918396,0.17400811612606049,0.24223974347114563,0.2523198425769806,0.2998761534690857,0.23171687126159668,0.20155850052833557,360.27331327735914,401.86152978175755,1056.652097496326,0.009740701131090487,0.0011099125258624554,70.0,80.0,75.0,103.0,113.0,108.0,3,pranayama
P4,-8.002339363098145,-12.112767219543457,-26.9435977935791,-33.00132751464844,-35.831642150878906,-34.172245025634766,-36.43014144897461,-38.165855407714844,-35.61892318725586,-38.612548828125,-41.62131881713867,-43.56597900390625,-46.95405960083008,-47.93778991699219,-50.85150909423828,-53.18800735473633,-53.79136276245117,-56.11602020263672,-57.959712982177734,-60.66401672363281,-63.19995880126953,-65.69722747802734,-67.13268280029297,-68.55317687988281,-68.95421600341797,-69.1336898803711,-69.0439682006836,-68.24247741699219,-67.73941040039062,-68.17699432373047,-68.70700073242188,-69.39830017089844,2.467203378677368,2.372828245162964,2.326659679412842,2.6762006282806396,2.3022189140319824,2.267599582672119,2.3966569900512695,2.11346173286438,2.5306804180145264,2.2525014877319336,2.270674228668213,2.489851474761963,2.4627299308776855,2.9582409858703613,2.8627045154571533,2.946722984313965,2.7788338661193848,3.097630739212036,3.3925790786743164,3.6019842624664307,3.5681843757629395,3.531630516052246,3.1648805141448975,3.178046226501465,3.0410773754119873,2.7787110805511475,2.7457802295684814,2.9521400928497314,3.503530979156494,3.516185998916626,3.054107904434204,2.775172472000122,-287.3540954589844,91.50837707519531,18.170995712280273,4.9703264236450195,12.930978775024414,8.698294639587402,9.241599082946777,11.731542587280273,6.625678539276123,5.635220050811768,9.85064697265625,7.022198677062988,3.8494324684143066,3.124183177947998,2.551025390625,2.4002771377563477,2.362663745880127,2.2124600410461426,2.2893099784851074,2.2705445289611816,0.15187950432300568,0.14597488939762115,0.19127218425273895,0.45009076595306396,0.8972402811050415,0.8497635722160339,0.41686445474624634,0.41963785886764526,0.4747430682182312,0.4804646074771881,0.3422027826309204,0.22761395573616028,0.10858051478862762,0.10097400844097137,0.1105518490076065,0.11667180061340332,0.1660439670085907,0.17104122042655945,0.1801537424325943,0.24605143070220947,0.26694387197494507,0.30682453513145447,0.21557708084583282,0.14574435353279114,458.88033291800707,633.4808562028712,1205.0513407670057,0.011447986151392111,0.0009554989519529045,80.0,90.0,85.0,113.0,123.0,118.0,3,pranayama
P4,-5.412477016448975,-9.169342041015625,-24.758098602294922,-30.753982543945312,-33.29153823852539,-31.40398406982422,-33.62263107299805,-35.5251350402832,-33.05023193359375,-35.770263671875,-39.11333465576172,-41.07304000854492,-44.30393981933594,-45.20221710205078,-47.75178146362305,-50.24075698852539,-50.799293518066406,-53.390560150146484,-55.063392639160156,-57.64272689819336,-59.86851119995117,-62.31262969970703,-63.2404670715332,-65.13308715820312,-65.86341094970703,-66.58251190185547,-66.49185180664062,-65.83975219726562,-65.1771240234375,-65.74687957763672,-66.2844009399414,-66.85386657714844,2.354667901992798,2.2290356159210205,2.2175920009613037,2.1148383617401123,2.2002999782562256,2.3623456954956055,2.2426702976226807,2.2887589931488037,2.5248682498931885,2.278088092803955,2.1092514991760254,2.1977412700653076,2.2860896587371826,2.3837809562683105,2.3706507682800293,2.4119982719421387,2.3455073833465576,2.3968429565429688,2.8650009632110596,3.213367462158203,3.2711496353149414,3.173489809036255,2.7236385345458984,2.448047637939453,2.1506125926971436,1.8030939102172852,1.675734043121338,1.878699779510498,2.327146291732788,2.260272741317749,1.908231258392334,1.7460507154464722,-271.6585998535156,91.03111267089844,17.156862258911133,5.973162651062012,12.436870574951172,8.550653457641602,9.674121856689453,11.193395614624023,7.157182216644287,6.210552215576172,6.839473247528076,4.822625160217285,3.437771797180176,3.3981809616088867,2.521718740463257,2.6629345417022705,2.251885175704956,2.2588441371917725,2.2443888187408447,2.1697838306427,0.13070476055145264,0.11847178637981415,0.1598992943763733,0.410970002412796,0.9072052240371704,0.864586591720581,0.3766939342021942,0.3565913140773773,0.43074357509613037,0.4671287536621094,0.33933407068252563,0.2214515209197998,0.09636259824037552,0.07280296832323074,0.07111877202987671,0.09294889122247696,0.15193767845630646,0.15508849918842316,0.15090827643871307,0.2130652517080307,0.2458418309688568,0.29884815216064453,0.21264517307281494,0.14710092544555664,444.77679987798274,594.1115660346578,1189.3369794012551,0.01175726870649652,0.0009424195741303265,90.0,100.0,95.0,123.0,133.0,128.0,3,pranayama
P4,-6.972831726074219,-10.559144020080566,-25.592512130737305,-31.621402740478516,-34.18801498413086,-32.446414947509766,-33.96894454956055,-35.84010314941406,-33.44928741455078,-36.32597351074219,-40.247535705566406,-41.385948181152344,-42.52669143676758,-42.91960144042969,-44.91643142700195,-47.69919967651367,-48.71916198730469,-51.84141540527344,-54.208290100097656,-56.66996383666992,-59.40193557739258,-63.12595748901367,-65.32499694824219,-67.37177276611328,-67.88309478759766,-68.145263671875,-68.09957885742188,-67.47052001953125,-67.11241912841797,-67.50228118896484,-67.86770629882812,-68.4599838256836,2.4146478176116943,2.2385873794555664,2.2243456840515137,2.36833119392395,2.247631072998047,2.386838436126709,2.251694917678833,2.2643792629241943,2.4309468269348145,2.2799201011657715,2.1294379234313965,2.3372509479522705,2.8711981773376465,3.09395694732666,3.2208731174468994,2.8186497688293457,2.5565481185913086,2.6942944526672363,2.5383665561676025,2.617825746536255,2.594797134399414,1.8751976490020752,1.6247292757034302,1.5681557655334473,1.3868054151535034,1.3444180488586426,1.379342794418335,1.4992012977600098,1.7177557945251465,1.7834057807922363,1.6621226072311401,1.561917781829834,-273.9798889160156,93.0315933227539,10.675605773925781,4.990708827972412,16.079811096191406,8.062508583068848,7.76064920425415,10.754438400268555,6.992452621459961,7.2283525466918945,5.000335216522217,3.5075442790985107,5.372727870941162,2.6616580486297607,3.050797462463379,2.1849112510681152,2.2882983684539795,2.2154953479766846,2.2407710552215576,2.106773853302002,0.1413692682981491,0.13021203875541687,0.17382775247097015,0.45946040749549866,0.9104825258255005,0.8217834234237671,0.36098289489746094,0.369083046913147,0.4559003412723541,0.48326626420021057,0.35266393423080444,0.22926251590251923,0.09548171609640121,0.07316990941762924,0.08349482715129852,0.11288358271121979,0.16739757359027863,0.17741172015666962,0.1734684407711029,0.23186641931533813,0.2639022469520569,0.3083118498325348,0.23028604686260223,0.15305596590042114,475.4507142872197,730.6300754060325,1181.154113930675,0.012575224767981438,0.000891883100848645,100.0,110.0,105.0,133.0,143.0,138.0,3,pranayama
P4,-6.807042598724365,-10.496140480041504,-25.89944839477539,-31.89559555053711,-34.31926727294922,-32.358184814453125,-33.91738510131836,-35.76401138305664,-33.961605072021484,-36.56647491455078,-39.60201644897461,-40.95800018310547,-41.61389923095703,-41.9514045715332,-44.169960021972656,-46.944580078125,-48.33695983886719,-51.09001159667969,-53.21883773803711,-55.67722702026367,-58.621131896972656,-62.6185417175293,-64.79940032958984,-66.76348876953125,-67.10665893554688,-67.52900695800781,-67.26042938232422,-66.50753021240234,-66.036376953125,-66.62940216064453,-67.12967681884766,-67.79503631591797,2.5185866355895996,2.150883436203003,2.424555540084839,2.329759359359741,2.2756519317626953,2.298967123031616,2.421599864959717,2.3822264671325684,2.4031546115875244,2.267644166946411,2.307161569595337,2.829868793487549,4.288118362426758,4.435337066650391,4.423321723937988,4.178085803985596,3.894056558609009,4.008069038391113,3.8426623344421387,3.934138059616089,3.679616689682007,3.0912773609161377,2.550184965133667,2.358959913253784,2.4885897636413574,2.2195522785186768,2.6977436542510986,3.16383957862854,3.2542312145233154,2.8901398181915283,2.61513614654541,2.410402536392212,-271.2364196777344,91.1588134765625,9.872546195983887,4.8812456130981445,16.703567504882812,8.484777450561523,7.68324613571167,10.801262855529785,6.440004825592041,7.526274681091309,10.307869911193848,5.720836162567139,7.561606407165527,2.7712762355804443,3.436819314956665,2.327537775039673,2.428692579269409,2.312788724899292,2.2631897926330566,2.373753070831299,0.13618433475494385,0.1262376308441162,0.1714407503604889,0.4400749206542969,0.8954302072525024,0.8296536207199097,0.36281493306159973,0.36538106203079224,0.4689471125602722,0.5152202844619751,0.3816238343715668,0.24350741505622864,0.08653771877288818,0.0746631920337677,0.08562149107456207,0.11018770933151245,0.17198212444782257,0.1783812791109085,0.16726134717464447,0.22117933630943298,0.25348567962646484,0.3093324899673462,0.24000035226345062,0.1577460914850235,511.8649984481053,818.3866213203306,1237.3145919013612,0.01298986731438515,0.0008981209248304367,110.0,120.0,115.0,143.0,153.0,148.0,3,pranayama
P4,-7.975407123565674,-11.51587200164795,-26.748218536376953,-32.619232177734375,-34.41618728637695,-32.816650390625,-33.54328155517578,-35.04506301879883,-34.249603271484375,-36.84749984741211,-38.89680480957031,-39.16643524169922,-37.249271392822266,-37.00296401977539,-38.88533020019531,-41.57136535644531,-43.83386993408203,-47.00102233886719,-49.356529235839844,-51.270790100097656,-54.425514221191406,-60.34080505371094,-63.88282012939453,-66.91426849365234,-67.35205841064453,-67.91769409179688,-68.35980987548828,-67.7794189453125,-67.51805114746094,-68.46741485595703,-68.9524917602539,-69.51361846923828,2.5419137477874756,2.2073521614074707,2.3866937160491943,2.2417430877685547,2.1582980155944824,2.3877062797546387,2.45330810546875,2.661170482635498,2.500920295715332,2.2386975288391113,2.444505453109741,2.535050630569458,2.8976457118988037,3.229630470275879,3.7606379985809326,3.198570489883423,3.1891846656799316,2.9841766357421875,2.945697546005249,3.1455912590026855,3.278320550918579,2.5107736587524414,2.167046546936035,1.7307870388031006,1.6011470556259155,1.5850468873977661,1.655408501625061,1.801369309425354,2.0309338569641113,2.0150649547576904,1.7139662504196167,1.5806324481964111,-265.4187927246094,92.10442352294922,-2.608229637145996,6.2871413230896,20.384937286376953,7.985814571380615,6.515201091766357,9.37456226348877,5.441187381744385,9.156716346740723,7.357473373413086,3.503298044204712,6.341547966003418,2.607877731323242,2.5374929904937744,2.4428157806396484,2.1815528869628906,2.0976336002349854,2.2249252796173096,2.329718589782715,0.1421799212694168,0.13785985112190247,0.18422162532806396,0.4655279517173767,0.9209958910942078,0.8535081148147583,0.38007792830467224,0.37304410338401794,0.44150811433792114,0.45874834060668945,0.3336324989795685,0.22070786356925964,0.08328073471784592,0.07922139763832092,0.09098280966281891,0.10706061124801636,0.13596417009830475,0.15853403508663177,0.15827180445194244,0.21349039673805237,0.24809174239635468,0.29505839943885803,0.21462486684322357,0.13490769267082214,571.2476733464516,1139.0864609012472,1203.7427166235575,0.016121211571925753,0.0009171015699394047,120.0,130.0,125.0,153.0,163.0,158.0,3,pranayama
P4,-6.640414237976074,-10.60311222076416,-26.1107120513916,-31.675899505615234,-33.5483283996582,-32.17501449584961,-33.04880142211914,-34.6439208984375,-33.563087463378906,-36.25079345703125,-38.211151123046875,-38.954345703125,-37.99015808105469,-38.28289031982422,-40.80083465576172,-43.435951232910156,-44.99672317504883,-48.05421447753906,-50.492835998535156,-53.0646858215332,-56.00648880004883,-60.726905822753906,-63.205589294433594,-66.00472259521484,-66.8760986328125,-67.41786193847656,-67.64530181884766,-67.048095703125,-66.4888687133789,-66.91610717773438,-67.58863830566406,-68.24661254882812,2.496757745742798,2.2111077308654785,2.3441948890686035,2.4261679649353027,2.3744025230407715,2.506273031234741,2.862729787826538,2.9979021549224854,2.517733573913574,2.4304213523864746,2.6515090465545654,3.2298505306243896,5.428818225860596,5.381593704223633,5.40518045425415,5.5372772216796875,5.083190441131592,5.010140895843506,4.870105266571045,4.939270973205566,4.648243427276611,3.532130479812622,3.210655450820923,2.570263147354126,2.046135902404785,1.881158709526062,1.6826720237731934,1.7960244417190552,2.166354179382324,2.1872243881225586,1.9366071224212646,1.757433295249939,-264.5843505859375,92.08802795410156,2.4909186363220215,5.32000207901001,18.758644104003906,8.40190601348877,7.46446418762207,9.525300025939941,6.004972457885742,8.352181434631348,12.627191543579102,3.678926706314087,9.887258529663086,2.5317211151123047,3.7310965061187744,2.1662445068359375,2.414356231689453,2.554487943649292,2.3236019611358643,2.554858922958374,0.13445766270160675,0.13774719834327698,0.1925577074289322,0.568873941898346,0.9545060992240906,0.8185110688209534,0.413785457611084,0.4268033504486084,0.46405288577079773,0.4238448143005371,0.30093541741371155,0.19283190369606018,0.09097861498594284,0.10190930962562561,0.1072169616818428,0.11670166999101639,0.11840469390153885,0.14720307290554047,0.18345601856708527,0.22698703408241272,0.2619999647140503,0.26659148931503296,0.19276098906993866,0.11894919723272324,521.8622382940096,958.1026364921694,1183.522866578953,0.013460022114269141,0.0009848203044384718,130.0,140.0,135.0,163.0,173.0,168.0,3,pranayama
P4,-7.547573566436768,-11.145377159118652,-26.787353515625,-32.24490737915039,-33.433937072753906,-31.94378089904785,-32.188232421875,-33.052738189697266,-33.14497375488281,-35.866458892822266,-36.95949935913086,-37.0621452331543,-35.009769439697266,-34.270729064941406,-36.02387619018555,-39.13881301879883,-41.13951873779297,-44.571990966796875,-47.0765380859375,-48.81602478027344,-51.6184196472168,-58.200016021728516,-61.751094818115234,-65.48394775390625,-66.2379379272461,-67.05043029785156,-67.8896713256836,-67.57823944091797,-67.23807525634766,-68.63286590576172,-69.2132568359375,-69.76580810546875,2.3446242809295654,2.2205655574798584,2.3033835887908936,2.1975719928741455,2.480266809463501,2.6207010746002197,3.191974401473999,3.388986587524414,2.7114784717559814,2.2630293369293213,3.1043426990509033,3.6146719455718994,4.6236419677734375,5.336210250854492,6.109585762023926,5.702250957489014,5.118171691894531,4.785406589508057,4.6747331619262695,5.289045333862305,5.392886161804199,3.9459586143493652,3.131800651550293,2.1994423866271973,2.196319103240967,2.0573890209198,1.7144684791564941,1.5631245374679565,1.5897451639175415,1.4189752340316772,1.3691052198410034,1.2702780961990356,-257.7552490234375,92.70134735107422,-7.974636554718018,6.995244979858398,20.19379234313965,7.76040506362915,6.490322589874268,8.861283302307129,5.374293804168701,9.967350006103516,13.24976634979248,2.9799976348876953,10.20009994506836,2.6150312423706055,3.1479439735412598,2.4042768478393555,2.37504243850708,2.300952434539795,2.053534746170044,2.809521198272705,0.14019230008125305,0.13160710036754608,0.17615611851215363,0.5108216404914856,0.9300464391708374,0.8217469453811646,0.3804912865161896,0.3936195373535156,0.45781320333480835,0.442352831363678,0.31849414110183716,0.20964710414409637,0.10005436092615128,0.08372730761766434,0.08408454805612564,0.11215244233608246,0.1563122272491455,0.17053565382957458,0.17992207407951355,0.22629879415035248,0.25968822836875916,0.280632346868515,0.20211444795131683,0.1346491575241089,623.5642930302926,1318.1467857272332,1186.156193724425,0.018042615284222737,0.0009697255445644259,140.0,150.0,145.0,173.0,183.0,178.0,3,pranayama
P4,-5.960158824920654,-9.633199691772461,-24.918933868408203,-30.691007614135742,-32.119266510009766,-30.595684051513672,-30.83767318725586,-32.12773895263672,-31.780210494995117,-34.4013671875,-35.9921875,-35.904273986816406,-34.12236785888672,-32.73533248901367,-33.711753845214844,-37.29306411743164,-39.20039367675781,-42.325443267822266,-45.147972106933594,-46.80243682861328,-49.44768524169922,-55.864078521728516,-59.772422790527344,-63.375732421875,-64.14759826660156,-64.98029327392578,-65.51688385009766,-65.08110809326172,-64.56558990478516,-65.59151458740234,-66.34060668945312,-67.038818359375,2.3952221870422363,2.3611531257629395,2.1644318103790283,2.1563961505889893,2.5500612258911133,2.4691162109375,2.413144111633301,2.575831651687622,2.4391560554504395,2.165454387664795,2.4713823795318604,2.4145524501800537,2.6378791332244873,2.6700828075408936,2.6024341583251953,2.637708902359009,2.373504877090454,2.2077786922454834,2.106438398361206,2.2100205421447754,2.5947213172912598,1.9986791610717773,2.026684522628784,2.1956064701080322,1.9307947158813477,1.825331211090088,1.9291269779205322,2.3113245964050293,2.7102231979370117,2.8032636642456055,2.494581460952759,2.1243553161621094,-247.13783264160156,90.08235168457031,-7.196603775024414,7.381288528442383,21.207765579223633,7.397989273071289,6.2958984375,8.884725570678711,5.487401008605957,10.256104469299316,6.199295997619629,4.976367473602295,4.832365036010742,2.4473862648010254,2.299816608428955,2.3712894916534424,2.320082426071167,2.1479249000549316,2.1573503017425537,2.1786508560180664,0.15602461993694305,0.13350310921669006,0.1676071286201477,0.40488699078559875,0.9014553427696228,0.8872103691101074,0.40793561935424805,0.3870699107646942,0.430704265832901,0.45248228311538696,0.33898505568504333,0.2364177107810974,0.0976347029209137,0.0772814154624939,0.0855347067117691,0.09648951143026352,0.14733965694904327,0.14256294071674347,0.15848557651042938,0.21578755974769592,0.23305098712444305,0.2883361876010895,0.2190198302268982,0.15439876914024353,628.5430431629757,1348.0984220925175,1246.217450721072,0.016955028277262182,0.0009732356411404908,150.0,160.0,155.0,183.0,193.0,188.0,3,pranayama
P4,-7.08461332321167,-10.723329544067383,-26.112409591674805,-32.34965515136719,-34.83610916137695,-32.640872955322266,-34.201927185058594,-35.55863952636719,-33.834537506103516,-36.893428802490234,-39.560997009277344,-40.3572998046875,-39.91063690185547,-40.08012390136719,-41.78316116333008,-44.66239547729492,-46.417144775390625,-49.335365295410156,-51.75320053100586,-54.025360107421875,-57.3228759765625,-61.78807830810547,-64.52310943603516,-66.88034057617188,-67.43803405761719,-68.01847076416016,-68.04449462890625,-67.3946762084961,-67.18577575683594,-67.71714782714844,-68.01771545410156,-68.57565307617188,2.579922914505005,2.3604369163513184,2.2290782928466797,2.4555110931396484,2.1940667629241943,2.4204061031341553,2.34496808052063,2.1862995624542236,2.494256019592285,2.3086721897125244,2.2065346240997314,2.290022850036621,2.7230422496795654,2.747173547744751,2.9774935245513916,2.590672254562378,2.457465648651123,2.588390350341797,2.486971378326416,2.546872615814209,2.5403244495391846,2.3439877033233643,2.117558240890503,2.072747230529785,1.956252098083496,1.7413139343261719,1.7782689332962036,1.8425054550170898,2.0154922008514404,1.870348572731018,1.6525852680206299,1.5478532314300537,-269.5893249511719,91.98712921142578,4.517396926879883,5.624867916107178,18.67451286315918,8.430572509765625,7.421983242034912,10.220311164855957,6.654977798461914,8.19934368133545,6.158446311950684,3.909066677093506,4.398076057434082,2.625373601913452,2.941460371017456,2.2689971923828125,2.2599198818206787,2.432379722595215,2.201240301132202,2.2381350994110107,0.1534402072429657,0.14141979813575745,0.18076792359352112,0.4578706622123718,0.9112824201583862,0.8548493981361389,0.3749850392341614,0.3793445825576782,0.4634757339954376,0.4831983745098114,0.34727999567985535,0.22990131378173828,0.1106768399477005,0.09821853041648865,0.10371623188257217,0.10720928013324738,0.14757387340068817,0.14917917549610138,0.16578270494937897,0.22687098383903503,0.26062092185020447,0.3052714169025421,0.22217638790607452,0.15306973457336426,509.4508284782043,867.7481171149942,1191.7971424062678,0.013688868546983759,0.0009216467151418328,160.0,170.0,165.0,193.0,203.0,198.0,3,pranayama
P4,-6.331753253936768,-10.058613777160645,-25.665910720825195,-31.774330139160156,-34.26301574707031,-32.64576721191406,-34.46067810058594,-36.39765930175781,-33.948944091796875,-36.74327850341797,-40.01864242553711,-41.59149169921875,-43.64249038696289,-44.00345230102539,-46.102787017822266,-48.618675231933594,-49.77756118774414,-52.75754928588867,-54.94630813598633,-57.33073425292969,-60.00490188598633,-63.319923400878906,-64.82389831542969,-66.58517456054688,-67.21890258789062,-67.72689819335938,-67.5055160522461,-66.86357879638672,-66.52185821533203,-67.00814056396484,-67.3315658569336,-67.92813873291016,2.357131242752075,2.32673716545105,2.1793875694274902,2.3523144721984863,2.228355884552002,2.4498770236968994,2.3314828872680664,2.314206838607788,2.357194185256958,2.2888195514678955,2.3217363357543945,2.393017292022705,2.450969696044922,2.5629770755767822,2.7530605792999268,2.79606556892395,2.5889124870300293,2.596681833267212,2.4174838066101074,2.549978494644165,2.341397762298584,2.163414239883423,1.917309284210205,1.8309675455093384,1.612121343612671,1.3799992799758911,1.3414561748504639,1.399880051612854,1.605730414390564,1.602408766746521,1.45400869846344,1.2558890581130981,-274.6965026855469,91.6806869506836,13.372034072875977,5.487812042236328,15.256129264831543,8.902700424194336,8.464715003967285,10.941247940063477,7.262547969818115,6.82950496673584,5.127021312713623,3.395131826400757,4.283546447753906,2.7807118892669678,2.938671827316284,2.340210437774658,2.446033239364624,2.1840672492980957,2.079455852508545,2.012679100036621,0.13168960809707642,0.1304243505001068,0.17593537271022797,0.5165762305259705,0.9327789545059204,0.8280157446861267,0.3769788146018982,0.3875300884246826,0.4510340988636017,0.43575987219810486,0.30891457200050354,0.19815818965435028,0.0981626957654953,0.08724627643823624,0.08946695923805237,0.11085261404514313,0.1403835266828537,0.1496468484401703,0.18645046651363373,0.2389742136001587,0.27026817202568054,0.28786829113960266,0.20520226657390594,0.1336500346660614,453.7416819172754,641.22481556337,1178.9311860937519,0.012523111223897912,0.0009087504004128277,170.0,180.0,175.0,203.0,213.0,208.0,3,pranayama
P4,-6.601306438446045,-10.647793769836426,-26.512590408325195,-32.63713455200195,-35.089149475097656,-33.224979400634766,-35.137916564941406,-37.27507781982422,-35.10350036621094,-37.967674255371094,-41.0467643737793,-42.99003219604492,-44.87725830078125,-45.455589294433594,-48.100975036621094,-50.47447967529297,-51.626705169677734,-54.12022018432617,-56.321468353271484,-59.04072189331055,-61.61732864379883,-64.19147491455078,-65.22590637207031,-66.99403381347656,-67.76142120361328,-68.6353530883789,-68.33384704589844,-67.32404327392578,-66.60900115966797,-67.03724670410156,-67.50508117675781,-68.3799057006836,2.4669463634490967,2.383941650390625,2.393828868865967,2.3843748569488525,2.402824878692627,2.35322904586792,2.4861273765563965,2.2440123558044434,2.6364097595214844,2.4362800121307373,2.265838623046875,2.1482014656066895,2.585143804550171,2.304814338684082,2.4105513095855713,2.427417755126953,2.1948049068450928,2.4334335327148438,2.249575138092041,2.2302026748657227,2.1449086666107178,2.3031845092773438,3.0488712787628174,2.7941417694091797,2.321110486984253,1.5288165807724,1.5697882175445557,2.0668060779571533,2.491610288619995,2.3518757820129395,1.9930309057235718,1.6545816659927368,-279.9905700683594,90.96472930908203,15.889636039733887,5.502669334411621,14.677533149719238,8.966169357299805,8.882387161254883,10.778018951416016,7.412185192108154,7.0796895027160645,5.821864128112793,4.4600749015808105,3.7051565647125244,2.953291416168213,3.053079843521118,2.3176753520965576,2.3310983180999756,2.5874617099761963,2.3768248558044434,2.280695915222168,0.12861543893814087,0.12102716416120529,0.1723197102546692,0.49592018127441406,0.8999179005622864,0.7910880446434021,0.3591027855873108,0.3842020034790039,0.5085520148277283,0.521932065486908,0.3613036274909973,0.2182559370994568,0.08948402106761932,0.0730547308921814,0.0820353627204895,0.12537510693073273,0.18393927812576294,0.17671312391757965,0.18375788629055023,0.24093753099441528,0.2923585772514343,0.31965208053588867,0.2325734794139862,0.1411854326725006,434.31606450244124,566.9077862166473,1177.3895879292338,0.011246329393851508,0.001020709052681923,180.0,190.0,185.0,213.0,223.0,218.0,3,pranayama
P4,-6.0945658683776855,-9.978795051574707,-25.480623245239258,-31.652406692504883,-33.84735107421875,-32.30047607421875,-34.17184829711914,-36.10551071166992,-33.85735321044922,-36.255470275878906,-39.870540618896484,-41.683837890625,-43.52033233642578,-44.076175689697266,-47.00899124145508,-49.50392532348633,-50.561336517333984,-53.16468811035156,-55.28715896606445,-57.99793243408203,-60.4164924621582,-62.76814270019531,-62.084869384765625,-63.8966064453125,-65.72107696533203,-67.81553649902344,-67.70458221435547,-66.56700134277344,-65.5957260131836,-66.62896728515625,-67.19921875,-67.74478912353516,2.372424840927124,2.1642024517059326,2.1903328895568848,2.2612836360931396,2.3218400478363037,2.3171193599700928,2.3847830295562744,2.270951509475708,2.449418783187866,2.4039463996887207,2.0901710987091064,2.1210100650787354,2.2653541564941406,2.1357648372650146,2.030728578567505,2.0558862686157227,2.007309913635254,2.139583110809326,2.0156588554382324,1.8823068141937256,1.642744779586792,1.5560410022735596,1.8853141069412231,1.7641993761062622,1.5187642574310303,1.0708142518997192,1.1434712409973145,1.0905708074569702,1.3321980237960815,1.2355717420578003,1.1041373014450073,1.0559450387954712,-273.39617919921875,90.71510314941406,14.664093017578125,6.415853500366211,12.805970191955566,9.493438720703125,9.569141387939453,9.532258987426758,7.992586135864258,6.908236980438232,3.560314416885376,2.8511645793914795,3.04904842376709,2.4329192638397217,2.5445797443389893,2.3402256965637207,2.1434743404388428,2.3116562366485596,2.198935031890869,2.028740167617798,0.13303855061531067,0.13162709772586823,0.17371149361133575,0.417881578207016,0.8816118836402893,0.8531981706619263,0.38590678572654724,0.3827136754989624,0.4543769955635071,0.47998741269111633,0.3392951488494873,0.2187526524066925,0.08136632293462753,0.0812007412314415,0.09149139374494553,0.11822755634784698,0.17630741000175476,0.17623299360275269,0.16592219471931458,0.22383953630924225,0.24947096407413483,0.3042863607406616,0.20988565683364868,0.1327982395887375,439.2725251700533,598.0085262289733,1169.4361753599667,0.011542017111368909,0.0009671365842223167,190.0,200.0,195.0,223.0,233.0,228.0,3,pranayama
P4,-6.812915802001953,-10.556548118591309,-26.01415252685547,-32.148414611816406,-33.93508529663086,-32.57522201538086,-34.76179122924805,-36.9090461730957,-34.34548568725586,-36.84688949584961,-40.07490921020508,-41.8552360534668,-43.29439926147461,-43.77412796020508,-46.146095275878906,-48.905120849609375,-50.44399642944336,-52.82357406616211,-55.22694396972656,-58.027000427246094,-60.66119384765625,-63.607425689697266,-65.28732299804688,-67.11366271972656,-67.92610931396484,-68.38325500488281,-68.3270263671875,-67.6457290649414,-67.15469360351562,-67.59850311279297,-67.9087905883789,-68.55439758300781,2.4136078357696533,2.259719133377075,2.14578914642334,2.4507994651794434,2.2194533348083496,2.261110305786133,2.3792338371276855,2.190765619277954,2.415126323699951,2.165238380432129,2.101811170578003,2.1080572605133057,2.3560116291046143,2.3360090255737305,2.236250877380371,2.2494044303894043,1.9049352407455444,1.9872735738754272,1.7684160470962524,1.9184436798095703,1.9176104068756104,1.7434020042419434,1.7534128427505493,1.6429870128631592,1.3817708492279053,1.3037878274917603,1.3259047269821167,1.4841941595077515,1.8255960941314697,1.758986234664917,1.5997003316879272,1.4837181568145752,-276.7695617675781,92.6777572631836,12.76994800567627,5.027077674865723,15.362728118896484,8.953227996826172,8.425810813903809,10.280200958251953,6.862226963043213,6.731379508972168,4.115683078765869,3.394900321960449,3.377589225769043,2.4350061416625977,2.493917942047119,2.0738751888275146,2.1205458641052246,2.136115789413452,2.148799419403076,2.065000534057617,0.12747520208358765,0.11937548965215683,0.16707353293895721,0.49826839566230774,0.9245728254318237,0.8283569812774658,0.3751285970211029,0.3852267861366272,0.4484727680683136,0.4411715865135193,0.31784334778785706,0.20239917933940887,0.07923759520053864,0.07378843426704407,0.08245672285556793,0.11360585689544678,0.149381622672081,0.15410692989826202,0.1963091641664505,0.24524976313114166,0.26550835371017456,0.2914797067642212,0.20955997705459595,0.12418407201766968,450.0118702164169,646.4207624891242,1165.6459382490768,0.012020102233178655,0.000933244766201824,200.0,210.0,205.0,233.0,243.0,238.0,3,pranayama
P4,-6.520059108734131,-10.225887298583984,-25.821191787719727,-32.1005973815918,-34.499610900878906,-32.734619140625,-34.4484748840332,-36.48670959472656,-34.03586959838867,-36.643402099609375,-40.04415512084961,-41.69315719604492,-42.83884811401367,-43.398193359375,-46.008792877197266,-48.785884857177734,-49.82987594604492,-52.54646682739258,-54.754730224609375,-57.43738555908203,-60.34189987182617,-63.60659408569336,-65.59976196289062,-67.10543823242188,-67.54913330078125,-68.07955932617188,-67.84587097167969,-66.96562957763672,-66.71379089355469,-67.10448455810547,-67.51927185058594,-68.2862319946289,2.346860408782959,2.023846387863159,2.2327868938446045,2.3129093647003174,2.2847273349761963,2.537384510040283,2.4549918174743652,2.339831829071045,2.4796674251556396,2.3194706439971924,2.2974777221679688,2.638246536254883,3.052349328994751,3.2795591354370117,3.4207849502563477,3.354443073272705,3.0800116062164307,3.225987672805786,2.950939178466797,3.1129989624023438,2.892827033996582,2.520911693572998,2.103391170501709,1.7990103960037231,1.7088632583618164,1.3312591314315796,1.5078980922698975,2.0853829383850098,2.191354274749756,2.073315143585205,1.7398197650909424,1.470417857170105,-275.3423767089844,92.1816635131836,12.697821617126465,4.764977931976318,15.746255874633789,9.072583198547363,8.327930450439453,11.123563766479492,6.903547286987305,6.94758939743042,6.672901630401611,3.7499094009399414,5.980422496795654,2.8286261558532715,3.3260762691497803,2.3505330085754395,2.382742404937744,2.324794292449951,2.361394166946411,2.286980628967285,0.13662567734718323,0.12627680599689484,0.16324684023857117,0.42817676067352295,0.9182113409042358,0.8706517219543457,0.3865828812122345,0.3825685381889343,0.45150670409202576,0.47803255915641785,0.3458918035030365,0.22488757967948914,0.08853139728307724,0.07873649150133133,0.08332672715187073,0.09363400936126709,0.1325567066669464,0.1484026312828064,0.16251914203166962,0.22947907447814941,0.24820515513420105,0.2904830574989319,0.21191217005252838,0.14298951625823975,462.09024716917935,672.0507699209687,1181.344694218511,0.012553699608468678,0.0009218964260071516,210.0,220.0,215.0,243.0,253.0,248.0,3,pranayama
P4,-7.097204208374023,-10.71118450164795,-26.563508987426758,-32.49562072753906,-34.90898132324219,-33.46037292480469,-35.39638900756836,-37.12833023071289,-34.704341888427734,-37.434471130371094,-40.74899673461914,-42.26923370361328,-44.203433990478516,-45.06040954589844,-47.85560607910156,-50.345916748046875,-51.30977249145508,-54.08921813964844,-56.185523986816406,-58.95812225341797,-61.71422576904297,-64.63734436035156,-66.41316223144531,-67.94964599609375,-68.32360076904297,-68.72567749023438,-68.6329574584961,-67.85074615478516,-67.20767211914062,-67.68132019042969,-68.15494537353516,-68.77546691894531,2.5217111110687256,2.1287426948547363,2.205237865447998,2.52368426322937,2.208437442779541,2.31341814994812,2.2232072353363037,2.447906017303467,2.5971760749816895,2.33046555519104,2.4112064838409424,2.757385730743408,3.014408588409424,3.2448959350585938,3.061609983444214,2.977673053741455,2.5550639629364014,2.6197433471679688,2.5353546142578125,2.546156406402588,2.4786739349365234,2.0364673137664795,1.7971378564834595,1.536508321762085,1.4574888944625854,1.3883672952651978,1.4739702939987183,1.7256674766540527,2.096583366394043,2.071638584136963,1.7892239093780518,1.6442033052444458,-280.5434265136719,92.41149139404297,14.641555786132812,4.518846035003662,14.997251510620117,9.12380599975586,8.759435653686523,11.198244094848633,6.894763946533203,6.482727527618408,6.068896770477295,3.68979549407959,5.212385177612305,2.3553831577301025,2.9182093143463135,2.2100489139556885,2.341952323913574,2.2835464477539062,2.318451404571533,2.135633945465088,0.14440952241420746,0.1307675540447235,0.16830463707447052,0.4469168782234192,0.9179142117500305,0.8659701347351074,0.3777216970920563,0.37205132842063904,0.4333944320678711,0.44574469327926636,0.33191338181495667,0.22389693558216095,0.10087744891643524,0.08339009433984756,0.08316826075315475,0.10034875571727753,0.14467564225196838,0.14793746173381805,0.17206718027591705,0.2359277904033661,0.2499135136604309,0.2792775630950928,0.2052977830171585,0.14256525039672852,443.70865318880715,613.496444949971,1170.515836791813,0.01215038609338747,0.0009688755962997675,220.0,230.0,225.0,253.0,263.0,258.0,3,pranayama
P4,-11.53600788116455,-15.515432357788086,-31.238924026489258,-37.22370910644531,-39.75067901611328,-38.19456100463867,-40.16755294799805,-41.99681091308594,-39.30418014526367,-42.17352294921875,-45.72578811645508,-47.25821304321289,-50.18943786621094,-50.92692947387695,-53.5824089050293,-55.884986877441406,-56.89667892456055,-59.54755401611328,-61.42938232421875,-63.78163528442383,-66.2685317993164,-68.46981048583984,-67.54891967773438,-69.36048126220703,-71.9051284790039,-73.13681030273438,-73.4083023071289,-72.35013580322266,-71.18596649169922,-71.7733383178711,-72.08025360107422,-73.2043685913086,2.9553494453430176,2.266451597213745,2.183126211166382,2.4020824432373047,2.214071273803711,2.3037705421447754,2.3624489307403564,2.277008056640625,2.4077110290527344,2.3023698329925537,2.2889256477355957,2.2059595584869385,2.098904848098755,2.3518624305725098,2.365405559539795,2.313253402709961,1.9864461421966553,2.0598223209381104,2.045064926147461,2.3280138969421387,2.2451701164245605,2.402815818786621,3.347728967666626,2.9646902084350586,1.9197943210601807,1.2288070917129517,1.1716570854187012,1.4868627786636353,2.0550475120544434,1.9438982009887695,1.8875887393951416,1.3137129545211792,-306.35693359375,90.08392333984375,16.363616943359375,6.574432373046875,12.38351058959961,9.112759590148926,10.444555282592773,9.847823143005371,8.114668846130371,6.738802909851074,5.2980546951293945,3.9939002990722656,3.1993954181671143,2.8449628353118896,2.673072099685669,2.4209675788879395,2.629124164581299,2.5895133018493652,2.1997246742248535,2.260180711746216,0.135866180062294,0.12642772495746613,0.16718581318855286,0.41786903142929077,0.8771214485168457,0.8458178043365479,0.3970191478729248,0.4052886366844177,0.4800924062728882,0.5073252320289612,0.36386555433273315,0.23258554935455322,0.0840529352426529,0.07754911482334137,0.09427578002214432,0.11937982589006424,0.1823434978723526,0.17768050730228424,0.17555323243141174,0.2447722852230072,0.25993168354034424,0.31229355931282043,0.22106771171092987,0.14324529469013214,447.92829749966256,592.6626962188225,1194.8444668046127,0.011960058367169374,0.0009713109466247261,230.0,240.0,235.0,263.0,273.0,268.0,3,pranayama
P4,-8.429163932800293,-12.345430374145508,-27.997177124023438,-33.651519775390625,-36.0434684753418,-34.69068145751953,-36.62709045410156,-38.45168685913086,-35.786441802978516,-38.79435729980469,-42.203975677490234,-43.67426300048828,-46.18129348754883,-46.846588134765625,-49.634422302246094,-52.31920623779297,-53.2855339050293,-55.907196044921875,-58.16212844848633,-60.668846130371094,-63.109130859375,-65.55121612548828,-65.55120849609375,-67.24992370605469,-68.94114685058594,-69.76863861083984,-69.8233871459961,-69.10689544677734,-68.47003936767578,-68.8465576171875,-69.05270385742188,-69.92059326171875,2.607818365097046,2.0508902072906494,2.245481491088867,2.207383871078491,2.0559701919555664,2.326573610305786,2.391566038131714,2.3483378887176514,2.4872679710388184,2.332399368286133,2.118222236633301,2.0628604888916016,2.3748691082000732,2.7199862003326416,2.310865879058838,2.017813205718994,1.9852827787399292,2.147768259048462,1.9050037860870361,2.282348394393921,1.9840065240859985,1.671637773513794,2.2746236324310303,2.1446139812469482,1.444993019104004,1.1741676330566406,1.0963214635849,1.3298959732055664,1.6145856380462646,1.5875029563903809,1.4209187030792236,1.1935831308364868,-287.6319274902344,91.28305053710938,15.656357765197754,5.438352108001709,13.030346870422363,9.286564826965332,9.538201332092285,9.930517196655273,7.698616027832031,6.496777057647705,3.8700430393218994,3.336876630783081,3.6526377201080322,2.687347650527954,2.6197032928466797,2.1289174556732178,2.0681967735290527,2.328704357147217,2.206423044204712,2.123760461807251,0.13994933664798737,0.1277386099100113,0.16853895783424377,0.4734767973423004,0.9021927118301392,0.8213503360748291,0.3783716559410095,0.399464875459671,0.4987788796424866,0.5144535899162292,0.3683388829231262,0.23229698836803436,0.08058162778615952,0.0728178545832634,0.0799848660826683,0.11569293588399887,0.17112994194030762,0.17484050989151,0.18045634031295776,0.24377913773059845,0.2800363600254059,0.3095489740371704,0.21865491569042206,0.13287274539470673,447.0772830919668,610.5487442901682,1185.5605964416025,0.011767464834686775,0.0009409735212102532,240.0,250.0,245.0,273.0,283.0,278.0,3,pranayama
P4,-7.1014084815979,-10.509513854980469,-26.23507308959961,-32.21486282348633,-34.72978973388672,-33.09952926635742,-35.092403411865234,-36.80760192871094,-34.628868103027344,-37.57859420776367,-40.80075454711914,-42.57659149169922,-44.422691345214844,-45.08210372924805,-48.190101623535156,-50.92396926879883,-51.66938400268555,-53.872764587402344,-56.17981719970703,-59.029945373535156,-61.30802917480469,-63.73746109008789,-65.12561798095703,-66.66351318359375,-67.48812866210938,-67.91561126708984,-67.84371185302734,-67.1063461303711,-66.63758850097656,-67.07142639160156,-67.53267669677734,-68.14561462402344,2.4641358852386475,2.1880099773406982,2.3607800006866455,2.3776116371154785,2.271904706954956,2.406114101409912,2.4556691646575928,2.1866860389709473,2.3006720542907715,2.158830165863037,2.0347750186920166,2.120408773422241,2.3704004287719727,2.260835886001587,2.0602171421051025,1.9139530658721924,2.002669334411621,2.1843557357788086,2.00760555267334,1.9757331609725952,1.9302637577056885,1.9938833713531494,2.0151469707489014,1.7888784408569336,1.2487553358078003,1.3703365325927734,1.4112985134124756,1.6506869792938232,2.0114083290100098,2.0223309993743896,1.795197606086731,1.6421829462051392,-278.83367919921875,90.9442138671875,15.846169471740723,5.361759185791016,13.808870315551758,9.076257705688477,8.935256958007812,10.676032066345215,7.042893409729004,6.562821865081787,4.362980365753174,3.7244327068328857,3.1150078773498535,2.805818796157837,2.4849531650543213,2.320683717727661,2.241683006286621,2.188819646835327,2.141843557357788,2.0760116577148438,0.1414691060781479,0.13200068473815918,0.17255531251430511,0.4809764325618744,0.9216912388801575,0.8314672112464905,0.35408321022987366,0.3651895225048065,0.45017209649086,0.4579238295555115,0.3247498571872711,0.21182796359062195,0.0915503203868866,0.0815645083785057,0.0920683741569519,0.11066120117902756,0.14877429604530334,0.15324339270591736,0.1685440093278885,0.23427632451057434,0.2786369323730469,0.3119444251060486,0.22291825711727142,0.1378478854894638,451.85604553109425,607.6759851725639,1198.5112513718414,0.012190037703016241,0.0009269738802686334,250.0,260.0,255.0,283.0,293.0,288.0,3,pranayama
P4,-6.151978015899658,-9.834243774414062,-25.25720977783203,-31.409526824951172,-34.05710220336914,-32.3074951171875,-34.13228225708008,-36.08103942871094,-33.75893783569336,-36.340736389160156,-39.93655014038086,-41.70925521850586,-43.709197998046875,-44.47123336791992,-47.61161422729492,-50.201271057128906,-51.14398193359375,-54.10968780517578,-56.226173400878906,-58.9781379699707,-61.407283782958984,-63.62485122680664,-64.42745208740234,-65.82450866699219,-66.30181121826172,-66.84226989746094,-66.55255126953125,-65.4605484008789,-65.35075378417969,-66.19409942626953,-66.35676574707031,-67.26119995117188,2.4517757892608643,2.282047748565674,2.246344566345215,2.3050143718719482,2.2303340435028076,2.255936861038208,2.3349623680114746,2.067342758178711,2.3854753971099854,2.1533498764038086,2.0553228855133057,2.335223913192749,2.2920339107513428,2.0943427085876465,2.0401992797851562,1.9605318307876587,1.9412307739257812,1.8825409412384033,1.7770235538482666,1.8417423963546753,1.7229667901992798,1.5202670097351074,1.633178472518921,1.733232021331787,1.5469954013824463,1.4579473733901978,1.7894293069839478,2.564743995666504,2.637362480163574,2.2520861625671387,2.1713109016418457,1.7639163732528687,-274.539794921875,90.72631072998047,17.282384872436523,4.344502925872803,13.207056045532227,10.141048431396484,8.539336204528809,10.786299705505371,7.283664226531982,6.5921807289123535,4.310549736022949,4.182922840118408,3.3140299320220947,2.363771915435791,2.404629707336426,2.096879243850708,2.200664758682251,2.348904848098755,2.285681962966919,1.9588220119476318,0.1443466693162918,0.12808890640735626,0.1668279469013214,0.45465174317359924,0.9150774478912354,0.8243577480316162,0.3712272346019745,0.38095808029174805,0.461235910654068,0.48416876792907715,0.35764721035957336,0.2349579632282257,0.10107564926147461,0.0877184271812439,0.08972838521003723,0.10937050729990005,0.1545715481042862,0.16677601635456085,0.18203367292881012,0.23572635650634766,0.2572331130504608,0.3023059368133545,0.22535772621631622,0.1504550576210022,465.8512191891733,628.3348703052494,1226.658777157282,0.01232485317575406,0.0009070339147001505,260.0,270.0,265.0,293.0,303.0,298.0,3,pranayama
P4,-5.64050817489624,-9.443025588989258,-24.899017333984375,-31.09447479248047,-33.7813720703125,-32.04153060913086,-33.88811111450195,-35.77191162109375,-33.42793273925781,-36.120819091796875,-39.08110046386719,-40.807395935058594,-43.01321792602539,-43.925743103027344,-46.75306701660156,-49.27772521972656,-50.26816177368164,-52.833011627197266,-54.83198547363281,-57.464237213134766,-59.896705627441406,-62.562862396240234,-63.98564529418945,-65.35411834716797,-65.98299407958984,-66.40541076660156,-66.41192626953125,-65.8902816772461,-65.48110961914062,-65.88001251220703,-66.3248519897461,-67.07271575927734,2.6291005611419678,2.2305691242218018,2.200126886367798,2.316342830657959,2.289264440536499,2.3813233375549316,2.3073384761810303,2.467890501022339,2.718996047973633,2.425708055496216,2.2418854236602783,2.67767596244812,3.3260796070098877,3.3170976638793945,3.124251365661621,3.030871868133545,2.9155030250549316,2.899134874343872,2.9853105545043945,3.0859084129333496,3.009281873703003,2.5589287281036377,2.2452242374420166,2.0131595134735107,1.7596913576126099,1.7225630283355713,1.6127389669418335,1.6791125535964966,1.9700829982757568,1.75971257686615,1.4001127481460571,1.3463187217712402,-271.4606018066406,90.87390899658203,15.34052848815918,5.270206451416016,13.76872730255127,9.597105979919434,9.162991523742676,10.957964897155762,7.017353057861328,6.3156304359436035,7.2235188484191895,3.7859671115875244,5.626141548156738,2.638601541519165,2.781754970550537,2.2743167877197266,2.2171123027801514,2.0805182456970215,2.372262954711914,2.0243990421295166,0.13097533583641052,0.12464067339897156,0.1698816567659378,0.4826280176639557,0.908393919467926,0.8015955090522766,0.36598360538482666,0.3838381767272949,0.47309982776641846,0.48424091935157776,0.3434959352016449,0.21522843837738037,0.07745285332202911,0.06935156881809235,0.08272826671600342,0.11930760741233826,0.16612347960472107,0.17238564789295197,0.18152552843093872,0.24019582569599152,0.27764973044395447,0.30674803256988525,0.2089787870645523,0.1244882345199585,448.83674176276395,616.2692820113109,1184.793955527318,0.011846768053944315,0.0009734274935908616,270.0,280.0,275.0,303.0,313.0,308.0,3,pranayama
P4,-7.3370137214660645,-11.527857780456543,-26.815366744995117,-32.80764389038086,-35.05569839477539,-33.44614791870117,-35.514617919921875,-37.34249496459961,-34.751670837402344,-37.520816802978516,-40.94032669067383,-42.724754333496094,-44.39945983886719,-44.96070098876953,-47.92552185058594,-50.85658645629883,-51.721839904785156,-54.2244873046875,-56.32270431518555,-58.54710006713867,-60.494903564453125,-62.90193176269531,-62.79685592651367,-65.11531829833984,-66.449951171875,-67.84178924560547,-67.75550842285156,-66.47290802001953,-65.48896026611328,-66.72146606445312,-67.27403259277344,-68.17910766601562,2.2478315830230713,2.3435823917388916,2.1773006916046143,2.2622873783111572,2.2033777236938477,2.303239583969116,2.272127151489258,2.3155384063720703,2.5415146350860596,2.3889434337615967,2.5758321285247803,3.0922300815582275,4.003662109375,4.151950359344482,4.287642002105713,3.936323881149292,4.0156378746032715,3.8296566009521484,4.076632976531982,4.435996055603027,4.447659969329834,3.7114105224609375,3.5573716163635254,2.837432622909546,2.453218698501587,2.4039199352264404,2.2475812435150146,2.390866756439209,2.8233604431152344,2.2491891384124756,1.7777671813964844,1.92122483253479,-277.9345703125,88.39601135253906,15.187948226928711,6.180764675140381,12.582559585571289,9.483213424682617,9.661359786987305,9.817646980285645,7.055966377258301,7.461455345153809,10.556771278381348,4.868418216705322,7.902406692504883,3.102208375930786,2.9936470985412598,2.437065362930298,2.140009880065918,2.4005534648895264,2.443804979324341,2.31708025932312,0.14591223001480103,0.14085884392261505,0.18505385518074036,0.451898455619812,0.9153573513031006,0.8365870714187622,0.39866992831230164,0.3986733853816986,0.4586198627948761,0.4762674570083618,0.3423115015029907,0.22528238594532013,0.09935267269611359,0.09408742189407349,0.09482674300670624,0.10592099279165268,0.15511856973171234,0.15701667964458466,0.16893628239631653,0.2181924730539322,0.2504924535751343,0.30335143208503723,0.21917805075645447,0.15031149983406067,473.8641973863839,662.0335837804524,1240.928517231356,0.011800319025522041,0.000995810842141509,280.0,290.0,285.0,313.0,323.0,318.0,3,pranayama
P4,-7.704886436462402,-12.793639183044434,-28.099504470825195,-34.05430603027344,-36.713539123535156,-35.120540618896484,-36.970489501953125,-38.98919677734375,-36.317344665527344,-39.179996490478516,-42.766151428222656,-44.69040298461914,-46.87745666503906,-47.483089447021484,-50.470489501953125,-53.2380485534668,-54.12885665893555,-56.5256233215332,-58.81487274169922,-61.07073974609375,-63.159114837646484,-65.09852600097656,-64.65990447998047,-67.3495864868164,-68.70215606689453,-69.63654327392578,-69.57177734375,-68.72819519042969,-67.77379608154297,-68.72139739990234,-69.33154296875,-70.05291748046875,2.7308783531188965,2.1933963298797607,2.4312944412231445,2.3123810291290283,2.2318642139434814,2.3304665088653564,2.4128098487854004,2.3142006397247314,2.3708062171936035,2.3839354515075684,2.1519644260406494,2.1109228134155273,2.3608219623565674,2.3030872344970703,1.9467177391052246,1.9093014001846313,1.8864699602127075,1.9881657361984253,1.8394898176193237,1.8998502492904663,2.066293478012085,2.090085506439209,2.546535015106201,1.9889731407165527,1.7743752002716064,1.5692481994628906,1.510369896888733,1.806232213973999,2.3884053230285645,1.9732186794281006,1.77462899684906,1.8194732666015625,-288.99359130859375,89.98973846435547,17.04515838623047,6.490139007568359,12.347606658935547,9.738036155700684,10.04568099975586,10.218908309936523,7.681260108947754,7.351266860961914,5.355717658996582,4.114372253417969,2.9486567974090576,2.4014384746551514,2.370837688446045,2.266880512237549,2.2236146926879883,2.353292942047119,2.1301932334899902,2.1640119552612305,0.21306198835372925,0.19510023295879364,0.236201211810112,0.4428110122680664,0.8948628902435303,0.8704834580421448,0.45077067613601685,0.4341493248939514,0.4588644504547119,0.46723881363868713,0.36597713828086853,0.28480827808380127,0.16084600985050201,0.14261068403720856,0.14681407809257507,0.1398037225008011,0.15249662101268768,0.15894770622253418,0.18873842060565948,0.25644123554229736,0.24477261304855347,0.2913977801799774,0.22429388761520386,0.1859232783317566,427.3600561853376,535.6072020917924,1170.5814400045458,0.011018615864269141,0.0010547689162194729,290.0,300.0,295.0,323.0,333.0,328.0,3,pranayama
P4,-5.718820571899414,-11.946778297424316,-26.9013671875,-33.16530227661133,-35.674964904785156,-33.838844299316406,-35.8981819152832,-37.928123474121094,-35.44752502441406,-38.0205192565918,-41.57489776611328,-43.68180847167969,-45.142295837402344,-45.61164093017578,-48.46753692626953,-51.28793716430664,-52.04357147216797,-54.366336822509766,-56.37345886230469,-59.137821197509766,-61.214046478271484,-63.553993225097656,-65.06089782714844,-66.62825012207031,-67.31880950927734,-67.79875183105469,-67.86827850341797,-67.58102416992188,-67.33865356445312,-67.76253509521484,-68.16779327392578,-68.77156829833984,2.5132029056549072,2.1856305599212646,2.267960548400879,2.5886974334716797,2.678830862045288,2.8852884769439697,2.883537769317627,2.744980812072754,2.8199784755706787,2.9816362857818604,2.8903605937957764,2.902884006500244,3.4162216186523438,3.1120359897613525,3.0525801181793213,3.3727824687957764,3.5104498863220215,3.3078606128692627,3.780932664871216,3.6465320587158203,3.7493491172790527,3.6966166496276855,3.4511537551879883,3.1900980472564697,2.969965696334839,2.5569565296173096,2.1121959686279297,1.8796628713607788,2.104527235031128,2.125387191772461,1.86314857006073,1.592857837677002,-281.3033752441406,89.97695922851562,15.495702743530273,6.884451866149902,13.766101837158203,9.743931770324707,9.373639106750488,10.964998245239258,7.7352166175842285,7.008613109588623,10.878087043762207,4.667732238769531,5.297750473022461,3.3561770915985107,2.89172101020813,2.3505702018737793,2.325368881225586,2.254075527191162,2.147246837615967,2.157649040222168,0.3308812081813812,0.3089728355407715,0.34965983033180237,0.5548226237297058,0.9013121128082275,0.8143298029899597,0.44090908765792847,0.4528809189796448,0.5199357867240906,0.5484991073608398,0.4592280685901642,0.39342570304870605,0.2281562238931656,0.18940547108650208,0.18487747013568878,0.1624295711517334,0.1538792848587036,0.1728549748659134,0.1817142367362976,0.23748964071273804,0.25305289030075073,0.3039853274822235,0.25461795926094055,0.23753802478313446,410.4092309266236,502.9826507214327,1133.8395533327512,0.010557524289443156,0.0011357013136148453,300.0,310.0,305.0,333.0,343.0,338.0,3,pranayama
P4,-8.339327812194824,-14.619364738464355,-29.914640426635742,-36.45159912109375,-38.95821762084961,-37.01259231567383,-38.378814697265625,-40.6077766418457,-38.650943756103516,-41.35271453857422,-44.154788970947266,-45.6458625793457,-44.76011276245117,-44.95170211791992,-48.045677185058594,-51.10475158691406,-52.468841552734375,-54.97504806518555,-57.62158203125,-60.03224182128906,-62.956626892089844,-66.34010314941406,-67.70018768310547,-68.99321746826172,-69.02786254882812,-69.69110107421875,-69.98704528808594,-69.23233032226562,-68.8992919921875,-70.00209045410156,-70.30620574951172,-70.97794342041016,2.6578969955444336,2.2003824710845947,2.397998094558716,2.458770751953125,2.142176866531372,2.3131933212280273,2.3972713947296143,2.1776793003082275,2.478349208831787,2.181116819381714,2.321302652359009,2.2580525875091553,3.4385294914245605,3.541520357131958,3.5400919914245605,3.279029130935669,2.9447150230407715,2.8336679935455322,2.6217923164367676,2.6781113147735596,2.4617154598236084,1.983828067779541,2.00905442237854,2.007312059402466,2.45845890045166,2.560600757598877,2.378410816192627,2.2501261234283447,2.0062496662139893,1.7868983745574951,1.7163887023925781,1.723862648010254,-292.0634765625,88.2822265625,11.34144115447998,6.011220455169678,16.90523338317871,11.447813987731934,7.797874450683594,10.415715217590332,7.609027862548828,8.031591415405273,6.688538074493408,4.012731075286865,5.451786041259766,2.4290950298309326,3.0184824466705322,2.652393102645874,2.621920108795166,2.373293399810791,2.288248300552368,2.392127752304077,0.3100672662258148,0.3018267750740051,0.3607034683227539,0.5855517387390137,0.9157889485359192,0.8327614665031433,0.44176244735717773,0.452888548374176,0.5207836627960205,0.5378275513648987,0.4388812184333801,0.36559027433395386,0.20431388914585114,0.17015448212623596,0.18340495228767395,0.15466755628585815,0.13354472815990448,0.15696698427200317,0.17560049891471863,0.23469142615795135,0.24940866231918335,0.2820768356323242,0.23944860696792603,0.2166292667388916,437.2388885668985,581.5213869453306,1174.977199875723,0.01050767655162413,0.0011792626464739442,310.0,320.0,315.0,343.0,353.0,348.0,3,pranayama
P4,-6.987884521484375,-13.258386611938477,-28.775972366333008,-35.10678482055664,-37.61250305175781,-35.86101531982422,-37.599853515625,-39.36311721801758,-37.201812744140625,-39.83380889892578,-42.08268737792969,-43.097721099853516,-40.53227233886719,-40.374210357666016,-43.48735809326172,-46.82771682739258,-48.84196472167969,-51.26856231689453,-54.23070526123047,-56.277015686035156,-59.35436248779297,-63.708953857421875,-64.68653106689453,-66.44190979003906,-68.14248657226562,-69.06671142578125,-68.98226165771484,-67.90157318115234,-67.8931655883789,-68.54804992675781,-68.8982162475586,-70.02146911621094,2.6944468021392822,2.1970407962799072,2.237504482269287,2.339083433151245,2.3988454341888428,2.388584613800049,2.5582263469696045,2.2133288383483887,2.6483097076416016,2.359323263168335,2.347371816635132,2.215083360671997,2.261350631713867,2.0162956714630127,2.0410237312316895,1.9544017314910889,1.934958815574646,1.9253355264663696,1.8305859565734863,1.7626497745513916,1.6298341751098633,1.5261571407318115,2.236654043197632,2.8403632640838623,2.064995765686035,1.6381385326385498,1.7468050718307495,2.240577459335327,2.1420607566833496,2.154057264328003,2.095348596572876,1.5487090349197388,-279.70794677734375,88.06385040283203,5.236698627471924,6.568887233734131,19.553253173828125,11.812125205993652,8.259554862976074,9.155166625976562,6.914870262145996,9.153929710388184,4.34847354888916,4.338466167449951,3.3414621353149414,2.4886844158172607,2.565061092376709,2.4198970794677734,2.173097848892212,2.397169589996338,2.3796730041503906,2.1010730266571045,0.2912136912345886,0.293293833732605,0.3593369424343109,0.5772871971130371,0.9258625507354736,0.8564176559448242,0.4679301381111145,0.46296995878219604,0.4763319194316864,0.46733495593070984,0.3916277587413788,0.3349294066429138,0.18148434162139893,0.16177013516426086,0.18181923031806946,0.16598521173000336,0.1315011829137802,0.1473386585712433,0.18031266331672668,0.24692651629447937,0.2398350089788437,0.26701119542121887,0.21999342739582062,0.19189907610416412,454.27958517078764,674.498860299449,1167.4679069820056,0.011146633918213458,0.0012051203520968556,320.0,330.0,325.0,353.0,363.0,358.0,3,pranayama
P4,-7.395949840545654,-13.820570945739746,-29.39913558959961,-35.79698944091797,-38.38076400756836,-36.308982849121094,-37.664154052734375,-39.4276123046875,-37.826072692871094,-40.24374771118164,-42.783878326416016,-43.81742858886719,-40.99310302734375,-41.10609436035156,-44.321380615234375,-47.56278991699219,-49.964454650878906,-52.44926452636719,-55.085784912109375,-57.119571685791016,-60.3033447265625,-64.88094329833984,-67.10846710205078,-69.11125183105469,-69.84666442871094,-70.3948974609375,-70.43338775634766,-69.89250946044922,-69.42732238769531,-70.05773162841797,-70.49137878417969,-71.14100646972656,2.6055853366851807,2.0789852142333984,2.2779335975646973,2.4805521965026855,2.2781436443328857,2.273435592651367,2.35601544380188,2.1453566551208496,2.4406380653381348,2.2011923789978027,2.1676392555236816,1.8625867366790771,2.0474114418029785,1.9807331562042236,1.7598069906234741,1.5919638872146606,1.6289095878601074,1.7395330667495728,1.695351481437683,1.4508247375488281,1.505332350730896,1.4388115406036377,1.6716041564941406,1.6119147539138794,1.3934885263442993,1.256052851676941,1.2600047588348389,1.5052661895751953,1.7243027687072754,1.7151029109954834,1.482627272605896,1.3100684881210327,-285.4159851074219,90.7441635131836,4.952630043029785,5.750624179840088,20.026945114135742,11.157328605651855,8.269400596618652,9.673934936523438,6.714948654174805,9.432745933532715,3.333876371383667,3.149981737136841,2.5336153507232666,2.384488344192505,2.2430362701416016,2.2271251678466797,2.1474947929382324,2.1971590518951416,2.149138927459717,2.0941648483276367,0.3134075701236725,0.31631600856781006,0.38570618629455566,0.5872983336448669,0.9292193055152893,0.8573427796363831,0.46203872561454773,0.4604560434818268,0.497973769903183,0.505240261554718,0.41698890924453735,0.35795316100120544,0.20408855378627777,0.18507786095142365,0.20839256048202515,0.17901180684566498,0.12808552384376526,0.14548525214195251,0.16481398046016693,0.23205776512622833,0.23300893604755402,0.26783689856529236,0.21687400341033936,0.2013787180185318,429.29028653392305,633.9804664841937,1114.0564742662016,0.010710466212296984,0.001217838958837092,330.0,340.0,335.0,363.0,373.0,368.0,3,pranayama
P4,-6.44698429107666,-13.266329765319824,-28.514612197875977,-34.899444580078125,-37.419925689697266,-35.431758880615234,-36.93727111816406,-38.41466522216797,-37.058616638183594,-39.60431671142578,-42.165042877197266,-43.054283142089844,-39.891605377197266,-39.99394226074219,-43.41533279418945,-46.48923873901367,-48.797000885009766,-51.21946716308594,-54.296424865722656,-56.24510192871094,-59.05973434448242,-63.897117614746094,-65.56240844726562,-67.8392333984375,-68.58990478515625,-69.49039459228516,-69.66854095458984,-69.08723449707031,-68.67174530029297,-69.43466186523438,-69.78779602050781,-70.52205657958984,2.465081214904785,2.351165533065796,2.2826340198516846,2.3758089542388916,2.268289089202881,2.3514931201934814,2.303483724594116,2.1560964584350586,2.4226040840148926,2.212914228439331,2.1845192909240723,1.9283782243728638,2.0617477893829346,1.967137098312378,1.770336627960205,1.7303367853164673,1.6055915355682373,1.709834098815918,1.5871732234954834,1.505472183227539,1.4948084354400635,1.5231165885925293,1.7064348459243774,1.4922858476638794,1.3921159505844116,1.267196536064148,1.3092701435089111,1.3386900424957275,1.604083776473999,1.4658093452453613,1.2424043416976929,1.099749207496643,-280.22149658203125,90.57257843017578,4.3577752113342285,6.3820600509643555,19.83213233947754,11.28712272644043,8.131142616271973,9.196881294250488,6.933615207672119,9.538744926452637,3.0743634700775146,3.0757269859313965,2.4007568359375,2.3017821311950684,2.3443081378936768,2.0690932273864746,2.122469663619995,2.161656379699707,2.053833484649658,1.9584399461746216,0.35168176889419556,0.3450518250465393,0.40396925806999207,0.5973514914512634,0.9119833111763,0.8175730109214783,0.44369566440582275,0.44274574518203735,0.4915190637111664,0.5083109140396118,0.43509232997894287,0.3887732923030853,0.220864936709404,0.19236145913600922,0.21491192281246185,0.18727032840251923,0.15295104682445526,0.16925184428691864,0.175059974193573,0.2281629890203476,0.2398059368133545,0.2814805209636688,0.23292002081871033,0.21914297342300415,423.0147468033564,623.1639038935615,1102.0626450910645,0.010324146244199537,0.0012321112444624305,340.0,350.0,345.0,373.0,383.0,378.0,3,pranayama
P4,-6.326780319213867,-13.323101043701172,-28.83395004272461,-35.19679641723633,-37.601226806640625,-35.53456497192383,-37.1016731262207,-38.75416946411133,-37.23937225341797,-39.935577392578125,-42.438438415527344,-43.392364501953125,-40.241580963134766,-40.44680404663086,-43.65782165527344,-46.441471099853516,-48.763832092285156,-51.4773063659668,-54.52629852294922,-56.429931640625,-59.38191604614258,-64.00297546386719,-66.24729919433594,-68.59732818603516,-69.25128173828125,-69.79158020019531,-69.99053955078125,-69.50686645507812,-69.19021606445312,-69.7790298461914,-70.15184783935547,-70.68788146972656,2.499699115753174,2.276812791824341,2.306926727294922,2.2995753288269043,2.1895644664764404,2.145535707473755,2.2191524505615234,2.1451451778411865,2.3755502700805664,2.063567638397217,2.034601926803589,1.9748609066009521,2.1067347526550293,1.9922783374786377,1.9441313743591309,1.8419747352600098,1.805632472038269,1.8891665935516357,1.9314223527908325,1.7771252393722534,2.0195815563201904,2.2072556018829346,2.5438292026519775,2.32558012008667,1.9737039804458618,1.493127703666687,1.4061909914016724,1.4122871160507202,1.503344178199768,1.3496114015579224,1.243107795715332,1.2078309059143066,-281.8247985839844,91.06571197509766,4.337679386138916,6.4248223304748535,20.353248596191406,11.029687881469727,8.043411254882812,9.45422649383545,7.072859287261963,9.642260551452637,4.307516098022461,3.619117021560669,2.775052547454834,2.898813247680664,2.1244559288024902,1.9675976037979126,2.0647032260894775,2.0849356651306152,1.9230486154556274,2.03470516204834,0.33745020627975464,0.33096596598625183,0.39492475986480713,0.5668143630027771,0.8858508467674255,0.849221408367157,0.47274425625801086,0.4629417955875397,0.5170896053314209,0.5487629175186157,0.45687368512153625,0.392238050699234,0.21420525014400482,0.1859932690858841,0.20159855484962463,0.18285296857357025,0.16184286773204803,0.17634688317775726,0.15891970694065094,0.228821262717247,0.2419203370809555,0.28658637404441833,0.23106244206428528,0.21661199629306793,416.22924513912676,600.4316360933875,1086.8092028381766,0.010753516531322506,0.0012685926631093025,350.0,360.0,355.0,383.0,393.0,388.0,3,pranayama
P4,-7.465523719787598,-14.098950386047363,-29.810260772705078,-35.94660949707031,-38.377838134765625,-36.680633544921875,-38.04093933105469,-40.02783203125,-38.39359664916992,-40.79221725463867,-43.215171813964844,-44.235137939453125,-41.46665954589844,-41.421913146972656,-44.3990592956543,-47.7052001953125,-49.65715789794922,-52.50407791137695,-55.45966720581055,-57.64153289794922,-60.55773162841797,-65.6650161743164,-68.21015167236328,-70.14466857910156,-70.56666564941406,-70.90416717529297,-71.14337158203125,-70.6004638671875,-70.30189514160156,-70.77752685546875,-71.20990753173828,-71.78690338134766,2.6620864868164062,2.1392178535461426,2.225822687149048,2.2789645195007324,2.2325382232666016,2.3901169300079346,2.53766131401062,2.193331241607666,2.451617479324341,2.2445733547210693,2.2423083782196045,2.088984251022339,2.148315191268921,2.074557304382324,1.8581442832946777,1.6101988554000854,1.5593340396881104,1.6981650590896606,1.5971076488494873,1.5138541460037231,1.4646245241165161,1.4480515718460083,1.4532499313354492,1.403611660003662,1.3304057121276855,1.2526428699493408,1.2690656185150146,1.485906958580017,1.6915966272354126,1.5286591053009033,1.2887449264526367,1.2595305442810059,-288.00604248046875,91.71414947509766,4.496847629547119,5.87957239151001,20.935461044311523,11.069662094116211,7.720215797424316,9.794148445129395,6.7408881187438965,9.182193756103516,3.277554512023926,2.9221062660217285,2.3854711055755615,2.269862174987793,2.2883262634277344,2.3241398334503174,2.050947904586792,2.20798659324646,2.117140531539917,2.0865015983581543,0.31478312611579895,0.31494349241256714,0.38679516315460205,0.6318098306655884,0.9144121408462524,0.8030754327774048,0.44106364250183105,0.4542083442211151,0.5132017731666565,0.5155900120735168,0.43741387128829956,0.36782586574554443,0.2106018364429474,0.1889515519142151,0.22205780446529388,0.18042126297950745,0.15636438131332397,0.16926585137844086,0.18241778016090393,0.23773683607578278,0.258438378572464,0.28396889567375183,0.2452785074710846,0.22039268910884857,417.63194801207686,605.4277389066125,1087.5041315030478,0.010550726870649651,0.0012658836785703897,360.0,370.0,365.0,393.0,403.0,398.0,3,pranayama
P4,-6.421624660491943,-13.01061725616455,-28.754863739013672,-34.87807846069336,-37.15498733520508,-35.36860656738281,-36.75954818725586,-38.699745178222656,-37.02605056762695,-39.56563186645508,-41.54578399658203,-42.696414947509766,-39.94811248779297,-39.89997100830078,-43.133827209472656,-46.430442810058594,-48.3572998046875,-51.02210998535156,-54.14616394042969,-56.62579345703125,-59.403282165527344,-64.24101257324219,-66.80272674560547,-68.66725158691406,-69.2424087524414,-69.67289733886719,-69.74812316894531,-69.3428955078125,-69.16836547851562,-69.64936065673828,-69.93350982666016,-70.5683364868164,2.5635809898376465,2.3165459632873535,2.2127366065979004,2.550478219985962,2.3754515647888184,2.4495859146118164,2.3773298263549805,2.173018455505371,2.408041000366211,2.097053289413452,2.1433348655700684,1.9503320455551147,2.163785696029663,2.0825040340423584,1.9563004970550537,1.6538792848587036,1.7358849048614502,1.7299352884292603,1.6784155368804932,1.6256800889968872,1.6703072786331177,1.705499529838562,1.739522099494934,1.737147569656372,1.5495036840438843,1.5219860076904297,1.534868597984314,1.5944997072219849,1.8013973236083984,1.7042497396469116,1.4557796716690063,1.282906413078308,-280.7012023925781,91.65015411376953,4.026982307434082,5.557602405548096,20.63646125793457,11.254586219787598,7.788456439971924,9.642090797424316,6.785242557525635,9.04769515991211,3.9243030548095703,3.4694197177886963,2.3741235733032227,2.4064247608184814,2.332566499710083,2.1910696029663086,2.103400707244873,2.3105831146240234,2.1892287731170654,2.0788488388061523,0.3664688766002655,0.35094529390335083,0.40835708379745483,0.6262531876564026,0.9325976967811584,0.8233069181442261,0.43026185035705566,0.4411236643791199,0.5164431929588318,0.5437510013580322,0.47843822836875916,0.42136895656585693,0.223563089966774,0.188312828540802,0.20529179275035858,0.17196817696094513,0.12754759192466736,0.1481284201145172,0.1611482948064804,0.2154722660779953,0.23583447933197021,0.272960901260376,0.24620671570301056,0.2326246052980423,422.0201344040103,628.4098118474478,1091.0633529387708,0.010701402987238979,0.0012481828453019261,370.0,380.0,375.0,403.0,413.0,408.0,3,pranayama
P4,-7.7613325119018555,-15.089619636535645,-30.3981876373291,-36.83970642089844,-39.009002685546875,-37.391624450683594,-38.84129333496094,-40.5667610168457,-38.89583969116211,-41.41116714477539,-43.63167190551758,-44.7281608581543,-41.85344696044922,-41.92138671875,-45.16517639160156,-48.428627014160156,-50.27112579345703,-52.92005157470703,-55.900394439697266,-58.181880950927734,-61.1370849609375,-65.68844604492188,-67.91230773925781,-70.02508544921875,-70.67875671386719,-71.4111099243164,-71.58785247802734,-70.85723876953125,-70.27133178710938,-70.89765167236328,-71.29932403564453,-72.16304016113281,2.4948177337646484,2.3028438091278076,2.3016440868377686,2.6606576442718506,2.257936954498291,2.4111013412475586,2.434051513671875,2.1424529552459717,2.489461898803711,2.287172794342041,2.3039636611938477,2.103531837463379,2.2113356590270996,1.9480005502700806,1.7324061393737793,1.8172358274459839,1.7704200744628906,1.9758671522140503,2.008180618286133,1.9089397192001343,1.9166640043258667,2.0581603050231934,2.4756054878234863,2.3722126483917236,2.0762691497802734,1.6448625326156616,1.7299613952636719,1.8973299264907837,2.194530487060547,2.083578586578369,1.8882158994674683,1.710206151008606,-290.46807861328125,90.61367797851562,4.6172590255737305,5.9954423904418945,20.56547737121582,11.222654342651367,8.241085052490234,9.65526294708252,6.842288970947266,9.375747680664062,5.527672290802002,4.028591156005859,2.3948235511779785,2.725651264190674,2.504462242126465,2.2758114337921143,2.2048428058624268,2.231691360473633,2.1121668815612793,2.0375027656555176,0.3521535098552704,0.3497404158115387,0.4274316728115082,0.5931316018104553,0.8782600164413452,0.8068203926086426,0.4575502276420593,0.4561249911785126,0.5380243062973022,0.5945742726325989,0.5002796649932861,0.42360877990722656,0.21119366586208344,0.18765679001808167,0.2292940467596054,0.21546420454978943,0.1741417795419693,0.18950791656970978,0.17182175815105438,0.23547641932964325,0.24667057394981384,0.30309873819351196,0.24645720422267914,0.21920685470104218,420.79670433159293,604.2536547455046,1102.3655737479871,0.010151944968097447,0.0013050456764176488,380.0,390.0,385.0,413.0,423.0,418.0,3,pranayama
P4,-5.997194766998291,-12.601680755615234,-27.906740188598633,-34.46903610229492,-37.23382568359375,-35.6519775390625,-37.304500579833984,-39.18940353393555,-36.82297134399414,-39.24876022338867,-42.320552825927734,-44.79197311401367,-44.58992004394531,-44.677730560302734,-47.45438766479492,-50.782527923583984,-52.586849212646484,-55.03677749633789,-57.42765808105469,-59.69384765625,-62.340213775634766,-64.85469055175781,-64.47432708740234,-66.47241973876953,-67.984130859375,-69.48572540283203,-69.45108795166016,-68.69515991210938,-67.37312316894531,-68.23725891113281,-68.69962310791016,-69.49237060546875,2.4592809677124023,2.176360845565796,2.1175804138183594,2.3303842544555664,2.1911659240722656,2.282416820526123,2.4857776165008545,2.24552321434021,2.4408469200134277,2.1585161685943604,2.054654121398926,1.8882006406784058,2.0726242065429688,2.0193369388580322,1.91599702835083,1.821618914604187,1.6925015449523926,1.846819281578064,1.6740137338638306,1.6644468307495117,1.7247037887573242,1.7444686889648438,2.017068862915039,1.895241379737854,1.6514142751693726,1.3489220142364502,1.3919397592544556,1.331505298614502,1.5964033603668213,1.4729901552200317,1.4421080350875854,1.3310551643371582,-285.202392578125,89.26004028320312,13.909379005432129,6.547848224639893,15.591806411743164,11.376338958740234,9.982181549072266,9.553669929504395,8.448543548583984,8.380452156066895,3.8758389949798584,3.3609750270843506,2.6087310314178467,2.2260189056396484,2.2956879138946533,2.0931386947631836,2.1019346714019775,2.0488345623016357,2.042548179626465,2.006422996520996,0.3486299514770508,0.33002862334251404,0.3868918716907501,0.6098467707633972,0.9159539341926575,0.8063437342643738,0.4239959418773651,0.4374575912952423,0.5136290192604065,0.5372274518013,0.4673120975494385,0.40560269355773926,0.22230510413646698,0.17587371170520782,0.1840195208787918,0.16465574502944946,0.15401260554790497,0.16115035116672516,0.1656440943479538,0.2286468744277954,0.2572931945323944,0.29004910588264465,0.25815752148628235,0.2359934151172638,388.12133921030113,432.9372892800174,1112.979297510074,0.00982340305974478,0.0012357515515759587,390.0,400.0,395.0,423.0,433.0,428.0,3,pranayama
P4,-6.7556328773498535,-13.70408821105957,-29.156675338745117,-35.71302795410156,-37.988311767578125,-36.54265213012695,-38.627708435058594,-40.4807243347168,-38.2952995300293,-40.8236083984375,-43.34181594848633,-45.87632369995117,-45.85199737548828,-46.02592468261719,-49.00114822387695,-51.992095947265625,-53.71713638305664,-56.45886993408203,-58.91608428955078,-61.52048110961914,-64.0846939086914,-67.32874298095703,-68.91419219970703,-70.32085418701172,-70.76464080810547,-71.05474853515625,-70.90616607666016,-70.46784210205078,-70.3343505859375,-70.57152557373047,-70.94021606445312,-71.5433349609375,2.585566759109497,2.1012542247772217,2.2573137283325195,2.552689790725708,2.2396774291992188,2.315840244293213,2.2193894386291504,2.146862506866455,2.611950635910034,2.312230110168457,2.140798330307007,2.0869460105895996,2.0704405307769775,1.9806607961654663,1.9021495580673218,1.647568941116333,1.6555299758911133,1.740670084953308,1.810876727104187,1.6926177740097046,1.6487678289413452,1.6316817998886108,1.5513498783111572,1.496979832649231,1.4970980882644653,1.41775381565094,1.4046047925949097,1.4613945484161377,1.629321575164795,1.5683269500732422,1.4718509912490845,1.3229278326034546,-294.8672180175781,92.34115600585938,13.762974739074707,5.556002140045166,16.996644973754883,11.363238334655762,8.877189636230469,10.76698112487793,7.72868537902832,7.751148223876953,4.08521032333374,3.0749104022979736,2.2237184047698975,2.4151952266693115,2.2099802494049072,2.1144208908081055,2.083965539932251,2.1298954486846924,2.03974986076355,2.1158623695373535,0.3654489517211914,0.3524875044822693,0.40824025869369507,0.5963004231452942,0.9015382528305054,0.8286082744598389,0.45893365144729614,0.46974465250968933,0.5158594846725464,0.5267454981803894,0.4538947641849518,0.40602603554725647,0.2383122742176056,0.19320540130138397,0.20771878957748413,0.18215161561965942,0.14499717950820923,0.163157120347023,0.17043624818325043,0.2325209677219391,0.2537601888179779,0.29341456294059753,0.25453880429267883,0.24513503909111023,367.1589810968168,404.7842499274942,1055.3950229711709,0.009815472737819025,0.001271275570616126,400.0,410.0,405.0,433.0,443.0,438.0,3,pranayama
P4,-7.1793012619018555,-14.000675201416016,-29.38727378845215,-35.74168014526367,-38.78590774536133,-36.55388641357422,-38.4388427734375,-40.341922760009766,-37.913597106933594,-40.622318267822266,-43.965660095214844,-45.607967376708984,-45.44321060180664,-46.15605163574219,-48.95869827270508,-51.61164093017578,-53.02109909057617,-55.755287170410156,-57.80158233642578,-60.3390998840332,-63.306697845458984,-66.02348327636719,-67.9273681640625,-69.46429443359375,-69.80638122558594,-70.47420501708984,-70.45410919189453,-69.58819580078125,-69.60958099365234,-70.20774841308594,-70.58129119873047,-71.2559585571289,2.6224491596221924,2.211310386657715,2.427887201309204,2.5504543781280518,2.303784132003784,2.4797415733337402,2.4079740047454834,2.3280200958251953,2.663066864013672,2.4921743869781494,2.389775037765503,2.5247974395751953,2.4892659187316895,2.372159957885742,2.6187868118286133,2.570570468902588,2.7331457138061523,2.623577833175659,2.9369471073150635,2.7319130897521973,3.071277618408203,3.1582977771759033,2.8846383094787598,2.802150249481201,2.720897912979126,2.358018398284912,2.146566152572632,2.543999671936035,2.380296230316162,1.8959623575210571,1.7625514268875122,1.6612132787704468,-292.7996520996094,90.30327606201172,12.722091674804688,6.426319599151611,16.471519470214844,10.822893142700195,8.926755905151367,11.151755332946777,7.746870994567871,7.993965148925781,8.125191688537598,4.800588130950928,4.317032337188721,2.965102195739746,2.381666898727417,2.1412785053253174,2.190629482269287,2.3347949981689453,2.3882179260253906,2.159141778945923,0.335640013217926,0.33788853883743286,0.4115992784500122,0.6125816702842712,0.9151904582977295,0.836124837398529,0.43673983216285706,0.43279486894607544,0.4929533898830414,0.5157762765884399,0.44185030460357666,0.3839999735355377,0.20541296899318695,0.18149319291114807,0.22383496165275574,0.19703494012355804,0.15455469489097595,0.16664668917655945,0.16720128059387207,0.23085391521453857,0.24443022906780243,0.27438563108444214,0.22742407023906708,0.20953676104545593,394.0245722958202,467.63522331786544,1101.7585931010217,0.010151944968097447,0.0012522427132353187,410.0,420.0,415.0,443.0,453.0,448.0,3,pranayama
P4,-7.5996928215026855,-14.406221389770508,-29.87452507019043,-36.20458221435547,-39.21947479248047,-37.29468536376953,-38.93439865112305,-40.867794036865234,-38.587013244628906,-41.38054656982422,-44.32325744628906,-46.24176025390625,-46.13739776611328,-46.57929229736328,-49.57877731323242,-52.507110595703125,-54.19068908691406,-56.754005432128906,-58.896915435791016,-61.31657791137695,-64.35851287841797,-67.42127990722656,-69.32333374023438,-70.8589096069336,-71.4150390625,-71.68524932861328,-71.5083236694336,-70.82939147949219,-70.4181900024414,-70.71576690673828,-71.24620056152344,-71.90473937988281,2.668663501739502,2.404930830001831,2.2021355628967285,2.3757240772247314,2.3676626682281494,2.362133741378784,2.3223283290863037,2.1481568813323975,2.465507984161377,2.3631575107574463,2.074005365371704,2.029916524887085,2.136388063430786,2.0719449520111084,1.8666783571243286,1.7340872287750244,1.7229634523391724,1.8800921440124512,1.8760782480239868,1.9712625741958618,1.8150373697280884,1.9766110181808472,1.580384373664856,1.5817627906799316,1.3521074056625366,1.256516456604004,1.359513759613037,1.614705204963684,1.9711039066314697,1.871271014213562,1.5635230541229248,1.345730185508728,-297.44085693359375,91.58119201660156,13.321664810180664,5.533242702484131,17.141319274902344,10.716525077819824,9.143428802490234,11.131111145019531,7.46174430847168,8.159784317016602,3.87454891204834,3.5329177379608154,2.6392486095428467,2.7243080139160156,2.350019931793213,2.304485559463501,2.125342845916748,2.1461691856384277,2.2399802207946777,2.1472320556640625,0.3476922810077667,0.3356804847717285,0.39864644408226013,0.5753703713417053,0.8906276822090149,0.8263391852378845,0.44762536883354187,0.44818127155303955,0.5052227973937988,0.5366718769073486,0.4563308358192444,0.3992486894130707,0.21355611085891724,0.1908627301454544,0.21950776875019073,0.19800527393817902,0.17254002392292023,0.18397009372711182,0.16199952363967896,0.23471571505069733,0.2454058676958084,0.28618061542510986,0.23605100810527802,0.21869555115699768,378.0584945323885,428.3908357199826,1080.8677125123052,0.009827934672273782,0.0012402260908856988,420.0,430.0,425.0,453.0,463.0,458.0,3,pranayama
P4,-7.5955915451049805,-14.702045440673828,-29.796703338623047,-36.34587860107422,-39.28911590576172,-37.42206573486328,-38.93952178955078,-40.96429443359375,-39.01447677612305,-41.5448112487793,-44.32535171508789,-46.514957427978516,-46.363914489746094,-46.63929748535156,-49.622379302978516,-52.576900482177734,-54.47266387939453,-57.258182525634766,-59.17732238769531,-61.49103546142578,-64.4012680053711,-67.39749145507812,-68.08971405029297,-70.19355773925781,-71.16439056396484,-71.766845703125,-71.73793029785156,-71.18167877197266,-70.5933837890625,-71.09232330322266,-71.60861206054688,-72.2808837890625,2.735814094543457,2.3369033336639404,2.372360944747925,2.45505428314209,2.3443214893341064,2.5940420627593994,2.5660927295684814,2.420443296432495,2.6785213947296143,2.3829824924468994,2.2471866607666016,2.087777614593506,2.2015833854675293,2.3621914386749268,2.2078821659088135,1.8475651741027832,1.8343346118927002,1.9405126571655273,1.8703029155731201,2.040231466293335,2.004873514175415,2.1531684398651123,2.325345754623413,1.959457278251648,1.7419291734695435,1.6331474781036377,1.6666074991226196,1.8621379137039185,2.1325793266296387,2.0482144355773926,1.7749139070510864,1.6961559057235718,-297.9685363769531,91.45651245117188,13.168318748474121,6.319999694824219,16.37155532836914,11.086038589477539,9.459202766418457,10.323978424072266,7.793116092681885,8.379311561584473,5.550391674041748,4.176453113555908,2.736980676651001,2.789665460586548,2.2796056270599365,2.2544138431549072,2.2637553215026855,2.2924747467041016,2.1858389377593994,2.205875873565674,0.3847998380661011,0.37157726287841797,0.4184523820877075,0.6200143098831177,0.8989914059638977,0.8063424825668335,0.45416465401649475,0.4832649528980255,0.5653157830238342,0.5847922563552856,0.4954740107059479,0.4329238533973694,0.23875591158866882,0.20034253597259521,0.21640902757644653,0.18609541654586792,0.1681566834449768,0.17620159685611725,0.17887714505195618,0.22945372760295868,0.25388264656066895,0.29336681962013245,0.2477494180202484,0.23646840453147888,375.96306107788126,423.8693626740139,1071.0841034596817,0.009364577291183295,0.0012706222478300333,430.0,440.0,435.0,463.0,473.0,468.0,3,pranayama
P4,-6.752823352813721,-13.822369575500488,-29.264530181884766,-35.65642547607422,-38.13228988647461,-36.46857452392578,-38.275665283203125,-40.166255950927734,-37.85448455810547,-40.57058334350586,-43.6602668762207,-45.666748046875,-45.444637298583984,-45.92068862915039,-49.01048278808594,-51.911869049072266,-53.74238586425781,-56.29336166381836,-58.62774658203125,-60.88825225830078,-63.81636428833008,-67.11345672607422,-68.44873809814453,-70.40449523925781,-70.9813003540039,-71.26537322998047,-71.21847534179688,-70.65090942382812,-70.41609954833984,-70.91010284423828,-71.23945617675781,-71.76976776123047,2.5794901847839355,2.1433916091918945,2.0783092975616455,2.398790121078491,2.243128776550293,2.2651021480560303,2.362762689590454,2.185134172439575,2.512540340423584,2.1666319370269775,2.217024087905884,1.9452804327011108,2.1030917167663574,2.0522730350494385,1.740113377571106,1.7132506370544434,1.6546934843063354,1.885095238685608,1.759550929069519,1.8426792621612549,1.8870856761932373,1.9895719289779663,1.939630389213562,1.7893329858779907,1.6554911136627197,1.580024003982544,1.5455601215362549,1.5802991390228271,1.6351369619369507,1.5308812856674194,1.4707695245742798,1.4154796600341797,-294.5744934082031,92.78109741210938,12.973628044128418,5.771246433258057,16.69285774230957,10.86386775970459,9.165870666503906,10.845236778259277,7.620649814605713,8.142024993896484,4.539769172668457,3.44522762298584,2.2515618801116943,2.421922445297241,2.2174363136291504,2.1836299896240234,2.20116925239563,2.2611260414123535,2.1464312076568604,1.9597134590148926,0.334368497133255,0.3452276885509491,0.4262065887451172,0.6298760771751404,0.9166926145553589,0.8139902353286743,0.44413337111473083,0.4467284083366394,0.5015958547592163,0.5162379741668701,0.4268503189086914,0.3715392053127289,0.21641932427883148,0.1875104159116745,0.2026069313287735,0.180739164352417,0.1556825488805771,0.1682809591293335,0.18392537534236908,0.24398119747638702,0.2518693804740906,0.27808430790901184,0.22483713924884796,0.2143470048904419,365.8831911666867,417.49933158715197,1045.89369601488,0.009339653422273782,0.0012747286818921566,440.0,450.0,445.0,473.0,483.0,478.0,3,pranayama
P4,-6.876399517059326,-13.585661888122559,-29.396095275878906,-35.60768508911133,-38.065223693847656,-36.5095100402832,-38.423397064208984,-40.13067626953125,-37.825828552246094,-40.482582092285156,-43.653968811035156,-45.82266616821289,-45.407318115234375,-45.83615493774414,-48.751014709472656,-51.70105743408203,-53.45865249633789,-56.35065460205078,-58.45254898071289,-60.66566848754883,-63.74724578857422,-67.17930603027344,-68.90079498291016,-70.42109680175781,-70.77518463134766,-71.09123992919922,-70.93002319335938,-70.12389373779297,-69.8877944946289,-70.4094467163086,-70.90081787109375,-71.5342025756836,2.591111421585083,2.1421217918395996,2.334749698638916,2.3146920204162598,2.2247071266174316,2.337334394454956,2.432145833969116,2.2635011672973633,2.514317512512207,2.514167308807373,2.216930389404297,1.9927878379821777,1.954262137413025,1.913387656211853,1.9153196811676025,1.7353423833847046,1.7753193378448486,1.8386794328689575,1.7863752841949463,1.9308453798294067,1.9709300994873047,2.119611978530884,1.980059266090393,1.9427006244659424,1.8417950868606567,1.6700657606124878,1.6846240758895874,1.977178931236267,2.022115468978882,1.69019615650177,1.454055666923523,1.3626552820205688,-293.962646484375,92.19207000732422,13.231266021728516,5.433370113372803,17.088481903076172,10.913789749145508,8.780200004577637,11.188382148742676,7.472809314727783,8.231337547302246,4.941713809967041,3.800168514251709,2.2450084686279297,2.4548513889312744,2.277602434158325,2.2638628482818604,2.1756510734558105,2.2935476303100586,1.9889510869979858,2.037449359893799,0.35094329714775085,0.3462458848953247,0.41356948018074036,0.6024768352508545,0.8925755620002747,0.7909829616546631,0.42624330520629883,0.44707536697387695,0.5332826972007751,0.5757566094398499,0.4801471531391144,0.408063679933548,0.21532119810581207,0.1865939199924469,0.21244511008262634,0.19675225019454956,0.1686972826719284,0.17854416370391846,0.16848255693912506,0.23846197128295898,0.26173654198646545,0.3059357702732086,0.2571013271808624,0.2319822460412979,372.73796311390913,423.2198693082947,1064.1452670965114,0.009806409512761021,0.0012433705851435661,450.0,460.0,455.0,483.0,493.0,488.0,3,pranayama
P4,-7.792288780212402,-14.877305030822754,-30.07693862915039,-36.40887451171875,-39.38652038574219,-37.603267669677734,-39.33906555175781,-41.172340393066406,-38.7518310546875,-41.664493560791016,-44.431278228759766,-46.55716323852539,-46.478271484375,-46.7318000793457,-49.90312194824219,-52.649200439453125,-54.38734436035156,-57.48637390136719,-59.54140853881836,-61.81454849243164,-64.54301452636719,-67.99994659423828,-69.8853988647461,-71.48078918457031,-71.81206512451172,-72.12818145751953,-71.9910888671875,-71.32317352294922,-71.05667114257812,-71.57830810546875,-71.8929443359375,-72.46109771728516,2.7491908073425293,2.256054639816284,2.2765517234802246,2.4092748165130615,2.2099928855895996,2.3370726108551025,2.3823158740997314,2.19512677192688,2.5118894577026367,2.246920585632324,2.131985664367676,2.051513433456421,2.006133556365967,1.952028751373291,1.8539963960647583,1.6466288566589355,1.674741268157959,1.8146013021469116,1.6610137224197388,1.7496358156204224,1.7948346138000488,1.839524745941162,1.6909202337265015,1.5546504259109497,1.511109471321106,1.4237862825393677,1.397557020187378,1.6463539600372314,1.8441210985183716,1.572986125946045,1.3650702238082886,1.28450345993042,-299.67291259765625,92.33717346191406,13.109254837036133,5.436781883239746,17.060832977294922,10.947885513305664,9.085147857666016,11.027971267700195,7.472740650177002,8.14355182647705,3.9592301845550537,3.287868022918701,2.317279100418091,2.3411941528320312,2.1391491889953613,2.280418872833252,2.2048652172088623,2.18986439704895,2.192352533340454,2.0639216899871826,0.35586246848106384,0.3612649440765381,0.4437440037727356,0.6406539082527161,0.908367395401001,0.7928147315979004,0.43641209602355957,0.4419834613800049,0.49263450503349304,0.5083144903182983,0.43700557947158813,0.3911330997943878,0.21960292756557465,0.1955702006816864,0.23412185907363892,0.20925146341323853,0.16791009902954102,0.18633680045604706,0.17445719242095947,0.2380700707435608,0.2501009404659271,0.2769017815589905,0.22686688601970673,0.21596281230449677,373.9326019453121,428.1160500652552,1063.0764442726702,0.009697650812064966,0.0012284729164093733,460.0,470.0,465.0,493.0,503.0,498.0,3,pranayama
P4,-6.3186516761779785,-13.058425903320312,-28.256738662719727,-35.03348922729492,-37.715576171875,-35.76472854614258,-37.47191619873047,-39.410823822021484,-37.080406188964844,-39.94651794433594,-43.0769157409668,-45.111602783203125,-44.62561798095703,-45.10677719116211,-47.976036071777344,-50.93171310424805,-52.26765060424805,-54.88758087158203,-56.93876266479492,-59.214866638183594,-62.31320571899414,-65.28494262695312,-67.09182739257812,-68.98966217041016,-69.6117935180664,-70.13138580322266,-70.0147705078125,-69.19207763671875,-68.54164123535156,-68.90435028076172,-69.45673370361328,-70.1934814453125,2.687141180038452,2.1440811157226562,2.114129066467285,2.47365665435791,2.105285406112671,2.2999913692474365,2.441868543624878,2.098032236099243,2.5360686779022217,2.316513776779175,2.242882251739502,2.07865571975708,2.163038730621338,1.970114827156067,1.7840707302093506,1.7471473217010498,1.874099612236023,2.1093358993530273,2.3994243144989014,2.417637348175049,2.4236607551574707,2.4722893238067627,2.308056592941284,2.1547837257385254,1.8422865867614746,1.3810685873031616,1.5249757766723633,1.9082669019699097,2.2691001892089844,2.1277170181274414,1.7141101360321045,1.4958311319351196,-288.1319885253906,90.56172180175781,12.90894889831543,6.2048821449279785,17.16980743408203,10.10057544708252,9.267114639282227,11.013694763183594,7.498290538787842,8.41905403137207,4.813300132751465,4.339837074279785,2.8009729385375977,3.041746139526367,2.4266958236694336,2.371281862258911,2.39426851272583,2.3709118366241455,2.1498095989227295,2.098890781402588,0.335686057806015,0.34383949637413025,0.42513376474380493,0.6175117492675781,0.923237144947052,0.8277196884155273,0.44168147444725037,0.43148544430732727,0.4831670820713043,0.5071303248405457,0.4241667091846466,0.37278977036476135,0.20979678630828857,0.1857113540172577,0.20350702106952667,0.17738653719425201,0.13833124935626984,0.15976601839065552,0.16743236780166626,0.22677728533744812,0.24381262063980103,0.2820964455604553,0.2236814945936203,0.20521074533462524,388.0952009915233,445.3026437427494,1101.073350658091,0.009722574680974478,0.0012172659626230597,470.0,480.0,475.0,503.0,513.0,508.0,3,pranayama
P4,-5.735177040100098,-12.117637634277344,-27.726980209350586,-33.9839973449707,-37.07231521606445,-35.099143981933594,-36.667171478271484,-38.83222961425781,-36.635433197021484,-39.32172775268555,-42.57542419433594,-44.39556121826172,-43.75180435180664,-44.356990814208984,-47.393619537353516,-50.46865463256836,-52.21211242675781,-54.79574966430664,-56.75996017456055,-58.97456741333008,-61.63796615600586,-63.71027755737305,-62.05763244628906,-65.24234771728516,-67.13053894042969,-69.52730560302734,-69.60578918457031,-68.61491394042969,-67.47454071044922,-67.44232940673828,-67.49518585205078,-68.86371612548828,2.652580499649048,2.2561469078063965,2.293743133544922,2.437594413757324,2.204960823059082,2.4384210109710693,2.357231378555298,2.3276031017303467,2.430086135864258,2.055114269256592,2.1006581783294678,1.986562967300415,2.1719093322753906,1.8621457815170288,1.738048791885376,1.7088772058486938,1.7202298641204834,1.9276827573776245,1.662807583808899,1.7596017122268677,1.8248958587646484,1.674893856048584,2.1470000743865967,1.8719203472137451,1.4876704216003418,1.0284209251403809,1.109389305114746,1.4673320055007935,1.6980674266815186,1.5949198007583618,1.6781483888626099,1.396807074546814,-282.4324035644531,88.41690063476562,13.735793113708496,7.542015552520752,15.260370254516602,10.712884902954102,11.052449226379395,8.097658157348633,8.823102951049805,8.756484985351562,3.7392492294311523,3.4542293548583984,2.2877445220947266,2.3548924922943115,2.4265174865722656,2.3908989429473877,2.2302284240722656,2.3627727031707764,2.2352492809295654,1.9657119512557983,0.3242243528366089,0.31656020879745483,0.3736127018928528,0.6237899661064148,0.9311822652816772,0.8161979913711548,0.44014233350753784,0.4565356373786926,0.5146337747573853,0.5144023299217224,0.4385177493095398,0.37375468015670776,0.1954251229763031,0.15912695229053497,0.17994731664657593,0.15807309746742249,0.14344872534275055,0.1540917158126831,0.17480166256427765,0.23335756361484528,0.25568902492523193,0.27370062470436096,0.23440209031105042,0.211563378572464,402.030292840615,457.3682320366879,1139.4086768380046,0.010153077871229698,0.001202687039040029,480.0,490.0,485.0,513.0,523.0,518.0,3,pranayama
P4,-6.3617048263549805,-13.081402778625488,-28.449132919311523,-34.922725677490234,-37.38593292236328,-35.65093231201172,-37.412620544433594,-39.25436019897461,-37.35490798950195,-40.159400939941406,-42.72583770751953,-44.33806610107422,-44.002899169921875,-44.184608459472656,-47.426544189453125,-50.24746322631836,-52.015995025634766,-54.64717483520508,-56.743900299072266,-58.97392654418945,-62.138397216796875,-65.8155288696289,-67.26398468017578,-69.32242584228516,-70.01607513427734,-70.45442199707031,-70.50440216064453,-70.04891204833984,-69.70441436767578,-70.14226531982422,-70.48217010498047,-71.07157135009766,2.4988138675689697,2.0972249507904053,2.2669155597686768,2.2734975814819336,2.2527873516082764,2.31010103225708,2.3523144721984863,2.291433095932007,2.5537915229797363,2.193706750869751,2.4902725219726562,2.99985408782959,3.11091947555542,3.6013669967651367,3.5147883892059326,3.403473377227783,3.4322187900543213,3.4561238288879395,3.8148179054260254,4.006621360778809,4.048836708068848,3.4796369075775146,3.3310844898223877,2.7389562129974365,2.121760368347168,1.8997522592544556,1.62727689743042,1.5123579502105713,1.5729588270187378,1.3352402448654175,1.191139817237854,1.153481125831604,-288.5533142089844,92.42364501953125,10.83574390411377,6.323904991149902,17.468109130859375,10.552591323852539,9.019277572631836,10.464698791503906,7.246726989746094,8.185001373291016,8.857793807983398,3.701157808303833,6.765537738800049,3.40728497505188,2.4981954097747803,2.3779757022857666,2.0864555835723877,2.252610206604004,2.443162441253662,2.129467487335205,0.3341640830039978,0.33264482021331787,0.40553390979766846,0.5770983695983887,0.9052901268005371,0.8582584261894226,0.4712315797805786,0.4495830833911896,0.4910338521003723,0.5213019251823425,0.4418673813343048,0.38603267073631287,0.21670065820217133,0.1902523934841156,0.2043456882238388,0.1846998631954193,0.1493573635816574,0.1635630875825882,0.1680775135755539,0.23174604773521423,0.23163974285125732,0.279279887676239,0.2304244488477707,0.21940486133098602,378.8618449619505,475.4541242205626,1050.3380807548272,0.009849459831786542,0.0012475018156692386,490.0,500.0,495.0,523.0,533.0,528.0,3,pranayama
P4,-8.130754470825195,-15.176091194152832,-30.348085403442383,-36.861854553222656,-39.69939041137695,-37.819766998291016,-39.697776794433594,-41.80693054199219,-39.6926383972168,-42.37866973876953,-45.30015563964844,-47.41541290283203,-48.258792877197266,-48.3775520324707,-50.7756233215332,-53.92483901977539,-54.88447189331055,-57.420509338378906,-59.39569091796875,-61.875797271728516,-64.36382293701172,-67.62642669677734,-69.17587280273438,-70.9618148803711,-71.36652374267578,-72.07134246826172,-71.29560852050781,-70.20393371582031,-71.00493621826172,-71.72856140136719,-72.16776275634766,-72.52124786376953,2.622606039047241,2.254544734954834,2.4567203521728516,2.5404012203216553,2.421865940093994,2.3520045280456543,2.3746163845062256,2.573720932006836,2.6824889183044434,2.445949077606201,2.3514647483825684,2.739102363586426,4.14427375793457,4.925882816314697,5.200035095214844,5.200827598571777,4.998204231262207,4.78491735458374,5.10139274597168,5.734709739685059,5.233355522155762,4.2331085205078125,3.6471920013427734,3.044186592102051,2.7418553829193115,2.613835096359253,4.031763553619385,4.431650161743164,2.5457651615142822,2.047239303588867,1.813029170036316,2.6703121662139893,-301.1795349121094,90.28560638427734,14.357638359069824,7.383672714233398,16.074811935424805,10.451323509216309,8.77815055847168,11.658814430236816,7.342806339263916,7.954707622528076,12.703042984008789,5.7812418937683105,8.816987991333008,4.2636637687683105,4.05422306060791,2.7007341384887695,2.7185497283935547,2.8778023719787598,2.8415987491607666,2.5353007316589355,0.3765675723552704,0.37397143244743347,0.4416388273239136,0.7079874873161316,0.9175676107406616,0.7506069540977478,0.4390690326690674,0.47319456934928894,0.5416368246078491,0.530495285987854,0.46587687730789185,0.415250301361084,0.23787499964237213,0.19808176159858704,0.21491806209087372,0.16983447968959808,0.15760384500026703,0.15591396391391754,0.1829417198896408,0.23632918298244476,0.27093905210494995,0.27518442273139954,0.25074395537376404,0.24807333946228027,391.22420548365363,470.7078265479988,1089.8850768023206,0.009966148854408352,0.001299935975112021,500.0,510.0,505.0,533.0,543.0,538.0,3,pranayama
P4,-6.03646183013916,-12.879606246948242,-28.30581283569336,-34.64931106567383,-37.37866973876953,-35.69845962524414,-37.955589294433594,-39.85211181640625,-37.37502670288086,-40.44891357421875,-43.35164260864258,-46.24538803100586,-49.72169494628906,-51.30302429199219,-54.044219970703125,-56.09220886230469,-56.406585693359375,-58.75115966796875,-60.36750411987305,-62.82952880859375,-64.98238372802734,-67.11030578613281,-68.3432388305664,-69.70169067382812,-70.05326080322266,-70.48543548583984,-70.5143051147461,-69.89020538330078,-69.65805053710938,-69.96916198730469,-70.24767303466797,-70.9307632446289,2.734508991241455,2.318281650543213,2.403019428253174,2.5795822143554688,2.228854179382324,2.3028080463409424,2.418703317642212,2.198817014694214,2.55012583732605,2.3347280025482178,2.299344539642334,2.122497320175171,2.001746416091919,2.1951711177825928,2.1936776638031006,1.9395346641540527,1.9028193950653076,1.9101754426956177,1.980517029762268,2.7359201908111572,2.449458360671997,1.956767201423645,1.742576241493225,1.7335261106491089,1.6532403230667114,1.468501091003418,1.463218092918396,1.5572187900543213,1.6888095140457153,1.5082011222839355,1.32494056224823,1.2945556640625,-297.2640380859375,92.1436538696289,21.569171905517578,7.1597490310668945,12.191128730773926,9.269524574279785,10.769804954528809,12.678860664367676,7.964819431304932,6.054921627044678,4.7660908699035645,3.4668362140655518,2.865354299545288,2.45080304145813,2.2889232635498047,2.2630627155303955,2.1917245388031006,2.4276750087738037,2.1164658069610596,2.1907267570495605,0.3454650640487671,0.34811094403266907,0.42661282420158386,0.6047151684761047,0.8879202604293823,0.8027446269989014,0.43012937903404236,0.4279637038707733,0.5070590376853943,0.5494401454925537,0.4631662964820862,0.39969590306282043,0.21767476201057434,0.19727137684822083,0.2271469384431839,0.20425871014595032,0.17519356310367584,0.1872233897447586,0.166587695479393,0.2370869368314743,0.26158612966537476,0.29736578464508057,0.2313474416732788,0.2153383195400238,342.79790297097304,335.4883039080626,1040.4451381574822,0.009540177276682134,0.0012243192177265882,510.0,520.0,515.0,543.0,553.0,548.0,3,pranayama
P4,-6.280672073364258,-13.153873443603516,-28.348068237304688,-34.82688903808594,-37.97929000854492,-35.91342544555664,-38.0014533996582,-39.934879302978516,-37.48041534423828,-40.290802001953125,-43.655860900878906,-46.56825637817383,-49.66427230834961,-50.85293960571289,-53.969505310058594,-56.15876388549805,-56.36216735839844,-58.63998031616211,-60.317501068115234,-62.95608139038086,-64.9208984375,-66.97972869873047,-67.54669189453125,-69.16580200195312,-69.83867645263672,-70.60343170166016,-70.57223510742188,-69.8906478881836,-69.45318603515625,-69.79576110839844,-70.07276153564453,-70.72010803222656,2.7663354873657227,2.558654308319092,2.2848567962646484,2.322565793991089,2.407125234603882,2.376859188079834,2.5476186275482178,2.1398324966430664,2.440027952194214,2.4165821075439453,2.3421616554260254,2.1989011764526367,2.6426889896392822,2.9083597660064697,2.76347017288208,2.56937575340271,2.5824856758117676,2.607966423034668,2.934997081756592,3.561896800994873,3.3935117721557617,2.9866199493408203,3.0012264251708984,2.60654878616333,2.2679202556610107,1.7536754608154297,1.5982763767242432,1.7144041061401367,1.6770638227462769,1.7063016891479492,1.642319917678833,1.4736607074737549,-297.1466064453125,91.30413818359375,21.281320571899414,7.242503643035889,12.082919120788574,9.335899353027344,11.038851737976074,12.26559066772461,8.356965065002441,6.361578941345215,7.196495056152344,4.0305376052856445,4.282547950744629,3.528369188308716,2.5373921394348145,2.453313112258911,2.468647003173828,2.5578083992004395,2.4836392402648926,2.2870614528656006,0.3318807780742645,0.33619847893714905,0.41564053297042847,0.6141270399093628,0.915377676486969,0.8313650488853455,0.44573691487312317,0.4366181492805481,0.4941176176071167,0.5176491737365723,0.43845805525779724,0.3790370523929596,0.2081255316734314,0.18511028587818146,0.2175820916891098,0.18886350095272064,0.14393186569213867,0.16613273322582245,0.1654994785785675,0.22992634773254395,0.2502754330635071,0.2852109968662262,0.23807354271411896,0.2157122790813446,350.65235715755796,348.9777815037703,1059.8430658029272,0.009810941125290023,0.0012382075656205416,520.0,530.0,525.0,553.0,563.0,558.0,1,chanting
P4,-7.026541709899902,-13.996572494506836,-29.228580474853516,-35.564239501953125,-38.50204849243164,-36.58546447753906,-38.54323959350586,-40.59734344482422,-38.25300979614258,-41.40458679199219,-44.99196243286133,-46.96786117553711,-50.208045959472656,-51.61465835571289,-55.11456298828125,-56.67374038696289,-57.20241928100586,-59.46440887451172,-61.36957550048828,-63.85342025756836,-65.6866683959961,-67.37834167480469,-67.37556457519531,-68.90013885498047,-70.01171875,-71.4209213256836,-71.30783081054688,-70.52031707763672,-69.72850036621094,-70.38585662841797,-70.83488464355469,-71.48008728027344,2.596409797668457,2.2690627574920654,2.3804450035095215,2.379149913787842,2.076733112335205,2.3366057872772217,2.3398892879486084,2.337430953979492,2.3960001468658447,2.1346819400787354,2.0846376419067383,2.1218669414520264,1.9832242727279663,2.0312612056732178,2.099616289138794,2.1191272735595703,2.037654399871826,2.3403847217559814,2.0740365982055664,2.5058045387268066,2.4945409297943115,2.2122793197631836,2.0435309410095215,1.8583848476409912,1.7783159017562866,1.5508493185043335,1.5310550928115845,1.557178258895874,1.6181095838546753,1.4807132482528687,1.3470646142959595,1.3371262550354004,-300.9080505371094,90.70366668701172,21.491870880126953,7.723981857299805,11.419709205627441,9.56694221496582,11.038697242736816,11.466121673583984,8.5408353805542,6.708150386810303,4.939334869384766,3.7425637245178223,2.8810322284698486,2.475468158721924,2.385979413986206,2.2952702045440674,2.080030918121338,2.268781900405884,2.4402191638946533,2.076094150543213,0.38032764196395874,0.3577093183994293,0.4075409173965454,0.605808675289154,0.9127855896949768,0.813498854637146,0.4559314250946045,0.4829082787036896,0.5441362261772156,0.5632292628288269,0.4891137182712555,0.4330728352069855,0.23229584097862244,0.1906849592924118,0.201961949467659,0.17510224878787994,0.15066149830818176,0.1614461988210678,0.1707977056503296,0.2317710816860199,0.2466459721326828,0.2799176275730133,0.24247270822525024,0.23469755053520203,355.36009388576974,352.1253262761021,1071.1180543248004,0.009264881815545243,0.0012415536912158132,530.0,540.0,535.0,563.0,573.0,568.0,1,chanting
P4,-8.007561683654785,-14.966032981872559,-30.531614303588867,-36.69963455200195,-39.51719284057617,-38.4444694519043,-40.198238372802734,-42.03170394897461,-39.6009407043457,-42.71508026123047,-46.56682586669922,-48.02510452270508,-51.38471603393555,-51.96002960205078,-54.774662017822266,-56.8248176574707,-57.30706024169922,-59.708404541015625,-61.40196228027344,-63.69209671020508,-65.69636535644531,-67.40824127197266,-68.73844146728516,-70.31965637207031,-70.85204315185547,-71.58346557617188,-71.53855895996094,-70.2818374633789,-69.4735107421875,-69.93455505371094,-70.33841705322266,-70.96996307373047,2.558281660079956,2.2075765132904053,2.4489905834198,2.5490286350250244,2.2792129516601562,2.5339388847351074,2.5319786071777344,2.2757468223571777,2.5122458934783936,2.492875576019287,2.651594638824463,2.4518685340881348,2.4498982429504395,3.2362165451049805,3.5324394702911377,3.338561773300171,3.4694125652313232,3.6800434589385986,3.7156856060028076,4.196110248565674,3.9664804935455322,4.207408905029297,4.0959906578063965,3.975153923034668,3.616734743118286,3.2696404457092285,3.396635055541992,4.091400623321533,4.474477767944336,4.415014743804932,4.3132405281066895,4.128357887268066,-304.3198547363281,87.77232360839844,21.286876678466797,7.570109844207764,13.67281723022461,9.197081565856934,10.724985122680664,11.90816593170166,8.07746696472168,7.214210510253906,12.163379669189453,8.938125610351562,4.902656078338623,3.460886240005493,2.8571033477783203,2.7397267818450928,2.4709582328796387,2.4289276599884033,2.258338212966919,2.274937152862549,0.32712844014167786,0.3226911425590515,0.38449832797050476,0.621017336845398,0.8882386684417725,0.7792863249778748,0.4582997262477875,0.5003706216812134,0.5867791175842285,0.5866455435752869,0.4745599627494812,0.3880206048488617,0.21669483184814453,0.19160878658294678,0.21376074850559235,0.18564410507678986,0.1830337643623352,0.18738149106502533,0.19719228148460388,0.2429625689983368,0.2595173120498657,0.28680434823036194,0.24609696865081787,0.22812825441360474,407.1966744264136,436.5844443336717,1179.880772329421,0.010028458526682134,0.0013006883673369884,540.0,550.0,545.0,573.0,583.0,578.0,1,chanting
P4,-9.766317367553711,-16.406463623046875,-27.5738468170166,-30.432523727416992,-29.834516525268555,-27.35181427001953,-29.653560638427734,-34.20280075073242,-32.26901626586914,-33.81370162963867,-38.57951354980469,-44.59907531738281,-50.09251022338867,-51.73804473876953,-53.5594596862793,-56.515689849853516,-56.60411834716797,-57.4306755065918,-55.42173385620117,-53.827632904052734,-56.34943389892578,-58.77483367919922,-66.0150375366211,-69.44042205810547,-69.53306579589844,-73.71171569824219,-73.80988311767578,-71.24297332763672,-70.14256286621094,-70.97023010253906,-70.66809844970703,-68.54837036132812,3.1724371910095215,3.0818703174591064,6.963124752044678,9.4429349899292,12.372852325439453,14.04178237915039,13.220307350158691,10.931042671203613,10.468890190124512,12.190129280090332,10.374003410339355,6.529463291168213,5.208733558654785,5.097655773162842,5.905594825744629,5.355851650238037,5.404392719268799,5.895932197570801,8.532354354858398,11.723306655883789,10.890189170837402,10.49956226348877,6.536443710327148,5.791496276855469,5.853025436401367,4.003662586212158,3.1723504066467285,4.655442237854004,5.338106155395508,4.585022926330566,4.6026458740234375,5.318154335021973,-284.41241455078125,98.24861145019531,16.15140151977539,8.142518043518066,3.3828516006469727,-6.946938991546631,13.742688179016113,9.991927146911621,2.510178565979004,6.273179054260254,33.57796859741211,15.283768653869629,6.403892517089844,4.3859333992004395,12.326407432556152,17.459829330444336,4.609823226928711,3.787658214569092,5.593317031860352,3.3876631259918213,0.3583095371723175,0.40038764476776123,0.6640920042991638,0.7112065553665161,0.7622746229171753,0.4794442653656006,0.33428245782852173,0.3310493528842926,0.38642191886901855,0.36100733280181885,0.33756527304649353,0.3761284351348877,0.18676786124706268,0.2102847844362259,0.2943715751171112,0.20935602486133575,0.24716705083847046,0.210163414478302,0.21732954680919647,0.25274598598480225,0.29473209381103516,0.243688702583313,0.2251143604516983,0.2375832051038742,553.5105525959237,752.3881031576276,1177.0993736054354,0.02173927820475638,0.0016576535999774933,550.0,560.0,555.0,583.0,593.0,588.0,1,chanting
P4,-6.141030788421631,-13.144628524780273,-18.18902587890625,-15.292983055114746,-15.951231002807617,-21.330116271972656,-24.40761375427246,-30.8177433013916,-31.234207153320312,-34.24453353881836,-39.498233795166016,-46.935855865478516,-51.76102066040039,-53.22901916503906,-55.92459487915039,-58.005916595458984,-57.46295928955078,-56.45128631591797,-47.473758697509766,-50.92134094238281,-47.34025955200195,-50.023101806640625,-69.60197448730469,-67.62480926513672,-66.8072738647461,-74.2062759399414,-74.52940368652344,-69.60884857177734,-67.98722839355469,-69.6646957397461,-69.80130004882812,-65.30223083496094,2.5999977588653564,2.5118396282196045,2.965317726135254,3.6550679206848145,5.64039945602417,5.658734321594238,4.244833946228027,3.817450523376465,5.110511779785156,6.489012241363525,6.010295391082764,3.8928747177124023,2.534987211227417,2.350964069366455,2.778959035873413,3.006767988204956,3.3426854610443115,2.8857779502868652,3.1965723037719727,4.695252418518066,2.944683313369751,2.9442503452301025,4.948369026184082,4.251614570617676,3.971466541290283,1.7354722023010254,1.3537471294403076,2.935631275177002,2.6218199729919434,2.1807212829589844,2.216949701309204,2.4970481395721436,-268.86224365234375,106.23397827148438,25.621936798095703,19.549072265625,3.091003894805908,-18.33294677734375,11.782776832580566,6.1575117111206055,-6.345726013183594,2.8276214599609375,9.288239479064941,6.35708475112915,6.743651390075684,5.858367919921875,5.386050224304199,5.721590995788574,3.974757432937622,3.1881344318389893,4.508832931518555,3.025726079940796,0.3188283145427704,0.4563216269016266,0.8099132776260376,0.5647791624069214,0.43053746223449707,0.30626243352890015,0.30519211292266846,0.17480173707008362,0.3271755278110504,0.7315269708633423,0.29042819142341614,0.2644678056240082,0.1585363745689392,0.16613517701625824,0.21071921288967133,0.21614563465118408,0.16537146270275116,0.14279064536094666,0.14781756699085236,0.09951445460319519,0.17819777131080627,0.3362022042274475,0.11612890660762787,0.20818673074245453,476.66151095193726,637.8524461644431,1032.4302096584897,0.021159231801044082,0.0021010516211390495,560.0,570.0,565.0,593.0,603.0,598.0,1,chanting
P4,-8.533344268798828,-15.76534366607666,-22.79513168334961,-26.84618377685547,-33.390769958496094,-32.23857879638672,-30.907981872558594,-35.703529357910156,-35.02691650390625,-37.30739974975586,-43.57544708251953,-45.79453659057617,-50.577850341796875,-52.30875778198242,-53.629295349121094,-54.96674728393555,-54.457916259765625,-56.44707489013672,-54.99380874633789,-51.80637741088867,-53.42795181274414,-53.995521545410156,-63.876766204833984,-67.14486694335938,-69.52316284179688,-75.1923599243164,-74.82511901855469,-70.2072525024414,-69.55603790283203,-70.36347961425781,-71.27134704589844,-69.11693572998047,2.8568100929260254,2.7165632247924805,6.830734729766846,7.201074600219727,9.589717864990234,11.909725189208984,11.07530403137207,8.119388580322266,7.785917282104492,8.259272575378418,7.27030086517334,4.771082878112793,3.412245273590088,2.9391679763793945,2.989149570465088,3.13452410697937,3.931276798248291,4.053805828094482,6.103842735290527,8.032970428466797,8.146337509155273,8.783618927001953,6.792307376861572,5.978408336639404,4.492901802062988,2.15082049369812,2.1782360076904297,3.2593555450439453,3.2721993923187256,2.650813579559326,2.687347412109375,4.17017936706543,-283.8280029296875,94.92034912109375,15.447450637817383,16.62143325805664,7.87398624420166,-6.433004856109619,15.395448684692383,8.646860122680664,1.714431881904602,8.635040283203125,21.81032943725586,12.602886199951172,4.662819862365723,9.887717247009277,7.437159061431885,13.1351900100708,4.712886810302734,3.690448760986328,4.765084266662598,2.973224401473999,0.24375522136688232,0.30517175793647766,0.47815945744514465,0.825798511505127,0.7310383915901184,0.6675602793693542,0.4393497407436371,0.36452943086624146,0.3117775321006775,0.35482150316238403,0.35095691680908203,0.27284276485443115,0.1554625779390335,0.14598456025123596,0.21025727689266205,0.257322758436203,0.19549818336963654,0.23930561542510986,0.19557079672813416,0.22757619619369507,0.24332500994205475,0.27335965633392334,0.22480323910713196,0.19003833830356598,505.5176773269831,639.4761795787413,1161.7065544807858,0.01755886564675174,0.001944586168974638,570.0,580.0,575.0,603.0,613.0,608.0,1,chanting
P4,-6.511962890625,-13.9161376953125,-20.23542022705078,-17.6086483001709,-13.395297050476074,-14.708470344543457,-19.21973419189453,-26.413082122802734,-26.877002716064453,-28.41718101501465,-34.048274993896484,-43.61471176147461,-50.320194244384766,-52.713966369628906,-55.26972579956055,-57.64811706542969,-56.622379302978516,-54.8558349609375,-46.9585075378418,-50.78569030761719,-46.85274124145508,-50.242462158203125,-72.1091079711914,-72.4712905883789,-71.555908203125,-74.36632537841797,-74.42265319824219,-71.4731216430664,-70.16033935546875,-71.48375701904297,-70.82808685302734,-65.4135513305664,2.5459542274475098,2.5845577716827393,2.42970871925354,3.213440418243408,1.6179828643798828,5.76585578918457,5.350988864898682,4.704891681671143,6.472536563873291,7.55414342880249,6.3881001472473145,4.460857391357422,2.847883939743042,2.652301549911499,2.7365987300872803,2.545482873916626,3.2466413974761963,4.677513122558594,4.216798305511475,4.004988670349121,2.5051467418670654,3.129535436630249,1.7555643320083618,2.360564708709717,2.8871893882751465,1.5719497203826904,1.3593751192092896,1.9018996953964233,2.4479904174804688,1.9316614866256714,2.1229403018951416,2.2183616161346436,-265.4336853027344,115.1963882446289,21.7933349609375,11.782822608947754,-0.586754322052002,-23.76598358154297,11.307464599609375,9.33956527709961,-6.770540714263916,3.1654574871063232,10.760405540466309,6.053491115570068,6.699958801269531,6.3401312828063965,4.625518798828125,6.129167079925537,2.7520534992218018,5.02186918258667,3.1085245609283447,2.5519304275512695,0.44490277767181396,0.5129046440124512,0.8805984258651733,0.5547444224357605,0.4600151777267456,0.2961810827255249,0.2388022094964981,0.15118159353733063,0.2747066617012024,0.5133056640625,0.25281083583831787,0.41572585701942444,0.17099617421627045,0.21060165762901306,0.17776669561862946,0.20886079967021942,0.16616065800189972,0.13950343430042267,0.13099533319473267,0.10304664820432663,0.19084839522838593,0.3796323239803314,0.13588185608386993,0.24168699979782104,508.7641748118544,739.7729435542343,956.210103905022,0.025816596577726218,0.002179056638851762,580.0,590.0,585.0,613.0,623.0,618.0,1,chanting
P4,-5.9553141593933105,-12.101557731628418,-17.80958366394043,-19.823711395263672,-28.079753875732422,-30.804855346679688,-28.486669540405273,-31.694175720214844,-33.07820129394531,-35.58287811279297,-41.592620849609375,-43.2801628112793,-47.9859733581543,-50.34239959716797,-51.87277603149414,-52.697574615478516,-52.287872314453125,-54.196353912353516,-50.65869140625,-46.923316955566406,-47.535491943359375,-50.02519607543945,-62.419925689697266,-64.41504669189453,-67.56321716308594,-73.12557983398438,-71.628173828125,-67.15667724609375,-67.2626724243164,-67.27224731445312,-67.53439331054688,-65.95260620117188,2.4653453826904297,2.498975992202759,5.154126167297363,6.621800422668457,9.422037124633789,7.346360683441162,5.251077175140381,4.6156086921691895,4.1762375831604,3.976876974105835,3.583373546600342,3.549739360809326,2.7548482418060303,2.674729824066162,3.0898001194000244,3.788559675216675,4.742439270019531,4.487619400024414,4.733158111572266,8.035531997680664,6.5647501945495605,6.518383502960205,6.061269283294678,4.474274635314941,3.2626233100891113,1.3775843381881714,1.6549068689346313,2.8825790882110596,2.399893283843994,2.546198844909668,2.927274465560913,3.4011178016662598,-266.42822265625,95.85041809082031,17.294118881225586,19.590002059936523,9.064889907836914,-9.06358814239502,16.06476593017578,8.243005752563477,-1.7887475490570068,7.553421974182129,15.608328819274902,8.155296325683594,8.019169807434082,5.455960750579834,4.893709659576416,8.02100658416748,4.964331150054932,3.8056883811950684,5.1885247230529785,2.8513286113739014,0.3350847661495209,0.5562574863433838,0.8790640830993652,0.6954473853111267,0.5386323928833008,0.3863886296749115,0.3220902979373932,0.20811869204044342,0.34217631816864014,0.5051792860031128,0.2578551173210144,0.2538169026374817,0.1524408757686615,0.17765793204307556,0.19321170449256897,0.20458093285560608,0.2156657874584198,0.17014126479625702,0.15825173258781433,0.1533903330564499,0.19702045619487762,0.30270567536354065,0.12649092078208923,0.16180801391601562,500.599198133405,673.1499125398782,1168.3591772135412,0.01640330445185615,0.0017566083697602153,590.0,600.0,595.0,623.0,633.0,628.0,1,chanting
P4,-8.13882827758789,-15.797172546386719,-21.88431167602539,-22.906648635864258,-17.879135131835938,-15.376049995422363,-19.31939697265625,-26.389102935791016,-25.794483184814453,-27.975452423095703,-34.4494514465332,-43.034942626953125,-49.74712371826172,-52.608551025390625,-54.974510192871094,-56.799766540527344,-56.03318786621094,-54.35921096801758,-49.24764633178711,-53.110225677490234,-48.4250373840332,-51.286643981933594,-72.51066589355469,-73.86994934082031,-72.92791748046875,-74.48622131347656,-74.62850952148438,-71.3355484008789,-69.54344940185547,-71.73446655273438,-72.43525695800781,-67.2047119140625,2.870070457458496,2.778146505355835,5.125493049621582,6.56135368347168,9.653558731079102,10.921941757202148,10.447249412536621,8.425877571105957,9.084095001220703,10.112521171569824,8.742833137512207,5.825943470001221,3.6870763301849365,3.135067939758301,3.209700584411621,3.020160436630249,3.338529586791992,4.889057636260986,6.2957000732421875,5.380484580993652,7.623735427856445,7.574657440185547,2.086848735809326,1.7598397731781006,2.027663469314575,1.797354817390442,1.7408651113510132,2.4444468021392822,2.315713405609131,2.0349442958831787,2.1033689975738525,2.78279972076416,-269.79901123046875,113.79768371582031,18.549203872680664,7.867168426513672,-1.4859392642974854,-21.755695343017578,10.541476249694824,11.661977767944336,-4.5561442375183105,6.001169204711914,20.35918426513672,12.55190372467041,5.678420543670654,7.644927024841309,8.397930145263672,12.126389503479004,3.285564661026001,5.305119514465332,5.313942909240723,3.1410655975341797,0.4304620921611786,0.3728398382663727,0.5312570333480835,0.8205294013023376,0.5311766862869263,0.5136956572532654,0.25796636939048767,0.17221716046333313,0.15752163529396057,0.25567132234573364,0.2781088352203369,0.22383403778076172,0.2952105700969696,0.2175397127866745,0.2716308534145355,0.23039406538009644,0.25489357113838196,0.25829192996025085,0.15138183534145355,0.1480543464422226,0.1710173785686493,0.24721011519432068,0.228512704372406,0.16061842441558838,553.0360624219129,784.6129663029292,985.7331162113062,0.02990297817575406,0.0022205249406397343,600.0,610.0,605.0,633.0,643.0,638.0,1,chanting
P4,-6.975414752960205,-12.873037338256836,-18.29107666015625,-17.63266372680664,-23.180299758911133,-27.404359817504883,-26.803565979003906,-31.258424758911133,-33.51032638549805,-36.127723693847656,-41.734954833984375,-43.42673110961914,-49.05890655517578,-51.864044189453125,-53.823638916015625,-55.239742279052734,-54.76887893676758,-56.11040496826172,-49.61310958862305,-46.51817321777344,-44.45543670654297,-49.81920623779297,-65.05180358886719,-66.74560546875,-69.21487426757812,-74.18587493896484,-72.82107543945312,-68.81075286865234,-68.22027587890625,-68.97635650634766,-69.23219299316406,-66.2965087890625,2.4375672340393066,2.3567593097686768,2.118701934814453,3.3710341453552246,9.67181396484375,7.602318286895752,2.745656728744507,2.1887640953063965,2.9499943256378174,3.072336196899414,2.5546934604644775,4.483696460723877,3.479196310043335,2.594358444213867,2.8665177822113037,3.593074083328247,4.21933126449585,3.760117769241333,2.7775909900665283,6.3553361892700195,2.61543345451355,4.092093467712402,6.557093620300293,4.533487319946289,2.6765353679656982,1.4624173641204834,1.849363923072815,2.465132236480713,1.855507731437683,2.6276485919952393,2.9394471645355225,2.171967029571533,-268.7086181640625,100.3092269897461,19.1446590423584,20.814239501953125,6.729595184326172,-14.149664878845215,15.44687271118164,6.891430377960205,-6.553692817687988,6.662807464599609,8.033794403076172,7.9585466384887695,8.828181266784668,3.6016035079956055,3.2199559211730957,4.80941104888916,7.005342483520508,3.9407169818878174,4.189717769622803,3.3593504428863525,0.4102943241596222,0.5685758590698242,0.8580247163772583,0.6325066089630127,0.5015239119529724,0.39366286993026733,0.3138430118560791,0.17985422909259796,0.3675248622894287,0.6310915350914001,0.26505956053733826,0.3414035141468048,0.17313389480113983,0.1970500499010086,0.20521920919418335,0.20793487131595612,0.18387369811534882,0.18843010067939758,0.1460976004600525,0.10667100548744202,0.1652170568704605,0.31802353262901306,0.10289010405540466,0.24224983155727386,511.6142502562877,702.1273088565836,1132.3912194555098,0.019210638413573084,0.00178483163472265,610.0,620.0,615.0,643.0,653.0,648.0,1,chanting
P4,-6.668539524078369,-13.422805786132812,-20.865741729736328,-23.053056716918945,-20.968168258666992,-17.648752212524414,-19.488229751586914,-25.56581687927246,-25.361103057861328,-27.919727325439453,-33.664031982421875,-39.97571563720703,-46.5474853515625,-49.84891128540039,-51.805294036865234,-53.616050720214844,-53.088294982910156,-52.328006744384766,-47.08904266357422,-49.3708381652832,-46.601966857910156,-48.521732330322266,-67.71208190917969,-69.5903091430664,-69.73189544677734,-71.75910186767578,-71.43058776855469,-67.43977355957031,-65.12055206298828,-68.2387466430664,-69.04634094238281,-64.77750396728516,2.7446506023406982,2.718661308288574,5.976676940917969,7.186174392700195,12.034608840942383,14.543608665466309,12.586851119995117,10.226611137390137,9.981708526611328,9.525015830993652,8.474762916564941,4.716722011566162,3.324899673461914,2.7981321811676025,2.791755199432373,3.1046195030212402,3.321072578430176,4.260892391204834,7.488974571228027,7.034326076507568,9.10955810546875,9.1369047164917,4.552909851074219,3.5240354537963867,2.362720012664795,2.0590505599975586,1.9639811515808105,2.797231435775757,3.467017889022827,2.39298415184021,2.572662353515625,4.307114601135254,-257.7874755859375,106.42027282714844,16.385791778564453,8.562857627868652,0.5274811387062073,-17.905519485473633,12.446614265441895,12.35698413848877,-3.700477123260498,7.987385272979736,23.90155601501465,14.416525840759277,4.353733539581299,7.059493541717529,9.483222007751465,16.07349967956543,4.192661285400391,3.1901774406433105,5.725590229034424,3.0446360111236572,0.31595858931541443,0.4389011859893799,0.829088032245636,0.6389040946960449,0.646061360836029,0.40066298842430115,0.2626299262046814,0.19640453159809113,0.25172433257102966,0.2649364769458771,0.19995613396167755,0.262536883354187,0.1502898633480072,0.23117052018642426,0.258847713470459,0.24510088562965393,0.23670372366905212,0.22835595905780792,0.21270041167736053,0.20470468699932098,0.25616690516471863,0.2180233895778656,0.17136068642139435,0.1766429990530014,576.7320917787653,790.6082896787993,1093.4142825798851,0.02658243909512761,0.0019906540401279926,620.0,630.0,625.0,653.0,663.0,658.0,1,chanting
P4,-6.301856517791748,-13.632342338562012,-17.614830017089844,-17.76909637451172,-18.636150360107422,-22.16425323486328,-23.30758285522461,-30.573625564575195,-31.22688865661621,-36.40851974487305,-40.06806564331055,-43.36791229248047,-48.14820098876953,-51.40985870361328,-53.77134704589844,-56.14849090576172,-56.64479064941406,-57.47676086425781,-50.132225036621094,-51.21162796020508,-45.39432907104492,-50.971134185791016,-67.4307632446289,-68.42378997802734,-69.55134582519531,-74.50131225585938,-72.89266967773438,-67.95822143554688,-66.16470336914062,-69.1854248046875,-68.78184509277344,-63.76742935180664,2.553379774093628,2.5983669757843018,2.042919635772705,2.439934015274048,8.681347846984863,7.437131404876709,3.6322126388549805,2.337733030319214,2.777470350265503,2.3648135662078857,2.2589008808135986,4.6344099044799805,3.513343095779419,3.247274398803711,3.6240763664245605,3.2089955806732178,2.797187328338623,2.4466359615325928,3.055591583251953,4.834168910980225,3.5220563411712646,4.896810054779053,7.09367561340332,4.735579013824463,3.120501756668091,1.6331889629364014,2.105372667312622,2.1171061992645264,2.0551185607910156,3.5342915058135986,3.4275574684143066,2.218568801879883,-267.1161804199219,104.21485137939453,24.05539894104004,15.862834930419922,5.107938289642334,-15.711014747619629,12.728038787841797,4.806459426879883,-7.537347316741943,7.111927509307861,7.417879104614258,8.058663368225098,7.0790019035339355,3.5370733737945557,3.047171115875244,7.122567176818848,7.480698585510254,2.229212522506714,4.004354953765869,3.552359104156494,0.5449809432029724,0.5293271541595459,0.9147892594337463,0.6528865694999695,0.530758261680603,0.3119484484195709,0.25016075372695923,0.1632910966873169,0.27269384264945984,0.5939297080039978,0.2729889154434204,0.3691360652446747,0.21812155842781067,0.1505003124475479,0.19314362108707428,0.18619059026241302,0.15295784175395966,0.12383398413658142,0.12404990941286087,0.09994319826364517,0.1427324265241623,0.26502981781959534,0.10573793947696686,0.21151325106620789,510.24728073750805,692.5098109411252,1145.2602496429245,0.019640008700696057,0.0019483441719785333,630.0,640.0,635.0,663.0,673.0,668.0,1,chanting
P4,-6.832155227661133,-13.233264923095703,-20.272001266479492,-23.098291397094727,-25.525548934936523,-23.210386276245117,-22.69223403930664,-27.194068908691406,-27.738513946533203,-30.236614227294922,-35.6063232421875,-39.59792709350586,-46.37972640991211,-49.83545684814453,-51.699581146240234,-53.47490310668945,-52.76298904418945,-51.00318145751953,-47.804222106933594,-49.36106872558594,-49.08723449707031,-50.41300964355469,-65.46955871582031,-67.90518188476562,-69.08564758300781,-71.9803695678711,-70.70352172851562,-67.03176879882812,-66.73350524902344,-67.33025360107422,-67.39006805419922,-65.52622985839844,2.797253131866455,2.826918601989746,6.317862510681152,7.043111801147461,11.892267227172852,14.901921272277832,12.201436996459961,9.750115394592285,9.670053482055664,10.47768783569336,8.62289047241211,4.8893656730651855,3.447566270828247,2.7159135341644287,2.8704211711883545,2.698502540588379,3.2482151985168457,5.455667495727539,7.482990264892578,7.50634765625,8.909913063049316,8.886994361877441,5.762871742248535,5.022996425628662,2.9939517974853516,2.2034730911254883,2.2552402019500732,2.893181800842285,3.0351035594940186,3.041840076446533,3.7682201862335205,3.7500202655792236,-260.96038818359375,101.95441436767578,15.58118724822998,10.072993278503418,3.785259246826172,-13.583884239196777,13.820806503295898,12.471725463867188,-1.6716991662979126,6.672941207885742,23.515501022338867,15.559054374694824,3.6392393112182617,7.038720607757568,9.319862365722656,15.260202407836914,5.565194129943848,3.817077398300171,5.360069274902344,2.9226133823394775,0.27628055214881897,0.43516185879707336,0.8557403087615967,0.6491453051567078,0.6046277284622192,0.37069788575172424,0.3054029941558838,0.21214209496974945,0.279994934797287,0.3282058537006378,0.23342116177082062,0.23939990997314453,0.13411197066307068,0.2044679820537567,0.25846627354621887,0.2406325787305832,0.2167295217514038,0.1924116462469101,0.18226511776447296,0.197905495762825,0.2681874930858612,0.23500794172286987,0.17425702512264252,0.16899186372756958,559.5057624168136,774.4708775920824,1141.797084704063,0.02263427167923434,0.0019528755219653249,640.0,650.0,645.0,673.0,683.0,678.0,1,chanting
P4,-6.533576965332031,-13.318848609924316,-18.321840286254883,-16.777679443359375,-11.791611671447754,-13.680460929870605,-18.159791946411133,-25.95611572265625,-26.79486083984375,-30.8624210357666,-37.146976470947266,-43.105628967285156,-48.561702728271484,-52.1732063293457,-54.973812103271484,-56.91893768310547,-56.503814697265625,-54.086280822753906,-48.915748596191406,-55.23786163330078,-43.51958465576172,-49.54935836791992,-71.61466979980469,-72.30569458007812,-72.50462341308594,-73.29086303710938,-73.28926849365234,-69.4534912109375,-66.27388763427734,-70.32882690429688,-70.01818084716797,-63.37196350097656,2.576204776763916,2.507462501525879,2.925147771835327,2.2976479530334473,1.6507971286773682,4.8739776611328125,4.277772426605225,5.210957050323486,4.517492294311523,5.55430269241333,4.480042934417725,2.8561737537384033,2.4024760723114014,2.2953436374664307,2.2772934436798096,2.120820999145508,2.6145856380462646,4.155122756958008,4.740715503692627,3.1497623920440674,2.6341147422790527,4.175655364990234,1.3841646909713745,1.4451225996017456,1.3097134828567505,1.460357904434204,1.1969965696334839,1.5225502252578735,1.7681925296783447,1.3697173595428467,1.3951797485351562,2.241382122039795,-262.5737609863281,113.65798950195312,25.36971092224121,11.357831954956055,0.649803638458252,-23.185688018798828,9.0546293258667,6.768850326538086,-8.236749649047852,6.089552402496338,8.46133041381836,3.464041233062744,4.254537105560303,5.193558692932129,4.900857448577881,6.102125644683838,2.6782126426696777,4.462831974029541,2.9017934799194336,2.070173978805542,0.6552349925041199,0.3951908051967621,0.8385260701179504,0.6517887711524963,0.5000262260437012,0.3360064923763275,0.24010974168777466,0.14942021667957306,0.15214011073112488,0.4848649799823761,0.37949901819229126,0.2705305814743042,0.2775684595108032,0.14317777752876282,0.2128494679927826,0.2687828242778778,0.18468163907527924,0.16311831772327423,0.09587699919939041,0.09541071951389313,0.09875050187110901,0.34800252318382263,0.2660132050514221,0.12652938067913055,516.3044675141118,700.1538482453597,1019.2627240961282,0.026566578451276104,0.0020359205082058907,650.0,660.0,655.0,683.0,693.0,688.0,1,chanting
P4,-6.087814807891846,-12.987672805786133,-17.73994255065918,-24.201398849487305,-32.97862243652344,-32.70540237426758,-30.013160705566406,-33.32956314086914,-31.50860595703125,-34.38718795776367,-38.919342041015625,-39.47404479980469,-45.54092788696289,-49.41117858886719,-50.63014602661133,-52.90358352661133,-53.052574157714844,-54.16924285888672,-50.12302780151367,-47.20077896118164,-50.217071533203125,-51.13240432739258,-60.34352493286133,-63.816917419433594,-67.43528747558594,-72.10624694824219,-70.91883087158203,-68.52442169189453,-66.74623107910156,-65.39106750488281,-66.03788757324219,-66.9912338256836,2.9618637561798096,2.3961236476898193,8.295088768005371,7.8152031898498535,7.02761697769165,6.683413982391357,7.04524040222168,5.919838905334473,6.414984703063965,6.564985275268555,5.299964427947998,5.656943321228027,4.196140766143799,2.959690809249878,3.596451997756958,3.6228973865509033,3.8665781021118164,4.019379615783691,6.840580463409424,10.057785987854004,8.577776908874512,9.611617088317871,6.207156658172607,4.70798921585083,3.219665288925171,1.9366563558578491,1.8973969221115112,2.741868734359741,3.5022835731506348,3.7990119457244873,3.6446614265441895,3.479151964187622,-266.4069519042969,93.21670532226562,14.166643142700195,15.29987621307373,8.784714698791504,-4.531585216522217,19.947269439697266,10.121846199035645,-0.4705354571342468,7.167109489440918,22.059459686279297,7.591731548309326,7.217099189758301,6.324626922607422,5.552403450012207,9.102984428405762,7.560811996459961,3.3774778842926025,5.555780410766602,2.545452833175659,0.22425755858421326,0.28777825832366943,0.44891753792762756,0.8305544257164001,0.7838205099105835,0.6051531434059143,0.38023486733436584,0.30596545338630676,0.2620067596435547,0.3289203941822052,0.3791854679584503,0.2739112675189972,0.16392530500888824,0.20547102391719818,0.1951722353696823,0.26683753728866577,0.16930879652500153,0.25791504979133606,0.18456768989562988,0.18126371502876282,0.20163841545581818,0.2508760988712311,0.21184316277503967,0.15727458894252777,525.1732926721463,745.1937151065836,1220.9156553808884,0.014929397476798143,0.0016528042033314705,660.0,670.0,665.0,693.0,703.0,698.0,1,chanting
P4,-6.794065475463867,-13.308810234069824,-18.88118553161621,-18.21283531188965,-9.604413986206055,-7.7081427574157715,-13.082792282104492,-19.876020431518555,-19.988651275634766,-23.492694854736328,-31.46581268310547,-39.97134017944336,-47.88795852661133,-52.07465362548828,-54.600799560546875,-57.06979751586914,-56.508506774902344,-53.44292068481445,-46.88584899902344,-51.76552200317383,-42.842742919921875,-45.33302307128906,-71.16311645507812,-73.11611938476562,-72.87232971191406,-73.42382049560547,-73.64141082763672,-66.46459197998047,-61.842044830322266,-68.61004638671875,-68.26432800292969,-61.94026565551758,2.4678847789764404,2.5554420948028564,2.613631010055542,1.7678344249725342,2.113421678543091,3.344491958618164,3.5240213871002197,4.200549125671387,5.187835216522217,5.633735656738281,4.243535995483398,3.7721011638641357,3.2516322135925293,2.5049946308135986,2.401256561279297,2.3343868255615234,2.871392250061035,4.399784564971924,5.105480670928955,4.651995658874512,3.445260524749756,3.8590164184570312,1.9031435251235962,1.7744354009628296,1.7394353151321411,1.718866229057312,1.5537428855895996,2.3738279342651367,2.675553798675537,2.464865207672119,2.0858075618743896,2.03068208694458,-251.4005889892578,116.68152618408203,24.93952178955078,4.682925701141357,-5.836109638214111,-29.50390625,10.942131042480469,11.224507331848145,-9.335354804992676,8.838488578796387,9.69914722442627,3.534189462661743,4.788924694061279,4.726685523986816,3.8104841709136963,5.073482513427734,3.4940452575683594,5.913610935211182,2.957991361618042,2.94401478767395,0.4711599349975586,0.3570898771286011,0.783259391784668,0.3247303366661072,0.31675320863723755,0.16417120397090912,0.12364005297422409,0.05835198611021042,0.08432496339082718,0.14780893921852112,0.11318141967058182,0.3695254623889923,0.3193782866001129,0.21509906649589539,0.3174724578857422,0.17415308952331543,0.1147676557302475,0.0833798423409462,0.043184783309698105,0.03241236135363579,0.0487639419734478,0.05143669992685318,0.0728226751089096,0.2638830244541168,597.8381019370948,822.1336984302494,1017.2661529900168,0.03472008229408353,0.00257943756878376,670.0,680.0,675.0,703.0,713.0,708.0,1,chanting
P4,-6.857415199279785,-13.868206977844238,-15.667409896850586,-20.57307243347168,-22.592195510864258,-25.213829040527344,-25.544206619262695,-30.321491241455078,-29.828283309936523,-33.59868621826172,-37.86771774291992,-40.13812255859375,-46.12390899658203,-50.83283615112305,-52.11534881591797,-54.260318756103516,-55.24336242675781,-57.75452423095703,-52.56575393676758,-52.90687942504883,-50.86428451538086,-50.82325744628906,-64.6438980102539,-67.94612121582031,-70.58171844482422,-74.30965423583984,-72.88318634033203,-69.10606384277344,-67.21441650390625,-68.08605194091797,-67.90660095214844,-66.18639373779297,2.489480972290039,2.4535109996795654,2.7438929080963135,2.855975866317749,11.933660507202148,11.807701110839844,8.071126937866211,3.234949827194214,3.396841526031494,2.472182035446167,1.8802080154418945,4.527865409851074,3.2070467472076416,2.4493300914764404,2.570693254470825,3.103383779525757,3.1689653396606445,2.3847312927246094,3.028897762298584,6.517940044403076,4.037062168121338,3.3147482872009277,6.65948486328125,4.017826080322266,2.5332086086273193,1.4209294319152832,1.7122422456741333,2.326235294342041,2.8402328491210938,3.0401575565338135,2.3036859035491943,3.4388012886047363,-267.715087890625,104.58226013183594,20.884103775024414,11.544450759887695,5.044764995574951,-10.057930946350098,15.366735458374023,5.58420467376709,-4.215470314025879,7.044389247894287,5.4314422607421875,9.879141807556152,9.36733341217041,4.3124871253967285,5.044983386993408,9.147909164428711,9.198712348937988,3.835364580154419,3.6492395401000977,2.61317777633667,0.29444557428359985,0.5594353079795837,0.4054441452026367,0.7701908946037292,0.5593668222427368,0.4063640832901001,0.2338586151599884,0.18182729184627533,0.11956971138715744,0.15414752066135406,0.24469716846942902,0.16132517158985138,0.19862841069698334,0.3841634690761566,0.16027073562145233,0.27825459837913513,0.2462688386440277,0.1542917639017105,0.12924516201019287,0.12745323777198792,0.10651250928640366,0.12904931604862213,0.12997592985630035,0.09063645452260971,498.9765105685518,713.9430920098608,1102.6122781001231,0.020707203451276104,0.001973097212612629,680.0,690.0,685.0,713.0,723.0,718.0,1,chanting
P4,-6.374511241912842,-13.710921287536621,-20.471294403076172,-22.971723556518555,-18.00868797302246,-13.829804420471191,-18.162851333618164,-23.905757904052734,-22.968473434448242,-25.93417739868164,-32.22439956665039,-39.01362228393555,-45.83823013305664,-49.81560134887695,-52.59754180908203,-55.36150360107422,-55.38471221923828,-53.103397369384766,-48.944488525390625,-53.12656021118164,-46.3596305847168,-47.55941390991211,-69.4349594116211,-70.93067169189453,-70.94007110595703,-71.95236206054688,-72.08124542236328,-67.27161407470703,-63.30231857299805,-68.0960464477539,-69.60246276855469,-64.59930419921875,3.138880968093872,2.926682472229004,6.591552734375,7.719330310821533,12.566452026367188,14.747913360595703,12.958481788635254,11.00616455078125,10.776511192321777,10.836309432983398,8.579511642456055,5.191478252410889,3.608851909637451,2.7450897693634033,2.5589334964752197,2.560495615005493,2.907608985900879,4.578526020050049,6.9161529541015625,5.111476421356201,9.878300666809082,10.147461891174316,2.5871033668518066,2.609497308731079,2.092541217803955,1.6228801012039185,1.6539928913116455,2.7176520824432373,3.740752696990967,2.052997350692749,1.9536164999008179,4.251497745513916,-257.0118103027344,110.40740966796875,19.601669311523438,4.825961589813232,-2.727241039276123,-18.913265228271484,12.377059936523438,11.896767616271973,-5.420499801635742,9.19741439819336,25.08028221130371,15.74715518951416,4.463265419006348,4.37514066696167,10.527244567871094,16.293607711791992,3.029001474380493,3.5542218685150146,6.780998229980469,3.8234264850616455,0.3166395127773285,0.3158853352069855,0.8477398157119751,0.5496562719345093,0.46146878600120544,0.2577298581600189,0.18891391158103943,0.14588648080825806,0.17656271159648895,0.21026787161827087,0.1744248867034912,0.23162725567817688,0.15449172258377075,0.1624276340007782,0.2639276385307312,0.27063438296318054,0.27815842628479004,0.19557182490825653,0.1510605663061142,0.19005060195922852,0.2356415092945099,0.19695372879505157,0.1865071952342987,0.17598237097263336,574.6810135718574,781.0407527914733,1052.2153423633288,0.02925155887470998,0.002258892171084881,690.0,700.0,695.0,723.0,733.0,728.0,1,chanting
P4,-6.0595316886901855,-13.930426597595215,-14.829057693481445,-17.193267822265625,-15.490560531616211,-18.552961349487305,-21.693479537963867,-31.461536407470703,-30.048864364624023,-35.115760803222656,-39.89938735961914,-42.894649505615234,-48.13100814819336,-52.38021469116211,-54.3709831237793,-57.079986572265625,-57.35148239135742,-57.262638092041016,-50.27499771118164,-54.48490905761719,-46.064327239990234,-49.10137176513672,-68.2389144897461,-69.39051818847656,-70.27703857421875,-73.80953979492188,-73.52665710449219,-67.20741271972656,-64.55872344970703,-70.15481567382812,-69.2066421508789,-64.21440124511719,2.381394147872925,2.85052227973938,2.6371068954467773,1.8445255756378174,7.783004283905029,7.026240825653076,5.4916090965271,2.6515941619873047,2.390141248703003,2.2788197994232178,2.7401888370513916,4.169568061828613,3.4090945720672607,2.3494722843170166,2.713458299636841,2.8924155235290527,3.358696460723877,3.509610891342163,3.820300340652466,7.085853576660156,2.4117488861083984,3.2885122299194336,7.444302558898926,4.442164897918701,3.2513883113861084,1.627817153930664,1.5909984111785889,2.709120512008667,2.4127559661865234,2.974292039871216,1.9247628450393677,2.113203287124634,-265.91741943359375,107.46394348144531,26.875398635864258,15.415903091430664,3.3576605319976807,-16.462961196899414,11.092844009399414,4.086760520935059,-9.279472351074219,6.658974647521973,6.476834297180176,8.083627700805664,8.934699058532715,5.126819610595703,3.1164145469665527,4.690751552581787,7.73098087310791,2.813572406768799,3.237928628921509,2.498782157897949,0.7418172359466553,0.44576090574264526,0.8818585276603699,0.7304942607879639,0.5185092091560364,0.3024121820926666,0.1929541975259781,0.13268595933914185,0.1647232174873352,0.43582555651664734,0.282395601272583,0.3166777491569519,0.28878575563430786,0.1284528523683548,0.19203078746795654,0.2185746729373932,0.16064739227294922,0.12326487898826599,0.10280458629131317,0.093712218105793,0.11939284950494766,0.19917990267276764,0.11648888140916824,0.18360593914985657,502.24491754358587,696.3568101073085,1083.6929988214,0.02284952327436195,0.0020306981168687344,700.0,710.0,705.0,733.0,743.0,738.0,1,chanting
P4,-7.308194637298584,-14.384760856628418,-18.887676239013672,-25.30097770690918,-31.64281463623047,-31.797880172729492,-31.395326614379883,-34.12171173095703,-32.33289337158203,-35.60003662109375,-38.564300537109375,-40.72002410888672,-47.03048324584961,-51.120445251464844,-52.28944396972656,-53.98048400878906,-53.71250534057617,-53.455081939697266,-48.16343688964844,-47.642822265625,-52.83418655395508,-52.4239501953125,-62.465877532958984,-65.88461303710938,-68.72420501708984,-73.07293701171875,-72.28675842285156,-70.00845336914062,-67.50191497802734,-66.5629653930664,-68.0793685913086,-68.15486907958984,2.915052890777588,2.698254108428955,8.413395881652832,7.887050151824951,9.234267234802246,10.858498573303223,10.007564544677734,8.243067741394043,8.206605911254883,8.148934364318848,6.68716287612915,5.721614837646484,4.0097832679748535,2.8248980045318604,3.425405740737915,3.4573285579681396,3.599278450012207,4.430117130279541,8.476714134216309,9.932950973510742,8.254803657531738,9.555636405944824,6.183788776397705,4.7389235496521,3.325923204421997,2.545595645904541,2.223590612411499,3.476922035217285,5.0025634765625,3.6039717197418213,3.396890163421631,3.9329240322113037,-271.7855529785156,94.71971130371094,13.593969345092773,15.398287773132324,9.18153190612793,-6.614384651184082,18.13804054260254,11.528626441955566,-1.4013898372650146,4.8705291748046875,24.208385467529297,10.70517635345459,6.378070831298828,7.584484100341797,7.8832831382751465,12.776270866394043,7.468907356262207,3.733901023864746,6.221078395843506,3.8016979694366455,0.24375566840171814,0.31754738092422485,0.6611652374267578,0.8958356976509094,0.6459841132164001,0.49653011560440063,0.283162921667099,0.2530830502510071,0.257240891456604,0.2976665794849396,0.27745765447616577,0.22260691225528717,0.17090609669685364,0.1671784371137619,0.23185352981090546,0.17067469656467438,0.23282092809677124,0.23856991529464722,0.1692190319299698,0.1962176412343979,0.2308456301689148,0.23372721672058105,0.18996237218379974,0.18178509175777435,538.0084724463796,752.2881811013631,1202.5938775202583,0.016956161180394433,0.0017753818538039923,710.0,720.0,715.0,743.0,753.0,748.0,1,chanting
P4,-5.293993949890137,-12.37915325164795,-17.122915267944336,-16.15546417236328,-9.473175048828125,-8.810772895812988,-14.441009521484375,-21.03812026977539,-20.455490112304688,-24.38189125061035,-31.307723999023438,-38.986080169677734,-45.609092712402344,-49.82152557373047,-52.79202651977539,-55.82704544067383,-55.91780471801758,-53.014251708984375,-46.666473388671875,-53.065826416015625,-41.65412902832031,-43.6751823425293,-70.1235122680664,-71.65132141113281,-71.55365753173828,-71.87677764892578,-72.27352142333984,-65.27619171142578,-60.12846374511719,-66.82941436767578,-67.5537338256836,-61.37205505371094,2.3576853275299072,2.465116262435913,2.529343366622925,2.3277506828308105,1.726848840713501,5.108161449432373,3.944293260574341,4.463458061218262,4.193714141845703,5.006393909454346,4.144954681396484,3.2034034729003906,2.351374387741089,2.1126694679260254,2.3500471115112305,2.1951394081115723,2.3494112491607666,3.006587505340576,4.540914058685303,5.971577167510986,5.010334014892578,5.9810471534729,2.1240177154541016,1.8904728889465332,1.763217806816101,1.819993257522583,1.7506673336029053,2.4072306156158447,2.952237367630005,2.567017078399658,1.9325881004333496,2.1659164428710938,-246.87356567382812,114.8898696899414,25.29377555847168,5.568461894989014,-3.8198463916778564,-25.572744369506836,11.228433609008789,9.500663757324219,-10.44218921661377,9.210250854492188,10.178321838378906,3.4193193912506104,4.472488880157471,3.2723629474639893,5.787822246551514,6.695608615875244,3.41281795501709,4.827601909637451,3.525160312652588,3.53967022895813,0.5602419376373291,0.3279472291469574,0.9113602638244629,0.6221769452095032,0.373607873916626,0.26076364517211914,0.1946626901626587,0.10693284124135971,0.10250082612037659,0.3312746584415436,0.2658087909221649,0.2276628166437149,0.24135436117649078,0.13642166554927826,0.1819123923778534,0.2641613483428955,0.17911119759082794,0.14554698765277863,0.10356196016073227,0.0899260863661766,0.08013536781072617,0.31197696924209595,0.2554589807987213,0.12259168922901154,585.0155925987641,796.4787104843388,1059.6537899941427,0.0316397186774942,0.0024012955836951733,720.0,730.0,725.0,753.0,763.0,758.0,1,chanting
P4,-5.606777191162109,-11.636543273925781,-16.226591110229492,-20.627838134765625,-27.11777687072754,-30.50176239013672,-28.750431060791016,-31.5289306640625,-30.884078979492188,-34.5063591003418,-35.11668014526367,-36.611812591552734,-43.588809967041016,-47.73611068725586,-48.83577346801758,-51.36378860473633,-52.18043899536133,-54.065311431884766,-50.306400299072266,-49.89204788208008,-51.567386627197266,-51.29071807861328,-60.14194869995117,-62.66319274902344,-65.82420349121094,-71.57100677490234,-71.34882354736328,-68.55892181396484,-65.49130249023438,-65.71867370605469,-66.36216735839844,-64.75934600830078,2.6841046810150146,2.620314598083496,5.678347110748291,6.867947101593018,9.415595054626465,8.375410079956055,6.599038124084473,4.248218536376953,4.960158824920654,4.016872882843018,4.399104595184326,4.702408313751221,2.9069759845733643,2.638798236846924,2.9056918621063232,3.148423194885254,3.3793604373931885,2.5210635662078857,3.9846999645233154,7.368160724639893,4.536654472351074,6.3037848472595215,7.332153797149658,5.744011878967285,4.021398067474365,1.5467181205749512,1.6279942989349365,2.2452445030212402,2.628984212875366,2.6719534397125244,2.080284833908081,3.939993381500244,-260.2828063964844,97.66122436523438,15.669876098632812,12.779120445251465,8.446822166442871,-3.019963264465332,18.281522750854492,6.086151599884033,-1.04230797290802,4.475788116455078,13.469890594482422,9.503661155700684,9.141902923583984,5.837515830993652,3.898078203201294,8.619189262390137,8.20915412902832,3.0549964904785156,4.154001712799072,2.71995210647583,0.2358584851026535,0.34530946612358093,0.5271665453910828,0.8945338129997253,0.6464647650718689,0.49623650312423706,0.33271336555480957,0.3023768663406372,0.22851917147636414,0.3220053017139435,0.4884289503097534,0.28041914105415344,0.15261435508728027,0.16924363374710083,0.17877539992332458,0.21114671230316162,0.16413189470767975,0.2141282856464386,0.1485903114080429,0.14225462079048157,0.18178541958332062,0.2327825129032135,0.2964123785495758,0.1676083356142044,509.4001481051737,730.8299195185615,1188.0379399305496,0.016199381888051045,0.0017228438518941402,730.0,740.0,735.0,763.0,773.0,768.0,1,chanting
P4,-5.7756218910217285,-12.65750503540039,-18.284990310668945,-18.538896560668945,-11.34859848022461,-7.565830707550049,-13.803224563598633,-19.37207794189453,-18.834257125854492,-22.1098690032959,-28.17520523071289,-36.938777923583984,-43.39054489135742,-47.0977783203125,-50.05815505981445,-53.63399887084961,-54.59354782104492,-53.499755859375,-48.405723571777344,-51.770626068115234,-43.04554748535156,-44.4691047668457,-69.55950164794922,-71.62287139892578,-71.3577651977539,-71.60263061523438,-72.01322174072266,-67.04129028320312,-61.547645568847656,-67.5919418334961,-68.53673553466797,-61.82324981689453,2.795210361480713,2.7300286293029785,5.387011528015137,6.931805610656738,10.93308162689209,11.527233123779297,9.647294998168945,8.588180541992188,8.259163856506348,8.407926559448242,7.4713640213012695,5.2160844802856445,3.9679577350616455,3.094641923904419,3.037545680999756,2.725182294845581,2.517289161682129,3.342827558517456,5.412988662719727,4.921043872833252,8.588519096374512,8.915837287902832,1.9345570802688599,1.8891215324401855,1.946122407913208,1.8069506883621216,1.7651748657226562,2.588818073272705,3.5435049533843994,2.3757753372192383,2.3671841621398926,4.330695152282715,-245.0242462158203,117.13581848144531,20.377605438232422,1.3944005966186523,-5.154061794281006,-23.3033504486084,11.909152030944824,9.036754608154297,-8.102895736694336,10.112872123718262,22.96455955505371,12.588028907775879,3.1456074714660645,3.575457811355591,7.3183465003967285,11.604568481445312,2.6609113216400146,3.2737414836883545,6.205127716064453,2.979517698287964,0.4046818017959595,0.3002147972583771,0.9123490452766418,0.3803349733352661,0.31340840458869934,0.17955438792705536,0.16155299544334412,0.09792550653219223,0.10946166515350342,0.15707732737064362,0.11012236028909683,0.2422092705965042,0.2155531495809555,0.10786955058574677,0.21999476850032806,0.22121715545654297,0.25114426016807556,0.18100443482398987,0.14858591556549072,0.17445950210094452,0.1819530725479126,0.13972583413124084,0.13529475033283234,0.11785700172185898,606.052482282609,835.5482344837587,1018.5547963267541,0.03604784476508121,0.0027154115960001945,740.0,750.0,745.0,773.0,783.0,778.0,1,chanting
P4,-5.742681503295898,-12.396044731140137,-13.229358673095703,-16.50548553466797,-17.786890029907227,-21.290943145751953,-23.166458129882812,-29.2432861328125,-30.592620849609375,-33.88760757446289,-36.13019943237305,-39.36162185668945,-45.482200622558594,-49.576839447021484,-51.18777084350586,-53.54899597167969,-54.02549362182617,-54.62615966796875,-48.400081634521484,-51.79450988769531,-47.475868225097656,-48.38358688354492,-64.07556915283203,-65.77897644042969,-66.75984191894531,-72.4464111328125,-72.55079650878906,-66.21694946289062,-63.50846862792969,-67.92613220214844,-65.31919860839844,-61.812217712402344,2.4539477825164795,2.7133493423461914,2.667300224304199,4.260958671569824,9.666727066040039,9.700203895568848,8.254929542541504,3.0866622924804688,2.767784833908081,2.5347354412078857,3.172687530517578,4.603864669799805,2.8640122413635254,2.89188289642334,3.0966615676879883,2.786207914352417,2.86641788482666,2.882350206375122,3.7728800773620605,7.702610492706299,2.6475677490234375,2.942619800567627,8.052194595336914,5.629045486450195,4.0967607498168945,1.6431611776351929,1.4679068326950073,2.836758852005005,3.0576047897338867,2.90401291847229,1.8996740579605103,2.894305944442749,-256.3667297363281,103.6356201171875,23.253494262695312,13.834878921508789,5.894456386566162,-12.927099227905273,13.62334156036377,3.369338274002075,-6.351181983947754,4.427802562713623,5.2518744468688965,9.765421867370605,11.283599853515625,5.139984607696533,3.174686908721924,8.437935829162598,9.5673189163208,3.158374547958374,3.765331745147705,2.5334489345550537,0.5310853123664856,0.44210246205329895,0.9519780278205872,0.6953792572021484,0.4644564092159271,0.27139976620674133,0.1977754682302475,0.12201760709285736,0.17858324944972992,0.5220522880554199,0.3062531054019928,0.25071218609809875,0.2994597256183624,0.12530234456062317,0.11344435065984726,0.19122131168842316,0.12971770763397217,0.0901680588722229,0.07056401669979095,0.06598486006259918,0.10876580327749252,0.2327834814786911,0.13442499935626984,0.16606146097183228,542.9094925325741,754.6113689095127,1183.8073701906123,0.02241562137470998,0.0019898659083992243,750.0,760.0,755.0,783.0,793.0,788.0,1,chanting
P4,-6.798525810241699,-13.07451343536377,-20.42055892944336,-23.115198135375977,-21.722597122192383,-20.719173431396484,-23.598955154418945,-27.350969314575195,-26.881553649902344,-29.639528274536133,-33.48328399658203,-38.29902648925781,-45.07240295410156,-48.671913146972656,-51.00776290893555,-53.781742095947266,-54.669898986816406,-55.07499694824219,-49.82604217529297,-48.795406341552734,-47.989315032958984,-48.02714538574219,-62.46271514892578,-67.26074981689453,-68.03312683105469,-71.8442153930664,-72.39665985107422,-66.6328125,-62.526363372802734,-65.72930145263672,-66.76858520507812,-64.35079193115234,3.1526927947998047,3.015878677368164,6.688163757324219,8.479584693908691,14.122952461242676,16.443702697753906,13.417108535766602,11.395060539245605,11.60267162322998,10.843250274658203,7.9817681312561035,5.8126935958862305,4.352621555328369,3.4812891483306885,3.882399797439575,3.817338466644287,3.8634414672851562,4.011510372161865,6.773937702178955,8.107928276062012,10.29123306274414,11.061275482177734,5.418021202087402,5.595651149749756,3.9985079765319824,2.604306697845459,2.5296733379364014,4.563682556152344,6.350494384765625,3.4355955123901367,3.482353448867798,5.361840724945068,-257.39141845703125,101.48428344726562,17.9019718170166,8.522212028503418,1.1411027908325195,-13.027076721191406,16.497608184814453,8.587556838989258,-4.816860198974609,9.10612678527832,28.609174728393555,14.691582679748535,8.51339340209961,6.696221351623535,11.124288558959961,17.964155197143555,5.799014091491699,3.9157612323760986,7.751835346221924,4.689238548278809,0.37675270438194275,0.43877479434013367,0.87356036901474,0.5616316795349121,0.49429187178611755,0.29867255687713623,0.2232486456632614,0.17169809341430664,0.2147051990032196,0.25142955780029297,0.19135579466819763,0.27204862236976624,0.18118859827518463,0.20975401997566223,0.24367374181747437,0.2703266441822052,0.2998334765434265,0.2023860216140747,0.1608365774154663,0.1817169487476349,0.2131364643573761,0.1811172515153885,0.18143761157989502,0.16880694031715393,596.7716228902892,852.360120450261,1180.8141907003185,0.02459079538863109,0.0021470231004059315,760.0,770.0,765.0,793.0,803.0,798.0,1,chanting
P4,-5.361207962036133,-11.994189262390137,-16.522323608398438,-14.844165802001953,-11.026395797729492,-13.388242721557617,-17.105581283569336,-24.984447479248047,-25.712825775146484,-30.819320678710938,-34.769287109375,-40.3309440612793,-46.67509078979492,-49.63189697265625,-52.436824798583984,-55.39414596557617,-56.25053024291992,-56.72587966918945,-51.407691955566406,-53.92721176147461,-44.37788772583008,-45.759254455566406,-66.83135223388672,-68.52416229248047,-67.57264709472656,-72.0240707397461,-72.47721862792969,-63.44509506225586,-59.907745361328125,-67.54428100585938,-65.32598876953125,-60.41877365112305,2.3179931640625,2.5602805614471436,2.1342175006866455,2.4709248542785645,6.042923927307129,6.86445426940918,4.2758965492248535,4.549753665924072,5.166933059692383,5.055788040161133,3.376438617706299,3.7853243350982666,3.1609692573547363,2.8882627487182617,2.8458735942840576,2.552685499191284,2.619868278503418,2.13926362991333,2.6480133533477783,4.950313091278076,4.106133937835693,4.538556098937988,5.902248859405518,4.302079200744629,3.1730053424835205,1.5564391613006592,1.4147957563400269,2.7220406532287598,2.8781096935272217,2.6301448345184326,1.9181241989135742,2.1942338943481445,-251.6445770263672,108.63298797607422,29.42089080810547,9.26079273223877,-1.0286513566970825,-19.103923797607422,10.694127082824707,3.20424485206604,-8.938241958618164,9.086692810058594,8.96569538116455,5.624507904052734,7.057554721832275,4.125164985656738,4.912320613861084,7.722195625305176,5.511911869049072,2.790567636489868,3.7765145301818848,3.931692361831665,0.5259755253791809,0.7042866349220276,0.47128763794898987,0.894193708896637,0.48907434940338135,0.457581490278244,0.23377420008182526,0.19834956526756287,0.10162721574306488,0.20954632759094238,0.5433881878852844,0.2131500542163849,0.2417844831943512,0.22808143496513367,0.14838433265686035,0.18607930839061737,0.18625830113887787,0.15953288972377777,0.08734805136919022,0.06934376806020737,0.054590195417404175,0.11903447657823563,0.32300931215286255,0.10496113449335098,558.2615146321581,729.5059522730569,1142.928868841549,0.027914733178654293,0.002155701629817486,770.0,780.0,775.0,803.0,813.0,808.0,1,chanting
P4,-6.7768683433532715,-13.397675514221191,-20.081613540649414,-25.019853591918945,-28.296648025512695,-29.275211334228516,-28.598522186279297,-31.462627410888672,-32.451175689697266,-34.651275634765625,-33.87112045288086,-35.819149017333984,-42.90529251098633,-47.637821197509766,-49.24652862548828,-51.7981071472168,-52.81270980834961,-54.173851013183594,-50.67742919921875,-49.00540542602539,-52.25506591796875,-51.49862289428711,-59.584007263183594,-62.86485290527344,-64.85132598876953,-71.22100067138672,-72.14568328857422,-69.16885375976562,-65.96723937988281,-65.70741271972656,-68.43714141845703,-66.61766052246094,2.9814441204071045,2.8669018745422363,6.526267051696777,6.9917073249816895,10.112750053405762,12.677322387695312,10.974639892578125,8.534734725952148,8.997482299804688,8.359786987304688,7.035974502563477,6.191350936889648,4.374755382537842,3.2203876972198486,3.6766116619110107,3.879053831100464,3.563873529434204,3.282731056213379,5.462727069854736,6.540057182312012,7.179706573486328,8.32373046875,6.121845722198486,6.410220146179199,5.194510459899902,2.0152766704559326,2.066831588745117,2.3632516860961914,3.7261176109313965,2.505131244659424,2.23545503616333,3.83548641204834,-263.0928039550781,96.16275787353516,12.06002426147461,11.600561141967773,5.671832084655762,-2.4473469257354736,18.30521011352539,6.492051124572754,-1.0817397832870483,5.4991841316223145,21.167879104614258,13.088160514831543,6.4697370529174805,6.927804946899414,8.588427543640137,13.799979209899902,5.813567638397217,4.590706825256348,5.903674602508545,3.8674192428588867,0.2662767469882965,0.3645767271518707,0.599031925201416,0.8886218070983887,0.646458625793457,0.5503175854682922,0.323542982339859,0.2661077678203583,0.23707222938537598,0.31924450397491455,0.3309836685657501,0.2383762151002884,0.18143683671951294,0.1632523387670517,0.23610375821590424,0.21609821915626526,0.2131219059228897,0.23563355207443237,0.1592446118593216,0.1773613542318344,0.21089811623096466,0.25244444608688354,0.20425336062908173,0.1871088445186615,562.030038614689,845.0158493148202,1212.6354231787334,0.01740592372389791,0.0018436273094266653,780.0,790.0,785.0,813.0,823.0,818.0,1,chanting
P4,-6.294428825378418,-12.305532455444336,-18.14569091796875,-15.71892261505127,-8.666668891906738,-9.046351432800293,-15.217927932739258,-20.384145736694336,-23.085647583007812,-26.6927490234375,-32.2010612487793,-40.32965087890625,-47.52022933959961,-50.39937973022461,-53.259517669677734,-56.67033386230469,-57.834197998046875,-58.008155822753906,-51.78797912597656,-51.53908157348633,-41.45248031616211,-41.75031661987305,-68.14990234375,-71.12447357177734,-71.05299377441406,-72.99541473388672,-72.92041778564453,-64.32938385009766,-60.02900314331055,-68.2031021118164,-68.00382995605469,-62.006019592285156,2.369105100631714,2.40305495262146,1.791943907737732,1.8214497566223145,1.2970919609069824,4.307924270629883,3.1379098892211914,3.5175952911376953,4.569770336151123,4.610666751861572,3.887923240661621,3.5941379070281982,2.910203695297241,2.442126989364624,2.4660003185272217,2.5926287174224854,2.6712486743927,2.924797773361206,4.111431121826172,5.195749759674072,2.524116277694702,2.939646005630493,3.013993501663208,2.2119784355163574,2.253591537475586,2.020458221435547,1.937846064567566,2.350071668624878,2.135585308074951,2.1785855293273926,1.9469223022460938,1.946602463722229,-250.51466369628906,113.71603393554688,27.896686553955078,7.811381816864014,-6.581594944000244,-24.846418380737305,12.17912769317627,5.593816757202148,-11.864287376403809,12.521347999572754,9.317134857177734,4.503174781799316,5.064175128936768,3.263035774230957,4.086734294891357,5.321197986602783,3.689565896987915,3.1950082778930664,2.265387773513794,2.307701826095581,0.6765395402908325,0.29153987765312195,0.8192312717437744,0.430970162153244,0.2717890441417694,0.17439709603786469,0.1839609593153,0.07398118078708649,0.07990282773971558,0.2777692675590515,0.16057156026363373,0.30563920736312866,0.290793776512146,0.10830507427453995,0.2507126033306122,0.18400879204273224,0.14271758496761322,0.09982770681381226,0.059440940618515015,0.042278338223695755,0.04174325615167618,0.20654147863388062,0.1338706910610199,0.16573671996593475,588.311369431463,773.9462867966937,1063.5203533633887,0.03288817792923434,0.002530599245801568,790.0,800.0,795.0,823.0,833.0,828.0,1,chanting
P4,-6.423181056976318,-12.317996978759766,-17.930160522460938,-22.838533401489258,-27.21592140197754,-30.538862228393555,-32.338706970214844,-34.093441009521484,-35.06166076660156,-35.6810188293457,-34.59975814819336,-38.689453125,-45.59937286376953,-49.0589485168457,-51.15280532836914,-53.0422477722168,-53.397056579589844,-54.43138122558594,-48.531028747558594,-46.91801834106445,-50.04941177368164,-49.306636810302734,-59.473209381103516,-62.02178955078125,-64.21533203125,-71.84685516357422,-71.70701599121094,-68.24705505371094,-67.02159118652344,-66.7154541015625,-67.69695281982422,-66.41705322265625,2.767102003097534,2.4742560386657715,4.988662242889404,6.276340961456299,9.708369255065918,8.603864669799805,7.989266872406006,5.648867130279541,4.625787258148193,3.791752815246582,5.168802261352539,5.758693218231201,4.599717617034912,3.1450889110565186,3.724855899810791,4.342178821563721,4.470977783203125,4.684632301330566,7.210553169250488,9.301517486572266,5.610006809234619,6.409595012664795,7.56222677230835,6.047618865966797,4.8124613761901855,1.7156405448913574,1.6159189939498901,2.792656660079956,3.276289939880371,3.350436210632324,2.538776397705078,3.4755191802978516,-264.2065734863281,93.89755249023438,13.930713653564453,18.242475509643555,7.439979553222656,-3.57336688041687,19.9769287109375,6.66292142868042,-3.452557325363159,3.0228888988494873,16.33237075805664,9.924644470214844,12.216983795166016,6.317939281463623,5.711188793182373,8.23940372467041,7.5113067626953125,3.645094156265259,5.091543674468994,4.418588638305664,0.45377588272094727,0.5435283780097961,0.8859472870826721,0.6893953680992126,0.5594573616981506,0.3724581301212311,0.2877626121044159,0.22200265526771545,0.3420727252960205,0.4819224178791046,0.2864154279232025,0.3256554901599884,0.30343398451805115,0.16374367475509644,0.20100560784339905,0.17089639604091644,0.20405706763267517,0.1559530645608902,0.13086938858032227,0.16921594738960266,0.2224644124507904,0.20232924818992615,0.14859308302402496,0.2343185544013977,542.3927604908323,825.1813211463167,1214.132445893733,0.017055856656032483,0.0017289661336690187,800.0,810.0,805.0,833.0,843.0,838.0,1,chanting
P4,-6.419580936431885,-11.888628959655762,-20.18189239501953,-19.710004806518555,-12.767648696899414,-11.992363929748535,-17.433496475219727,-21.880508422851562,-21.50118637084961,-23.83295249938965,-30.761503219604492,-39.47130584716797,-47.12876892089844,-50.77389907836914,-53.54130935668945,-56.88751983642578,-57.086524963378906,-55.646942138671875,-48.66765213012695,-46.18979263305664,-44.53547668457031,-43.979026794433594,-63.4178581237793,-69.60842895507812,-67.91926574707031,-71.63558197021484,-72.33419036865234,-64.65763854980469,-58.4737663269043,-65.34141540527344,-64.90648651123047,-61.39216613769531,2.7973783016204834,3.0767271518707275,4.910735607147217,7.0265607833862305,11.174678802490234,11.119494438171387,9.819236755371094,8.994117736816406,8.387311935424805,8.63857364654541,6.94060754776001,3.8476014137268066,3.0562987327575684,2.5300283432006836,2.7781152725219727,2.7567191123962402,2.517652988433838,2.9710118770599365,5.496504306793213,6.480113983154297,7.721886157989502,9.149351119995117,3.151013135910034,2.2733922004699707,2.705122470855713,1.7114149332046509,1.4698220491409302,2.8272545337677,4.233999729156494,2.477832078933716,2.753791332244873,4.274951457977295,-247.83470153808594,107.0764389038086,25.042367935180664,6.730520725250244,-6.311769962310791,-23.838790893554688,15.9287748336792,10.060032844543457,-8.621879577636719,10.055625915527344,21.447975158691406,10.889735221862793,5.637279987335205,3.3353896141052246,8.683588027954102,14.049399375915527,3.9240760803222656,3.3676908016204834,6.218842506408691,3.3500688076019287,0.6930025815963745,0.35437431931495667,0.8296825289726257,0.6327334642410278,0.3763806223869324,0.32214316725730896,0.2483305186033249,0.15219444036483765,0.1563793122768402,0.24430763721466064,0.21149611473083496,0.3366960883140564,0.2680872082710266,0.1091672033071518,0.26834535598754883,0.22753173112869263,0.22795328497886658,0.2538684606552124,0.10946166515350342,0.16142170131206512,0.20796050131320953,0.2169266641139984,0.18752366304397583,0.19537168741226196,631.4130600298679,851.1110947469548,1159.8512596642654,0.02998114849187935,0.0023975721560418606,810.0,820.0,815.0,843.0,853.0,848.0,1,chanting
P4,-5.574127197265625,-11.052369117736816,-17.02473258972168,-15.7337064743042,-12.773493766784668,-17.44039535522461,-20.984460830688477,-25.740447998046875,-31.460250854492188,-33.93710708618164,-36.5510368347168,-42.640098571777344,-48.696990966796875,-51.10248565673828,-53.74238967895508,-56.38609313964844,-57.01671600341797,-57.657955169677734,-52.64194107055664,-51.97585678100586,-43.558406829833984,-43.569114685058594,-65.02491760253906,-66.2273941040039,-65.24557495117188,-71.77942657470703,-71.4728775024414,-61.552547454833984,-58.26675033569336,-67.26948547363281,-64.1410903930664,-60.26218032836914,2.343869924545288,2.266385793685913,1.99049973487854,3.9693963527679443,8.634514808654785,8.337237358093262,6.6601338386535645,3.6829559803009033,3.968217372894287,2.7768518924713135,2.589664936065674,3.785632610321045,3.112098217010498,2.321253776550293,2.633283853530884,3.675968885421753,4.169444561004639,4.376850128173828,5.707271099090576,6.89785099029541,3.033794641494751,2.6421024799346924,6.464433193206787,4.5524702072143555,3.212885618209839,1.389184832572937,1.3056514263153076,4.0497565269470215,4.060688495635986,2.2923240661621094,2.9611518383026123,2.636979579925537,-254.29368591308594,101.0962905883789,31.399934768676758,14.757397651672363,0.050359953194856644,-16.90876579284668,12.341123580932617,2.687748670578003,-9.588946342468262,9.857929229736328,5.300268173217773,6.582976341247559,12.005176544189453,5.393162727355957,5.854911804199219,6.639437675476074,6.056869029998779,3.784691572189331,4.577430248260498,4.854116439819336,0.7121607065200806,0.48360463976860046,0.7921531796455383,0.45038902759552,0.3593505322933197,0.22381481528282166,0.19221319258213043,0.10193181037902832,0.24763916432857513,0.5108457207679749,0.202378049492836,0.6809827089309692,0.24963268637657166,0.18195872008800507,0.260103315114975,0.18836945295333862,0.15031780302524567,0.08752015978097916,0.0809972733259201,0.07759223878383636,0.12808093428611755,0.26991918683052063,0.0816379189491272,0.3202402591705322,577.6783191182283,720.1132789841937,1248.8011229939336,0.02664248296113689,0.0021078118588775396,820.0,830.0,825.0,853.0,863.0,858.0,1,chanting
P4,-7.783570766448975,-13.262899398803711,-21.50673484802246,-23.321014404296875,-20.884075164794922,-21.37236213684082,-26.127920150756836,-28.855854034423828,-29.886354446411133,-30.82987403869629,-33.67985153198242,-39.70024108886719,-47.15109634399414,-50.75584411621094,-52.57255172729492,-53.99016189575195,-53.636287689208984,-52.60901641845703,-47.310062408447266,-48.24197769165039,-48.32535934448242,-48.256072998046875,-63.70658874511719,-67.1087417602539,-67.86009216308594,-72.05065155029297,-72.71231079101562,-68.70465087890625,-63.594482421875,-66.8972396850586,-69.0444107055664,-65.15678405761719,2.912928819656372,3.046187162399292,5.672853946685791,7.335877895355225,12.804615020751953,14.578442573547363,13.47758674621582,10.627400398254395,9.975058555603027,9.824663162231445,7.301233291625977,4.502622127532959,3.6807944774627686,2.872349262237549,3.4586615562438965,4.555585861206055,4.174529075622559,3.3710057735443115,5.84491491317749,6.2821221351623535,8.78969955444336,9.088135719299316,5.012897968292236,5.226139545440674,3.8998219966888428,2.1152241230010986,2.2645342350006104,3.2765724658966064,4.443970680236816,2.0994184017181396,2.3443987369537354,3.99665904045105,-261.0806579589844,100.69083404541016,15.933573722839355,12.386702537536621,2.62898850440979,-14.417165756225586,15.214417457580566,9.819570541381836,-5.010218143463135,5.421322345733643,21.057842254638672,15.20091724395752,8.619656562805176,7.820305824279785,11.252130508422852,16.45130157470703,4.300649166107178,2.9320132732391357,7.088010787963867,5.650973796844482,0.4425141215324402,0.386147141456604,0.7972902655601501,0.7676116228103638,0.4981772303581238,0.41308456659317017,0.2950684130191803,0.2032977193593979,0.1920599639415741,0.2711878716945648,0.2461753934621811,0.26009121537208557,0.22573350369930267,0.1640169322490692,0.25212183594703674,0.23044145107269287,0.2703531086444855,0.2643243968486786,0.139757439494133,0.17158475518226624,0.19527746737003326,0.23113024234771729,0.18554255366325378,0.16212059557437897,603.2917680653266,853.8339707801624,1187.2761433240473,0.02485816052784223,0.0020208137575536966,830.0,840.0,835.0,863.0,873.0,868.0,1,chanting
P4,-5.506336212158203,-10.91027545928955,-18.478500366210938,-14.81457805633545,-7.841977119445801,-13.016546249389648,-17.87567710876465,-24.460058212280273,-29.5393123626709,-31.144535064697266,-36.4077262878418,-41.72604751586914,-48.381187438964844,-51.27460479736328,-54.103057861328125,-56.84421157836914,-57.17705154418945,-56.36967086791992,-50.46646499633789,-54.6071662902832,-43.3599853515625,-44.71042251586914,-68.8692626953125,-69.79105377197266,-69.83843231201172,-71.3799819946289,-71.44908905029297,-64.25455474853516,-60.12148666381836,-67.51220703125,-67.17109680175781,-61.52661895751953,2.3282740116119385,2.3430774211883545,1.4945526123046875,1.44508957862854,1.643197774887085,3.757643461227417,3.5793001651763916,4.599221229553223,5.758060932159424,4.479785919189453,3.0295042991638184,2.3654632568359375,2.15816330909729,2.024061918258667,2.0777029991149902,1.9474660158157349,2.1508848667144775,2.7312920093536377,3.6784462928771973,4.960880756378174,4.121567726135254,4.519783020019531,1.9652845859527588,1.6583855152130127,1.8128374814987183,1.439151644706726,1.3932355642318726,2.1321604251861572,2.2585346698760986,1.8466674089431763,1.837997317314148,2.078197956085205,-254.7227020263672,109.06558227539062,30.903127670288086,12.034272193908691,-0.855868399143219,-20.893035888671875,8.983185768127441,4.1091766357421875,-11.48558521270752,8.974398612976074,9.590667724609375,3.812947988510132,3.731691360473633,2.4987878799438477,4.277537822723389,6.3124098777771,3.2616217136383057,3.6879632472991943,2.255971908569336,2.82250714302063,0.9806193113327026,0.3920769691467285,0.5592236518859863,0.45685040950775146,0.2815432548522949,0.22827985882759094,0.21024541556835175,0.10409992933273315,0.09417107701301575,0.29282307624816895,0.21890757977962494,0.34084421396255493,0.06339236348867416,0.11823669075965881,0.2712310254573822,0.19823846220970154,0.12072737514972687,0.10775895416736603,0.08812966197729111,0.05595904216170311,0.04701956734061241,0.16506347060203552,0.15523533523082733,0.1240713968873024,536.1682922868879,678.495742550029,1097.6874253039136,0.029750036252900233,0.0020996080711483955,840.0,850.0,845.0,873.0,883.0,878.0,1,chanting
P4,-7.592843532562256,-13.215387344360352,-22.032958984375,-25.715530395507812,-28.71038055419922,-31.417348861694336,-31.391132354736328,-34.64216995239258,-36.37603759765625,-36.47881317138672,-36.582618713378906,-39.67354202270508,-46.791236877441406,-50.41994857788086,-51.966217041015625,-54.26082229614258,-54.86288070678711,-55.38051986694336,-51.53621292114258,-48.602783203125,-50.4085807800293,-51.76346969604492,-61.515079498291016,-63.66239929199219,-65.90293884277344,-71.7933349609375,-71.50611114501953,-67.9629135131836,-65.9517822265625,-66.8093032836914,-68.50069427490234,-66.74696350097656,2.782221794128418,2.915895700454712,6.472934246063232,7.74290132522583,10.122252464294434,10.243755340576172,8.962032318115234,7.160306930541992,6.709775924682617,6.702915668487549,7.271410942077637,6.57624626159668,4.586808204650879,3.175203561782837,3.508723735809326,3.762295961380005,3.665151834487915,3.9421844482421875,6.635529518127441,10.376428604125977,8.775260925292969,9.094613075256348,6.584994792938232,5.614154815673828,4.32332706451416,1.9496212005615234,1.966612696647644,3.2863423824310303,4.5445556640625,3.534057140350342,3.1985857486724854,4.44183349609375,-270.4989013671875,91.90412902832031,15.24502182006836,15.69360637664795,6.76671028137207,-3.531165838241577,18.388547897338867,7.974052429199219,-3.144831418991089,5.390439033508301,22.656597137451172,9.657907485961914,10.233028411865234,8.276287078857422,6.782913684844971,10.858253479003906,8.016661643981934,3.775958776473999,6.672647476196289,3.1140875816345215,0.3952164351940155,0.49970531463623047,0.7675827145576477,0.7256223559379578,0.6383117437362671,0.5211240649223328,0.34101760387420654,0.27098795771598816,0.3518889844417572,0.45137736201286316,0.3103841543197632,0.3096916973590851,0.2611081302165985,0.2119879424571991,0.2861749231815338,0.18285708129405975,0.24775835871696472,0.2337571382522583,0.1735748052597046,0.21834929287433624,0.2283390760421753,0.24033735692501068,0.18172597885131836,0.20819957554340363,555.1901021489319,809.5185388268561,1251.8914946135476,0.017783180466937356,0.0016264024889096618,850.0,860.0,855.0,883.0,893.0,888.0,1,chanting
P4,-6.321994781494141,-10.83280086517334,-18.646114349365234,-15.585785865783691,-6.778388500213623,-7.107698917388916,-12.991483688354492,-17.42827033996582,-20.023433685302734,-24.23336410522461,-32.11360549926758,-39.417388916015625,-46.45250701904297,-50.48178482055664,-53.12565994262695,-56.541934967041016,-57.19053649902344,-55.973262786865234,-47.77175521850586,-46.760414123535156,-41.50874710083008,-41.1447868347168,-65.2252197265625,-70.4207763671875,-69.82999420166016,-72.04632568359375,-72.20393371582031,-65.38185119628906,-58.94460678100586,-66.33515930175781,-63.6867561340332,-61.37022399902344,2.1231188774108887,2.1533331871032715,1.498900055885315,1.4029442071914673,1.1768231391906738,2.4170753955841064,1.7331198453903198,2.2355470657348633,3.4273266792297363,3.049412488937378,2.886587381362915,2.025275945663452,2.2069103717803955,1.9599566459655762,2.0299031734466553,2.1364519596099854,2.4326751232147217,2.2359488010406494,2.4861550331115723,2.8501107692718506,1.9812490940093994,2.247626543045044,3.929065704345703,1.8711588382720947,2.0113205909729004,1.670253872871399,1.6578856706619263,2.0574355125427246,2.1777443885803223,2.1726174354553223,2.2467894554138184,1.818909764289856,-242.8693389892578,113.27893829345703,27.33973503112793,7.4779181480407715,-7.78282356262207,-29.49466896057129,13.109959602355957,6.881884574890137,-10.979981422424316,11.844322204589844,6.674741268157959,3.3839800357818604,3.003333806991577,2.641953229904175,2.9295108318328857,3.463823080062866,2.8199756145477295,2.388305425643921,2.204733371734619,1.992861270904541,0.751640260219574,0.3316928744316101,0.9503110647201538,0.503914475440979,0.19956421852111816,0.18126483261585236,0.2656766474246979,0.08374420553445816,0.07019755244255066,0.1563665270805359,0.10499250888824463,0.3516237735748291,0.1853175163269043,0.09802612662315369,0.1621423214673996,0.20515263080596924,0.06026046350598335,0.07824208587408066,0.08027248084545135,0.026437707245349884,0.028092699125409126,0.041164085268974304,0.033971913158893585,0.1950504183769226,622.0743547702588,799.4763721722737,1075.1207981956543,0.03590170026102088,0.002534680301323533,860.0,870.0,865.0,893.0,903.0,898.0,1,chanting
P4,-5.767336845397949,-9.997550964355469,-17.323986053466797,-15.551946640014648,-14.008025169372559,-19.84404945373535,-21.97808265686035,-28.3321533203125,-33.44081497192383,-34.19384765625,-36.250064849853516,-40.03202819824219,-46.53336715698242,-49.46921157836914,-51.053836822509766,-52.75838851928711,-53.708988189697266,-54.36688232421875,-50.743797302246094,-50.2296257019043,-44.78263854980469,-46.09977722167969,-61.36527633666992,-62.59218978881836,-64.52747344970703,-69.83814239501953,-69.67333221435547,-61.99171447753906,-59.371726989746094,-65.41757202148438,-64.15230560302734,-61.37508010864258,2.171722888946533,2.3005282878875732,1.6621794700622559,4.534496307373047,11.093660354614258,10.027565956115723,5.586816310882568,3.2612175941467285,2.914055824279785,2.48785400390625,2.9198763370513916,4.852557182312012,3.7972254753112793,2.778461217880249,3.6455657482147217,4.4178619384765625,4.6326003074646,4.491474151611328,4.804853439331055,9.089211463928223,3.0281431674957275,2.5304105281829834,8.668460845947266,7.023128032684326,5.2512078285217285,1.9324347972869873,1.7386022806167603,2.4994773864746094,2.566504955291748,2.7507483959198,2.396084785461426,2.1856982707977295,-250.45213317871094,98.33565521240234,26.240333557128906,16.156726837158203,3.2994370460510254,-12.404539108276367,11.107916831970215,2.002371072769165,-8.089335441589355,7.160797595977783,7.054321765899658,11.073497772216797,14.31848430633545,5.849308967590332,4.019468307495117,7.3751139640808105,8.158202171325684,3.1091575622558594,4.563578128814697,2.714155912399292,0.6957127451896667,0.4007203280925751,0.5052434206008911,0.5674917101860046,0.3941991329193115,0.33025628328323364,0.2408713549375534,0.1495344042778015,0.12615680694580078,0.3266811966896057,0.28333476185798645,0.2299548238515854,0.3774978220462799,0.16925320029258728,0.3085595667362213,0.35436558723449707,0.2759673297405243,0.25790098309516907,0.1861579269170761,0.14258697628974915,0.11931377649307251,0.16312064230442047,0.19932517409324646,0.09579005837440491,605.8833933570114,837.1719678980569,1256.3146980326226,0.02879273310614849,0.0017685041530057788,870.0,880.0,875.0,903.0,913.0,908.0,1,chanting
P4,-7.667779922485352,-12.010578155517578,-20.93651580810547,-21.106307983398438,-17.348575592041016,-16.854398727416992,-20.575258255004883,-24.37529945373535,-25.25665855407715,-28.326934814453125,-33.48664474487305,-39.64059829711914,-45.70689392089844,-49.01570129394531,-51.62828826904297,-54.72720718383789,-54.88932800292969,-54.774253845214844,-49.579219818115234,-47.90607833862305,-46.52827835083008,-48.36109161376953,-64.75871276855469,-67.42523193359375,-68.14470672607422,-70.95108032226562,-71.06623840332031,-67.07403564453125,-62.48374557495117,-67.3807373046875,-67.0909423828125,-63.74696350097656,3.00508189201355,3.098207950592041,6.063044548034668,8.897269248962402,13.87187385559082,14.423981666564941,12.69081974029541,11.505415916442871,10.021728515625,8.611723899841309,6.70375394821167,4.233085632324219,3.400940179824829,2.6546361446380615,3.313246965408325,3.938828706741333,3.5462567806243896,3.626322031021118,5.673501491546631,6.985384464263916,8.407572746276855,8.41745376586914,5.027693748474121,5.345632553100586,4.146811485290527,2.6765143871307373,2.8984053134918213,2.8095364570617676,3.4368653297424316,3.7692794799804688,3.226144790649414,3.978243112564087,-254.7041473388672,105.20268249511719,19.917198181152344,8.495882034301758,-1.866421103477478,-17.104185104370117,13.352567672729492,8.526115417480469,-5.544159889221191,8.351430892944336,21.25799560546875,18.829833984375,7.1128106117248535,5.688965797424316,10.283717155456543,17.220102310180664,3.949355363845825,3.106671094894409,6.528066158294678,3.269615888595581,0.4420740008354187,0.36325669288635254,0.7867496609687805,0.4999324083328247,0.4928716719150543,0.3912694752216339,0.28479665517807007,0.18248632550239563,0.23425494134426117,0.2793494760990143,0.17395980656147003,0.37052759528160095,0.2438439130783081,0.21373343467712402,0.3339162766933441,0.21738943457603455,0.295164555311203,0.2623404264450073,0.13810983300209045,0.2012120485305786,0.26234325766563416,0.21959324181079865,0.15027378499507904,0.2644293010234833,661.3759712862673,964.6475311774942,1197.1042581785448,0.027262180974477957,0.0019715665839612484,880.0,890.0,885.0,913.0,923.0,918.0,1,chanting
P4,-4.53753662109375,-9.1347074508667,-16.52841567993164,-12.176431655883789,-6.999901294708252,-11.855216979980469,-17.094282150268555,-25.8102970123291,-29.306447982788086,-32.146114349365234,-36.38279342651367,-41.43239212036133,-46.5026969909668,-49.07128143310547,-51.91675567626953,-54.55568313598633,-54.93169021606445,-55.806480407714844,-50.35377502441406,-52.821895599365234,-44.58694839477539,-45.376258850097656,-66.02989959716797,-66.70166015625,-67.60314178466797,-69.64273834228516,-69.3043212890625,-61.226402282714844,-59.171295166015625,-67.32621765136719,-64.76446533203125,-59.769508361816406,1.6719497442245483,2.4208157062530518,1.8336901664733887,2.6781399250030518,6.310577869415283,5.801302433013916,3.9953441619873047,4.434118270874023,4.5174736976623535,3.927237033843994,2.998706817626953,2.8489437103271484,2.441683530807495,2.1693241596221924,2.2247653007507324,2.176146984100342,2.22946834564209,2.246436357498169,3.4852967262268066,5.691193580627441,2.9254376888275146,3.0482144355773926,4.387873649597168,3.4246509075164795,2.6334455013275146,1.3676230907440186,1.4480366706848145,2.340331792831421,2.24686861038208,1.9449650049209595,2.0052051544189453,2.0101547241210938,-247.6407470703125,107.37139129638672,31.958492279052734,13.124571800231934,0.8865494728088379,-17.975383758544922,6.786566734313965,1.5061330795288086,-10.791358947753906,7.975464820861816,6.358963966369629,6.293806076049805,6.76643705368042,3.4991421699523926,4.435767650604248,5.665128707885742,5.715638160705566,3.2998931407928467,2.9447264671325684,2.541132926940918,0.9276977181434631,0.3551868200302124,0.49696600437164307,0.46941763162612915,0.3085732161998749,0.22122973203659058,0.1382322758436203,0.07504179328680038,0.07451242208480835,0.3469153940677643,0.2823183536529541,0.25896984338760376,0.2134932577610016,0.11720824241638184,0.26124611496925354,0.2606917917728424,0.16470691561698914,0.13446076214313507,0.08212260156869888,0.05434611439704895,0.04562271386384964,0.19271297752857208,0.2225867360830307,0.09652838110923767,554.5639937814308,684.8407931228248,1132.9403518024594,0.031689566415313224,0.0019836346618831158,890.0,900.0,895.0,923.0,933.0,928.0,1,chanting
P4,-7.4711995124816895,-12.093623161315918,-19.105531692504883,-23.651838302612305,-25.561141967773438,-27.166418075561523,-32.255550384521484,-34.482418060302734,-32.57977294921875,-32.897457122802734,-33.66518020629883,-37.8174934387207,-44.79320526123047,-48.64360809326172,-50.67332458496094,-52.823238372802734,-52.66974639892578,-52.57628631591797,-46.76902389526367,-44.59584426879883,-49.55982971191406,-49.578582763671875,-58.19352722167969,-61.28933334350586,-63.010101318359375,-70.6902084350586,-70.63764190673828,-66.99264526367188,-63.0618896484375,-64.36185455322266,-66.4929428100586,-64.33650207519531,2.940112590789795,2.804736614227295,6.544882297515869,6.980828762054443,10.20936107635498,11.846109390258789,11.876440048217773,9.54460334777832,8.660449028015137,7.026495933532715,6.177427291870117,5.288267612457275,3.9119935035705566,3.075192451477051,3.511193037033081,3.4776864051818848,3.526663303375244,3.8238797187805176,6.7996344566345215,8.230587005615234,7.293552875518799,7.57346248626709,5.696407318115234,5.64059591293335,4.06166934967041,2.377030372619629,2.429022789001465,2.929003953933716,4.507997035980225,3.2027361392974854,2.86085844039917,4.132102012634277,-258.1817932128906,91.41569519042969,13.945740699768066,15.921724319458008,6.471601486206055,-5.597146987915039,19.26542091369629,8.006945610046387,-4.44226598739624,2.293433666229248,20.67780303955078,11.595254898071289,8.538126945495605,7.966638088226318,9.018835067749023,14.048259735107422,7.210391044616699,2.7777576446533203,6.232276439666748,5.652166366577148,0.20342235267162323,0.2658693194389343,0.48890164494514465,0.8252021670341492,0.6619597673416138,0.5449886322021484,0.3147951662540436,0.2137128859758377,0.17779138684272766,0.2670019268989563,0.278779000043869,0.16598670184612274,0.17280402779579163,0.13084053993225098,0.25762856006622314,0.3045560121536255,0.21364694833755493,0.2520977258682251,0.15104800462722778,0.1528683453798294,0.17775818705558777,0.22759635746479034,0.17068809270858765,0.10220091789960861,658.3732344163321,1009.6873980387181,1346.5459548767053,0.020629033135150812,0.0016007869271561503,900.0,910.0,905.0,933.0,943.0,938.0,1,chanting
P4,-4.317917346954346,-8.923900604248047,-15.674095153808594,-12.5571870803833,-4.944653034210205,-6.055372714996338,-12.549073219299316,-17.415851593017578,-19.61151123046875,-23.73804473876953,-30.550636291503906,-39.08490753173828,-46.09198760986328,-47.89284133911133,-50.56344223022461,-53.83341979980469,-54.561893463134766,-54.284305572509766,-47.112518310546875,-46.890079498291016,-41.99235153198242,-41.75801086425781,-64.69389343261719,-66.90166473388672,-65.33255767822266,-69.67913818359375,-69.51153564453125,-61.07450866699219,-55.973846435546875,-64.33165740966797,-61.19326400756836,-57.85623550415039,1.6170743703842163,2.3071892261505127,1.5223857164382935,1.5703015327453613,1.044081687927246,3.0118329524993896,2.4373884201049805,3.9825685024261475,5.414149284362793,4.811836242675781,4.048159599304199,2.6207199096679688,2.2708797454833984,2.2554569244384766,2.3748390674591064,2.3906126022338867,2.3222410678863525,2.484588861465454,3.954448938369751,5.845707893371582,3.7548530101776123,4.104519844055176,2.456294536590576,2.2495906352996826,2.5394766330718994,1.810936450958252,1.7336580753326416,3.2553012371063232,2.199960947036743,2.1191561222076416,2.293435573577881,2.0038580894470215,-232.80648803710938,110.90924835205078,30.387434005737305,7.224897861480713,-5.6875715255737305,-26.185108184814453,10.070480346679688,5.839250564575195,-9.386631965637207,9.862998962402344,8.29509449005127,4.37186336517334,4.878232479095459,3.0396945476531982,4.49849271774292,6.048964500427246,4.959326267242432,3.7893970012664795,2.2689685821533203,2.335146427154541,0.7760297060012817,0.2886379063129425,0.8232628703117371,0.37704625725746155,0.23690786957740784,0.15323619544506073,0.17696911096572876,0.062246114015579224,0.0794793888926506,0.2291630208492279,0.11804720759391785,0.37876564264297485,0.18431633710861206,0.07371039688587189,0.2873859703540802,0.13961495459079742,0.07964946329593658,0.05076533183455467,0.05408801883459091,0.02402801439166069,0.02526908740401268,0.1278475672006607,0.06719640642404556,0.16740967333316803,632.4171814331906,791.3077440726508,1141.6246905731016,0.035714771244199535,0.002279844367876649,910.0,920.0,915.0,943.0,953.0,948.0,1,chanting
P4,-4.3262128829956055,-8.724909782409668,-12.653352737426758,-16.331878662109375,-18.982751846313477,-23.310361862182617,-26.198909759521484,-28.29677963256836,-29.202707290649414,-31.089176177978516,-30.381479263305664,-34.233516693115234,-41.0555305480957,-45.560203552246094,-47.71207809448242,-50.1103630065918,-51.691410064697266,-52.36370849609375,-47.07398223876953,-44.631710052490234,-43.237937927246094,-42.177677154541016,-54.301326751708984,-57.349586486816406,-59.7573127746582,-68.5093765258789,-68.1572494506836,-60.612457275390625,-58.224876403808594,-61.86783218383789,-61.76627731323242,-59.56012725830078,1.886049747467041,2.3428854942321777,2.3061130046844482,5.2480974197387695,9.469882011413574,9.686721801757812,9.072709083557129,5.033514976501465,4.040541648864746,2.3685073852539062,3.2936062812805176,5.7256903648376465,4.3805623054504395,2.8686788082122803,2.978546142578125,3.214618682861328,3.024038553237915,2.366162061691284,3.246734857559204,7.526384353637695,2.891127824783325,3.5505197048187256,8.688008308410645,5.9866790771484375,3.655327558517456,1.6964656114578247,1.6371092796325684,3.759639263153076,3.416221857070923,2.530115842819214,3.1633458137512207,3.3187952041625977,-236.7841033935547,93.29730224609375,19.37727165222168,16.05575180053711,3.578575372695923,-6.533517837524414,19.97716522216797,3.1765518188476562,-7.172591209411621,5.4958672523498535,6.22770357131958,9.736910820007324,13.506956100463867,6.35343599319458,3.1774377822875977,9.448761940002441,10.86249828338623,2.4054250717163086,2.6995432376861572,3.1903626918792725,0.4356403648853302,0.5601506233215332,0.9543397426605225,0.5575239658355713,0.400129109621048,0.24013619124889374,0.18380457162857056,0.10212884843349457,0.2471085786819458,0.4498179256916046,0.16551120579242706,0.3298519253730774,0.25568118691444397,0.1648930460214615,0.11790064722299576,0.1562567949295044,0.13835003972053528,0.0890687108039856,0.0718979462981224,0.07604166120290756,0.13460597395896912,0.30076104402542114,0.07140658050775528,0.3117533326148987,671.3743462602557,985.75606556337,1375.4243087358734,0.021120713094547564,0.0016840818570926785,920.0,930.0,925.0,953.0,963.0,958.0,1,chanting
P4,-7.867428302764893,-11.621010780334473,-20.577838897705078,-19.566097259521484,-14.32012939453125,-13.163558006286621,-18.27547836303711,-21.859086990356445,-21.85956573486328,-24.78536033630371,-31.482961654663086,-38.70173645019531,-45.69924545288086,-49.435585021972656,-51.87468338012695,-54.69475173950195,-55.112186431884766,-54.981170654296875,-49.85917282104492,-48.510711669921875,-46.10786056518555,-46.70042037963867,-64.18870544433594,-69.41181182861328,-68.55925750732422,-71.34639739990234,-71.94388580322266,-68.47332000732422,-62.715919494628906,-67.09284973144531,-64.53560638427734,-61.52980422973633,3.379784345626831,3.2982308864593506,6.1638922691345215,9.494927406311035,14.285425186157227,14.157278060913086,12.347856521606445,11.759203910827637,10.795926094055176,10.02316665649414,8.291478157043457,5.343386650085449,3.9331417083740234,2.906222343444824,3.173384189605713,3.19693922996521,2.959960699081421,3.376084327697754,6.198007106781006,8.286540031433105,9.690131187438965,10.345084190368652,4.967835426330566,3.357983350753784,3.731804370880127,2.1178815364837646,2.1195948123931885,2.7266016006469727,4.4075493812561035,3.2432029247283936,3.9285852909088135,5.522092342376709,-250.46670532226562,109.0530014038086,21.743755340576172,5.094300746917725,-4.030364513397217,-21.604063034057617,14.756852149963379,7.375376224517822,-4.966100215911865,7.800339221954346,28.147214889526367,15.791781425476074,5.741539478302002,3.425391674041748,10.01174259185791,16.98682975769043,4.1287665367126465,3.0308570861816406,6.4094977378845215,2.4209840297698975,0.5409178733825684,0.26928988099098206,0.7267270684242249,0.5870352983474731,0.36541977524757385,0.36835017800331116,0.27487900853157043,0.14660778641700745,0.14460183680057526,0.2374318391084671,0.19018995761871338,0.25394681096076965,0.306882381439209,0.13332760334014893,0.3692809045314789,0.23957988619804382,0.3091638684272766,0.34073710441589355,0.11876396834850311,0.14396709203720093,0.1807480752468109,0.20123347640037537,0.15401828289031982,0.15633173286914825,667.702821858376,907.4421539660673,1169.9987648198944,0.03440513522331787,0.0023358436301350594,930.0,940.0,935.0,963.0,973.0,968.0,1,chanting
P4,-4.015336036682129,-8.229681015014648,-12.769804954528809,-10.439979553222656,-7.640743255615234,-11.503600120544434,-13.361042976379395,-18.371946334838867,-29.692224502563477,-30.957311630249023,-33.83944320678711,-39.71950149536133,-45.82618713378906,-48.5284538269043,-50.432186126708984,-52.64445114135742,-53.38987350463867,-52.06949996948242,-46.78641128540039,-52.09044647216797,-43.92262649536133,-43.99452209472656,-65.60966491699219,-66.93878936767578,-67.90068054199219,-70.0733871459961,-69.88439178466797,-61.5338249206543,-57.849365234375,-65.17736053466797,-61.8588752746582,-59.73914337158203,1.6084229946136475,2.2171247005462646,2.30843448638916,3.954723358154297,7.412900447845459,7.292583465576172,5.965248107910156,3.6582751274108887,4.071249961853027,3.2296180725097656,2.6007986068725586,3.5135717391967773,2.9921441078186035,2.618802309036255,2.3470184803009033,2.492145299911499,2.4982354640960693,1.8493647575378418,2.3450980186462402,4.5510334968566895,2.776855230331421,2.427720069885254,5.560623645782471,4.328572750091553,3.2141222953796387,1.3739984035491943,1.2692866325378418,2.5588877201080322,2.433332920074463,1.8601981401443481,2.655083656311035,2.44783353805542,-239.84898376464844,109.96539306640625,30.910768508911133,11.662476539611816,2.1531569957733154,-21.70260238647461,6.594317436218262,3.221027374267578,-9.700419425964355,8.718259811401367,5.112653732299805,6.922842025756836,8.1242036819458,3.7149789333343506,3.386977434158325,8.358850479125977,5.951972007751465,2.327714204788208,3.5602428913116455,2.464827060699463,0.7368267178535461,0.3930227756500244,0.766599178314209,0.41396787762641907,0.4235917031764984,0.26562851667404175,0.30667126178741455,0.08021311461925507,0.20932763814926147,0.6105261445045471,0.1959010362625122,0.6005121469497681,0.24559113383293152,0.12540428340435028,0.24606020748615265,0.18994106352329254,0.2264305055141449,0.1003296747803688,0.13829094171524048,0.04246837645769119,0.09785858541727066,0.32966864109039307,0.10557112842798233,0.3132517635822296,567.968257890602,722.761213475203,1107.799150678085,0.030142020736658934,0.0022680852562189102,940.0,950.0,945.0,973.0,983.0,978.0,1,chanting
P4,-8.368768692016602,-12.443445205688477,-19.42576026916504,-23.854217529296875,-24.667057037353516,-25.940202713012695,-31.590003967285156,-31.4545841217041,-31.259557723999023,-31.287729263305664,-31.895782470703125,-35.535308837890625,-43.2313346862793,-47.64218521118164,-49.25016403198242,-51.231475830078125,-52.39826202392578,-53.379783630371094,-49.813961029052734,-48.48892593383789,-51.745323181152344,-50.867252349853516,-59.54393768310547,-63.822288513183594,-65.75360107421875,-71.99343872070312,-72.4819564819336,-70.00113677978516,-65.15096282958984,-67.26036071777344,-69.09663391113281,-67.2393798828125,3.095269203186035,3.183927536010742,6.456465721130371,7.243025779724121,11.142922401428223,12.669107437133789,12.676226615905762,9.641278266906738,9.880939483642578,9.800015449523926,7.023902416229248,4.898579120635986,3.347466468811035,2.9436068534851074,3.394700765609741,4.0995965003967285,3.7223122119903564,3.1347570419311523,5.730590343475342,6.871757507324219,7.712502956390381,7.966709136962891,5.2758259773254395,5.372554302215576,3.1786155700683594,1.634034276008606,1.9767051935195923,2.269735336303711,3.558842420578003,2.4881649017333984,2.3275046348571777,3.355437994003296,-261.2962341308594,99.30936431884766,10.921789169311523,11.368128776550293,4.978912353515625,-4.101769924163818,18.135875701904297,6.71498441696167,-3.3132987022399902,3.1873433589935303,21.13338851928711,14.086064338684082,6.795677185058594,6.613090991973877,10.72712230682373,15.412246704101562,4.852785587310791,4.226025581359863,5.427959442138672,4.082250595092773,0.2379583865404129,0.3831954002380371,0.8321918845176697,0.6581538915634155,0.4999777376651764,0.34798532724380493,0.20224128663539886,0.14110316336154938,0.18984542787075043,0.23836803436279297,0.16839599609375,0.19523121416568756,0.11957787722349167,0.18257297575473785,0.31395548582077026,0.22049155831336975,0.2709946632385254,0.222015842795372,0.11902713030576706,0.15725278854370117,0.19488349556922913,0.16456928849220276,0.11528829485177994,0.15569086372852325,624.2848556235915,986.0308512180975,1220.0865743580462,0.02056785636600928,0.001740176696330309,950.0,960.0,955.0,983.0,993.0,988.0,1,chanting
P4,-5.51882266998291,-9.10800838470459,-17.115745544433594,-13.457378387451172,-5.611475944519043,-6.496512413024902,-12.819795608520508,-16.97211456298828,-21.561874389648438,-22.786094665527344,-28.7730770111084,-36.326271057128906,-44.94721603393555,-49.03962707519531,-51.535030364990234,-53.92853546142578,-54.5047492980957,-53.36277770996094,-46.47068786621094,-49.29513931274414,-41.238807678222656,-41.19327163696289,-66.33283233642578,-70.14389038085938,-69.63983917236328,-71.62828826904297,-71.8297119140625,-66.94510650634766,-61.5963134765625,-68.33940887451172,-65.82034301757812,-61.41357421875,1.5531665086746216,2.119500160217285,1.2756463289260864,1.1877471208572388,1.1904194355010986,3.321870803833008,2.063781976699829,2.3675079345703125,5.814425468444824,5.899795055389404,4.550387859344482,3.4874188899993896,2.786804676055908,2.0703988075256348,1.8238054513931274,1.7555707693099976,1.8314887285232544,1.5704542398452759,2.0865049362182617,4.3951520919799805,3.1739237308502197,4.160536766052246,3.5468597412109375,1.3133918046951294,2.1135551929473877,1.0146273374557495,0.9742306470870972,2.2233898639678955,2.0912389755249023,1.6357433795928955,1.8799622058868408,2.1252739429473877,-239.66542053222656,118.21780395507812,23.69315528869629,7.426847457885742,-6.0504536628723145,-26.92060089111328,12.369918823242188,6.067056655883789,-10.223367691040039,8.091043472290039,8.84780502319336,3.5099892616271973,4.487245082855225,3.312941074371338,5.30094051361084,3.062670946121216,5.269738674163818,2.0676605701446533,2.223752498626709,1.8101288080215454,0.7566152811050415,0.3308289647102356,0.8710036277770996,0.537222146987915,0.17127852141857147,0.14201608300209045,0.22325406968593597,0.08422859013080597,0.057949163019657135,0.1882402002811432,0.13840365409851074,0.243463397026062,0.15308363735675812,0.08701673150062561,0.2447594851255417,0.19966046512126923,0.07295845448970795,0.06255891174077988,0.056241076439619064,0.04235905408859253,0.03046494349837303,0.11430375277996063,0.11211570352315903,0.11010637134313583,606.0322151752357,803.0485856837297,1001.3848744962446,0.03826380329176334,0.002557715168222785,960.0,970.0,965.0,993.0,1003.0,998.0,1,chanting
P4,-5.181244850158691,-10.19405746459961,-13.99372386932373,-15.512629508972168,-16.410587310791016,-19.92726707458496,-24.07364273071289,-25.979007720947266,-31.7746639251709,-33.71014404296875,-33.90315628051758,-37.69376754760742,-43.83287048339844,-47.46873092651367,-48.90962219238281,-51.073463439941406,-52.47535705566406,-52.46139144897461,-47.47205352783203,-51.08286666870117,-48.502418518066406,-48.219329833984375,-63.29882049560547,-64.54460144042969,-66.59829711914062,-70.59854125976562,-70.5322494506836,-64.46835327148438,-61.632930755615234,-66.74995422363281,-65.95675659179688,-63.46821594238281,1.5690168142318726,2.458307981491089,2.2681174278259277,5.039155006408691,8.869980812072754,8.810945510864258,10.009970664978027,5.667435169219971,2.1345694065093994,1.9957958459854126,3.174816370010376,5.959022521972656,4.978697299957275,3.320030927658081,4.033646106719971,4.261185646057129,3.597456693649292,2.080327272415161,2.371049404144287,5.020906925201416,3.150078535079956,2.4631049633026123,6.807649612426758,5.867143154144287,4.210832118988037,1.1798114776611328,1.130771517753601,2.8218820095062256,2.804243326187134,1.966629981994629,2.6095173358917236,2.179767370223999,-250.61643981933594,104.23446655273438,21.402767181396484,13.319973945617676,6.363527297973633,-10.104004859924316,10.781442642211914,4.245607376098633,-7.0747480392456055,5.0280375480651855,4.302695274353027,7.862053394317627,11.611258506774902,2.7842092514038086,4.281134605407715,12.42231559753418,8.542505264282227,2.1373822689056396,4.2013092041015625,3.552060127258301,0.49435997009277344,0.44546976685523987,0.9720881581306458,0.614822268486023,0.4256434142589569,0.24936480820178986,0.23054973781108856,0.09600697457790375,0.19451776146888733,0.5540054440498352,0.20377865433692932,0.30765634775161743,0.27870357036590576,0.10209690779447556,0.07511693984270096,0.16371634602546692,0.11586452275514603,0.0759200006723404,0.08944949507713318,0.048575207591056824,0.10594934225082397,0.3509364724159241,0.10097897052764893,0.23338380455970764,550.8953990924437,791.4326466429815,1142.951681722882,0.022272875580046404,0.0017823288217186928,970.0,980.0,975.0,1003.0,1013.0,1008.0,1,chanting
P4,-8.276784896850586,-12.645657539367676,-20.718841552734375,-22.346078872680664,-20.23771095275879,-20.12818717956543,-24.666776657104492,-27.170324325561523,-26.642301559448242,-28.01435089111328,-32.297760009765625,-37.91016387939453,-45.033660888671875,-49.284393310546875,-51.24994659423828,-53.48884201049805,-54.125526428222656,-54.04695510864258,-49.352210998535156,-47.8101692199707,-48.6645622253418,-48.906219482421875,-62.55007553100586,-67.30296325683594,-67.22100830078125,-71.71468353271484,-72.38758850097656,-67.64498138427734,-62.72769546508789,-66.6448974609375,-66.09323120117188,-63.983333587646484,3.376199722290039,3.3440680503845215,6.804601669311523,9.436437606811523,14.13950252532959,15.535400390625,14.395740509033203,11.954995155334473,11.992976188659668,11.394816398620605,9.017643928527832,6.304157733917236,4.43757438659668,3.484984874725342,4.624831676483154,4.806690216064453,3.9630560874938965,3.8073112964630127,7.647029399871826,9.310415267944336,11.21231460571289,12.004132270812988,4.31803035736084,4.300148963928223,3.2238717079162598,2.1285769939422607,1.9249495267868042,3.612539768218994,5.907204627990723,3.380574941635132,4.838637351989746,6.45229959487915,-256.5538635253906,102.15828704833984,17.163034439086914,7.885706424713135,0.8053468465805054,-13.914064407348633,16.289813995361328,8.678316116333008,-4.7350568771362305,6.067750930786133,30.498729705810547,13.607348442077637,8.560029029846191,4.644406795501709,12.403600692749023,20.14089584350586,5.037214279174805,3.447078227996826,7.69624137878418,4.291477203369141,0.3209021985530853,0.3349381983280182,0.7781969904899597,0.5410194993019104,0.5093801021575928,0.3747742772102356,0.24166685342788696,0.1678149253129959,0.22109954059123993,0.2654513418674469,0.18902458250522614,0.28620970249176025,0.1954711526632309,0.19753408432006836,0.35052767395973206,0.24956700205802917,0.32062625885009766,0.2646268904209137,0.14099764823913574,0.20273591578006744,0.2525656819343567,0.20873397588729858,0.1375105082988739,0.22657553851604462,655.7405083503704,939.9667832801624,1217.7476063416277,0.027710810614849188,0.002047090558335185,980.0,990.0,985.0,1013.0,1023.0,1018.0,1,chanting
P4,-5.2624688148498535,-9.599898338317871,-16.65788459777832,-13.632196426391602,-6.26815938949585,-7.610348224639893,-11.961548805236816,-16.13821792602539,-22.43182373046875,-24.648632049560547,-30.992246627807617,-39.480010986328125,-46.48381042480469,-48.74187469482422,-50.93550109863281,-53.96829605102539,-54.76115798950195,-53.943138122558594,-48.02936553955078,-50.05997085571289,-42.51050567626953,-42.442195892333984,-66.73400115966797,-68.60577392578125,-68.26587677001953,-70.98873138427734,-70.91444396972656,-61.231971740722656,-57.65030288696289,-67.42326354980469,-62.67991256713867,-59.92374801635742,1.6739249229431152,2.261554718017578,2.1751582622528076,1.7737163305282593,1.3454643487930298,3.252685546875,1.8553457260131836,2.019273519515991,5.915791034698486,5.0397629737854,4.2407097816467285,3.4300713539123535,2.603872776031494,1.926522970199585,1.9114832878112793,1.8076502084732056,1.8718669414520264,1.8607078790664673,2.8026931285858154,4.563140392303467,3.5187056064605713,3.651778221130371,2.3120486736297607,1.5215928554534912,1.9864554405212402,1.1242649555206299,1.120769739151001,2.6489906311035156,2.3282978534698486,1.50208580493927,1.9459601640701294,1.9696897268295288,-238.8212890625,113.14555358886719,28.784648895263672,6.63232421875,-5.120479583740234,-26.008432388305664,8.881770133972168,6.396205902099609,-9.187482833862305,10.849784851074219,8.278424263000488,3.3499062061309814,4.41979455947876,3.083800792694092,4.273532390594482,4.345818996429443,4.791182041168213,2.8132405281066895,1.9558013677597046,1.9316059350967407,0.797234833240509,0.3707379698753357,0.8036704659461975,0.615127444267273,0.26117268204689026,0.20786124467849731,0.3104419410228729,0.13335134088993073,0.06284728646278381,0.21872130036354065,0.2055048644542694,0.23055322468280792,0.18137748539447784,0.1077861562371254,0.27169615030288696,0.22372590005397797,0.10320723801851273,0.08731311559677124,0.0967947319149971,0.07118790596723557,0.029310068115592003,0.14450663328170776,0.19618462026119232,0.100415900349617,615.8978233326856,781.3405189602669,1086.5603914954438,0.03533298288863109,0.002329831011593342,990.0,1000.0,995.0,1023.0,1033.0,1028.0,1,chanting
P4,-5.769481182098389,-9.787614822387695,-15.781106948852539,-18.85536766052246,-21.287282943725586,-25.285871505737305,-27.605195999145508,-28.111183166503906,-33.18310546875,-33.87589645385742,-34.62483596801758,-37.51282501220703,-43.62417221069336,-46.46577835083008,-48.228240966796875,-50.26860809326172,-51.14681625366211,-51.39312744140625,-47.33997344970703,-47.11944580078125,-46.2156867980957,-45.98894119262695,-58.008121490478516,-60.90586853027344,-63.69641876220703,-68.93836212158203,-68.85645294189453,-62.7371711730957,-60.08981704711914,-64.71913146972656,-64.7800521850586,-63.657291412353516,2.76247239112854,2.9996159076690674,6.551837921142578,7.843554973602295,10.127283096313477,8.598037719726562,9.410008430480957,7.778071880340576,3.4234371185302734,3.1711971759796143,5.00288200378418,5.839059352874756,4.333119869232178,2.888495683670044,3.3022501468658447,3.5519025325775146,3.408353567123413,2.9094960689544678,4.392928123474121,8.257367134094238,5.58545446395874,6.551202774047852,7.250115871429443,5.375740051269531,3.4859015941619873,2.1393651962280273,2.3101134300231934,4.235001564025879,4.06926965713501,2.6535825729370117,3.038433790206909,2.984736919403076,-248.52313232421875,94.34312438964844,17.242551803588867,16.848941802978516,6.619110107421875,-6.37923526763916,14.727899551391602,5.601945400238037,-5.753801345825195,6.608117580413818,14.231019020080566,10.137516975402832,12.04427719116211,6.471797943115234,4.292388439178467,10.495635986328125,9.581949234008789,3.019071102142334,5.188149929046631,4.243274688720703,0.349699467420578,0.5072157979011536,0.8212085366249084,0.5748533606529236,0.46940740942955017,0.3425334692001343,0.27003738284111023,0.17609426379203796,0.35665571689605713,0.5028537511825562,0.2012062519788742,0.31457504630088806,0.20572608709335327,0.23593030869960785,0.295240193605423,0.1722414642572403,0.2535182535648346,0.15276919305324554,0.1394219845533371,0.16170339286327362,0.21355904638767242,0.3102891743183136,0.11989125609397888,0.28329116106033325,621.8619393643392,929.4000258301915,1301.0318816041329,0.020455698955916472,0.0015347932931035757,1000.0,1010.0,1005.0,1033.0,1043.0,1038.0,1,chanting
P4,-7.353646278381348,-11.273740768432617,-18.6667537689209,-15.539701461791992,-8.44998550415039,-7.006302356719971,-12.078011512756348,-16.43779182434082,-19.143468856811523,-21.54277992248535,-27.929628372192383,-36.671146392822266,-44.83372497558594,-49.06221389770508,-52.18378448486328,-55.18854522705078,-55.66343307495117,-54.72613525390625,-47.07126998901367,-46.04639434814453,-42.50175857543945,-44.6839714050293,-66.12406158447266,-71.41698455810547,-70.85570526123047,-72.91893005371094,-73.08203887939453,-68.7444076538086,-63.95353317260742,-69.9262466430664,-68.0865707397461,-62.89591979980469,2.173720121383667,2.6132147312164307,3.0301361083984375,4.348204135894775,6.583027362823486,6.624026298522949,5.743015289306641,5.292629718780518,4.848032474517822,4.920594692230225,4.670034885406494,3.5879459381103516,3.268068790435791,2.304298162460327,2.3488311767578125,2.0596983432769775,2.2710416316986084,2.5656726360321045,4.383196830749512,5.086636543273926,5.7735371589660645,5.681809425354004,3.137934923171997,1.4088366031646729,1.6416471004486084,1.2751060724258423,1.2709918022155762,2.108522891998291,2.5210208892822266,1.821943759918213,2.139368772506714,2.8627676963806152,-244.3157501220703,120.1097640991211,20.262344360351562,5.113248348236084,-8.755720138549805,-28.25535011291504,13.596096992492676,8.07686996459961,-9.49811840057373,8.169153213500977,14.988153457641602,6.809164524078369,4.110405921936035,2.499845027923584,4.183815956115723,7.460123062133789,2.9505443572998047,2.702324390411377,3.9958336353302,2.2846384048461914,0.560550332069397,0.2857964336872101,0.9300453066825867,0.6018185615539551,0.26675260066986084,0.22368566691875458,0.3007606565952301,0.1070697158575058,0.0764559805393219,0.17578114569187164,0.12580616772174835,0.22013509273529053,0.14347533881664276,0.09335470199584961,0.182479128241539,0.22626200318336487,0.19328348338603973,0.1799536943435669,0.09982684254646301,0.05773564800620079,0.09059348702430725,0.11703275144100189,0.09696639329195023,0.1374681442975998,633.5842228607751,849.2375561919954,980.3004564963182,0.03985779799883991,0.0027265024837106466,1010.0,1020.0,1015.0,1043.0,1053.0,1048.0,1,chanting
P4,-4.442933559417725,-8.426210403442383,-14.30008602142334,-10.486083030700684,-7.16585111618042,-12.23289966583252,-15.28061294555664,-19.404260635375977,-29.82561492919922,-29.859052658081055,-33.2496223449707,-39.3568115234375,-46.707244873046875,-48.41847610473633,-50.453800201416016,-53.25571060180664,-54.179874420166016,-53.17478561401367,-46.813289642333984,-50.96151351928711,-44.42804718017578,-45.763580322265625,-64.80474090576172,-66.19325256347656,-66.65628814697266,-69.82878875732422,-69.4698257446289,-60.040287017822266,-57.89223098754883,-66.99144744873047,-61.988975524902344,-59.269866943359375,1.7277554273605347,2.131629705429077,1.7220698595046997,2.7663700580596924,6.326185703277588,6.348025321960449,4.225264072418213,3.151810884475708,5.0194993019104,3.6648008823394775,2.8971359729766846,2.828019618988037,2.675328493118286,2.2094998359680176,1.979473352432251,2.0007424354553223,2.420121192932129,1.9200202226638794,2.2836451530456543,4.948495388031006,1.7068825960159302,1.8489384651184082,4.2937750816345215,3.433753728866577,2.310795783996582,1.4385799169540405,1.416831374168396,3.1567330360412598,2.6650285720825195,1.6573734283447266,2.6614086627960205,2.248599052429199,-240.65000915527344,108.63435363769531,30.80766487121582,11.544861793518066,0.9413619041442871,-20.205814361572266,7.06212043762207,3.633052110671997,-9.944744110107422,7.028019905090332,5.300257682800293,5.831843376159668,7.443886756896973,4.645978927612305,3.662179708480835,5.4160566329956055,5.341496467590332,2.6464357376098633,2.788546562194824,2.085395574569702,0.8885797262191772,0.3925195038318634,0.6026725769042969,0.5604260563850403,0.28172409534454346,0.21575099229812622,0.26190927624702454,0.13058586418628693,0.08870010823011398,0.4887142777442932,0.38446560502052307,0.24430981278419495,0.24523939192295074,0.12443777173757553,0.23133055865764618,0.24151138961315155,0.13416938483715057,0.10476352274417877,0.10191576927900314,0.07873333245515823,0.04385601729154587,0.24250788986682892,0.27977290749549866,0.10103588551282883,573.4131802078681,718.0898573448376,1142.700705662945,0.030964508410672855,0.002080395817756653,1020.0,1030.0,1025.0,1053.0,1063.0,1058.0,1,chanting
P4,-8.229021072387695,-12.039701461791992,-19.135726928710938,-23.50375747680664,-25.07914924621582,-27.12120246887207,-31.41625213623047,-31.57420539855957,-31.793521881103516,-32.920406341552734,-33.29441833496094,-36.75382995605469,-43.89177322387695,-47.16307067871094,-49.886566162109375,-52.34761047363281,-52.86156463623047,-53.99787139892578,-48.945213317871094,-46.630863189697266,-49.721622467041016,-49.86202621459961,-59.7564582824707,-63.3238639831543,-66.08214569091797,-71.22285461425781,-71.47628784179688,-69.26509857177734,-64.96231842041016,-67.05632019042969,-68.51449584960938,-65.99481964111328,3.0248382091522217,3.0600156784057617,6.861522197723389,7.454807758331299,10.279768943786621,12.437137603759766,12.839529991149902,9.429560661315918,9.165895462036133,8.635566711425781,7.011715412139893,5.144950866699219,3.6741576194763184,3.022742748260498,3.09196400642395,3.247302293777466,3.2780017852783203,3.286310911178589,6.190506458282471,7.945911884307861,7.2842488288879395,8.07125186920166,6.073004722595215,5.2523417472839355,3.116525888442993,1.7191123962402344,1.9276069402694702,2.3388869762420654,3.3428211212158203,2.6291568279266357,2.8348681926727295,3.262617349624634,-260.89129638671875,96.95401000976562,12.021341323852539,13.6270170211792,5.545552730560303,-5.147175312042236,18.79961585998535,6.865388870239258,-4.365711688995361,4.014614105224609,21.45628547668457,14.222317695617676,5.911191940307617,9.65163803100586,9.017745971679688,12.897802352905273,6.686078071594238,4.1841816902160645,5.683141708374023,3.8893754482269287,0.25219497084617615,0.5371414422988892,0.8235868811607361,0.5726950168609619,0.5175192356109619,0.3380109369754791,0.2154337465763092,0.16764749586582184,0.25868532061576843,0.25489524006843567,0.1571694016456604,0.19245664775371552,0.10769226402044296,0.28691017627716064,0.30443158745765686,0.1977483183145523,0.2774858772754669,0.1815893054008484,0.1358465850353241,0.1648079752922058,0.2143448144197464,0.1627495139837265,0.13270647823810577,0.1449747234582901,635.7479012261516,955.0050527479698,1264.2826415935863,0.020617704103828308,0.001614047447219491,1030.0,1040.0,1035.0,1063.0,1073.0,1068.0,1,chanting
P4,-4.691950798034668,-8.848125457763672,-16.611270904541016,-13.664995193481445,-5.3350749015808105,-4.608040809631348,-10.09340763092041,-13.993244171142578,-18.031692504882812,-20.662153244018555,-27.523338317871094,-36.20669174194336,-43.51308822631836,-46.89320755004883,-49.57402038574219,-52.4791259765625,-53.46380615234375,-52.48229217529297,-46.15491485595703,-45.29547882080078,-39.184669494628906,-41.475624084472656,-65.59365844726562,-67.54045104980469,-67.81487274169922,-69.63447570800781,-69.49050903320312,-62.23507308959961,-58.42812728881836,-65.94522094726562,-62.19541549682617,-58.27431106567383,1.6392784118652344,2.140014410018921,1.5049785375595093,1.086259126663208,1.0176587104797363,2.084874153137207,1.511555790901184,1.5625842809677124,3.7550551891326904,3.250882625579834,2.9206149578094482,2.929687261581421,2.231553792953491,1.873997449874878,1.851096510887146,1.7351187467575073,1.8674999475479126,1.8733620643615723,2.075218677520752,2.2140181064605713,1.4844187498092651,1.745995283126831,1.9760639667510986,1.8541563749313354,1.7782682180404663,1.563529372215271,1.4515753984451294,2.507023811340332,1.9725672006607056,1.7409486770629883,2.1893157958984375,1.9092310667037964,-229.44522094726562,115.10929107666016,24.86069679260254,4.500100135803223,-7.244090557098389,-28.16635513305664,11.49692153930664,7.570403575897217,-9.439397811889648,10.166300773620605,5.7896504402160645,3.4394633769989014,2.7445569038391113,2.597325325012207,2.7261500358581543,2.4102492332458496,3.2143807411193848,2.2366597652435303,2.08891224861145,1.8592737913131714,0.6752253770828247,0.31867167353630066,0.9629549980163574,0.657585620880127,0.23749494552612305,0.19193238019943237,0.3062802851200104,0.11585497856140137,0.07296407967805862,0.1568058878183365,0.11558333784341812,0.22742432355880737,0.15272508561611176,0.0783875361084938,0.12163984775543213,0.19809108972549438,0.07288998365402222,0.07064056396484375,0.1044362336397171,0.030798686668276787,0.035504356026649475,0.08381278067827225,0.055331189185380936,0.14982134103775024,649.7035127472905,825.830814512036,1081.2123510176618,0.036949635658352666,0.002399982186034322,1040.0,1050.0,1045.0,1073.0,1083.0,1078.0,1,chanting
P4,-4.865982532501221,-9.464323997497559,-16.322261810302734,-13.619503021240234,-9.413434028625488,-12.673398971557617,-16.638578414916992,-21.350683212280273,-30.254751205444336,-31.66429901123047,-35.70397186279297,-40.71330642700195,-45.904842376708984,-47.92251205444336,-50.031280517578125,-52.0539665222168,-53.27595520019531,-51.20005416870117,-45.14366912841797,-49.84941864013672,-43.82168960571289,-46.48390197753906,-65.8776626586914,-66.48043060302734,-67.56184387207031,-69.23436737060547,-68.87793731689453,-60.53700637817383,-59.03953552246094,-67.46456909179688,-65.89196014404297,-62.49762725830078,1.8138295412063599,2.504956007003784,1.8864411115646362,2.673286199569702,6.095829963684082,6.335482120513916,4.257812023162842,4.189853191375732,4.847393989562988,4.550015926361084,3.765134334564209,3.1763641834259033,2.664712429046631,2.283294200897217,1.9830900430679321,1.7971891164779663,1.9147378206253052,1.9888663291931152,2.570889949798584,3.623155355453491,3.014735698699951,3.071108818054199,3.6928868293762207,2.8724465370178223,1.8936821222305298,1.0945489406585693,1.1094149351119995,2.1639833450317383,2.166200637817383,1.2813063859939575,1.8940536975860596,2.420435667037964,-244.2761688232422,107.2818374633789,25.57184410095215,14.097763061523438,2.0947813987731934,-18.99542808532715,4.495500087738037,5.944169044494629,-10.043149948120117,8.44546127319336,7.547395706176758,5.466403484344482,5.130551338195801,5.292785167694092,4.7183732986450195,5.518163204193115,4.546440601348877,2.1195104122161865,3.0403919219970703,2.402420997619629,0.7861260175704956,0.42529863119125366,0.815177321434021,0.7492714524269104,0.4304389953613281,0.3333875238895416,0.2960689961910248,0.16607974469661713,0.11842548102140427,0.45698636770248413,0.39164605736732483,0.2463405579328537,0.23884932696819305,0.13421404361724854,0.21490490436553955,0.24664302170276642,0.1911420375108719,0.14961938560009003,0.0976601168513298,0.09148667752742767,0.07281766086816788,0.32121720910072327,0.3034525513648987,0.10277761518955231,563.999345869165,710.3708784984049,1104.461082498129,0.02847438732598608,0.0017920470563694835,1050.0,1060.0,1055.0,1083.0,1093.0,1088.0,1,chanting
P4,-9.6674165725708,-13.799979209899902,-20.647159576416016,-25.071311950683594,-27.813560485839844,-29.450057983398438,-28.92095947265625,-30.419296264648438,-33.20191192626953,-35.68947982788086,-35.02729034423828,-37.02244567871094,-44.128318786621094,-48.26150131225586,-50.39250183105469,-52.74363708496094,-53.597747802734375,-54.82535171508789,-50.784934997558594,-46.79019546508789,-49.36446762084961,-51.73088455200195,-61.39932632446289,-63.75619888305664,-67.5905532836914,-71.8175048828125,-71.46619415283203,-68.32089233398438,-66.3976058959961,-68.76888275146484,-70.01018524169922,-67.88770294189453,3.1851868629455566,2.81579327583313,6.582505702972412,6.73511266708374,9.505556106567383,12.414259910583496,11.199862480163574,8.45490550994873,8.499661445617676,7.769060134887695,6.144093036651611,5.007086277008057,3.436704158782959,2.8152525424957275,2.9798178672790527,3.1050217151641846,2.892064332962036,3.2893989086151123,5.587495803833008,7.234365463256836,7.004578590393066,6.683234691619873,4.547895431518555,4.755135536193848,2.7300612926483154,2.013209819793701,2.0222575664520264,2.3062498569488525,3.520982265472412,2.7040553092956543,2.7126309871673584,3.407630205154419,-266.36102294921875,96.47411346435547,10.795234680175781,13.272370338439941,4.44083309173584,-5.072212219238281,17.03600311279297,7.706954002380371,-4.248775482177734,6.332690715789795,19.150680541992188,13.563857078552246,5.777336597442627,7.55463981628418,7.466022491455078,12.984601974487305,5.432983875274658,3.133086681365967,5.284051895141602,2.54349946975708,0.19815225899219513,0.3108593225479126,0.6884613633155823,0.8020267486572266,0.6530023813247681,0.5491717457771301,0.30244261026382446,0.2068241834640503,0.22489522397518158,0.3398229777812958,0.2715286612510681,0.16653332114219666,0.11160162091255188,0.16362261772155762,0.3404129445552826,0.24746710062026978,0.21687273681163788,0.252279669046402,0.13378101587295532,0.14459192752838135,0.1819382607936859,0.23925843834877014,0.1715438812971115,0.1083231195807457,638.7055238345973,975.0893860571346,1261.1599172806975,0.02165884208236659,0.001555999624542892,1060.0,1070.0,1065.0,1093.0,1103.0,1098.0,1,chanting
P4,-5.539772987365723,-11.417160987854004,-17.06801986694336,-15.160772323608398,-8.084832191467285,-7.2685227394104,-12.795608520507812,-19.77138900756836,-21.258691787719727,-25.061861038208008,-31.239042282104492,-39.45037078857422,-45.54159164428711,-49.18101501464844,-52.41667175292969,-55.29393768310547,-55.2418327331543,-53.18499755859375,-46.278961181640625,-48.50981140136719,-41.386234283447266,-44.248802185058594,-67.90760803222656,-69.07577514648438,-68.83175659179688,-70.47107696533203,-70.63809204101562,-64.10553741455078,-60.14945983886719,-67.50702667236328,-66.04032897949219,-61.4844970703125,1.7482757568359375,2.573272705078125,2.519573211669922,1.6057630777359009,1.684544324874878,4.07216739654541,3.3381667137145996,5.845672130584717,5.763437271118164,6.712141990661621,5.269733428955078,4.027480125427246,2.7211191654205322,2.431118965148926,2.1658034324645996,1.9258815050125122,2.0300018787384033,2.5166354179382324,3.314415454864502,5.489644527435303,2.9019877910614014,3.019428014755249,1.607562780380249,1.3978499174118042,1.499003529548645,1.2059072256088257,1.2028754949569702,2.8631162643432617,2.2264761924743652,1.5009069442749023,2.01973032951355,1.956209659576416,-242.4688720703125,113.60610961914062,25.413061141967773,8.132150650024414,-5.577365875244141,-26.017980575561523,9.625917434692383,8.20236873626709,-10.352767944335938,8.63015079498291,8.326908111572266,5.503612518310547,4.584295749664307,5.2422285079956055,6.416988372802734,5.146997928619385,4.907891750335693,3.6638870239257812,2.3621745109558105,2.194164276123047,0.6027175188064575,0.3365716338157654,0.8699243068695068,0.5144026875495911,0.35514354705810547,0.23598967492580414,0.1821342408657074,0.08570291101932526,0.07800018042325974,0.20555415749549866,0.17291922867298126,0.24291859567165375,0.27646708488464355,0.15887513756752014,0.2215322107076645,0.24171069264411926,0.15743745863437653,0.14134488999843597,0.06359140574932098,0.05157013237476349,0.05248318240046501,0.1614372283220291,0.1512940376996994,0.15084712207317352,613.4094489986169,794.8549770700406,1053.7687101850097,0.03400295461136891,0.0022596255876123905,1070.0,1080.0,1075.0,1103.0,1113.0,1108.0,4,viparita_swasa
P4,-5.954705238342285,-12.497403144836426,-16.104963302612305,-18.464611053466797,-21.365575790405273,-24.17109489440918,-23.830223083496094,-29.99828338623047,-31.704572677612305,-35.47393798828125,-37.12117385864258,-39.588417053222656,-44.75193786621094,-48.867435455322266,-50.398284912109375,-52.191932678222656,-52.95502853393555,-51.71188735961914,-46.21671676635742,-49.24760818481445,-47.3852653503418,-49.24036407470703,-63.649906158447266,-64.83655548095703,-67.64794921875,-71.31031799316406,-70.80455017089844,-64.86575317382812,-63.35938262939453,-68.08120727539062,-67.26759338378906,-65.08218383789062,2.43853759765625,2.5915815830230713,2.238556385040283,4.095876216888428,9.249967575073242,8.364250183105469,4.424187660217285,1.187177062034607,2.3744122982025146,2.0822203159332275,3.1302080154418945,6.168454647064209,4.477254390716553,3.5345849990844727,3.81014084815979,3.908637046813965,3.8944272994995117,1.9382226467132568,2.324069023132324,5.477724075317383,3.8290581703186035,2.7234883308410645,6.290042877197266,5.369246959686279,3.5396177768707275,1.4765594005584717,1.6191341876983643,3.408909797668457,2.8368237018585205,2.175727128982544,2.042194128036499,2.7700228691101074,-257.412841796875,100.24432373046875,17.952518463134766,15.972874641418457,7.14906644821167,-10.71943187713623,11.826297760009766,7.23306131362915,-6.415473937988281,5.840661525726318,4.704771041870117,5.141862869262695,10.772492408752441,2.5768215656280518,2.6215806007385254,9.936235427856445,6.83876895904541,2.249499559402466,5.434787273406982,2.059417963027954,0.46611520648002625,0.5219227075576782,0.9903188943862915,0.6927425861358643,0.5277686715126038,0.3161500096321106,0.26875290274620056,0.15770147740840912,0.23992380499839783,0.5002192258834839,0.24016611278057098,0.2928932011127472,0.23281390964984894,0.11263199150562286,0.04367068409919739,0.14359891414642334,0.14839446544647217,0.10712898522615433,0.09579386562108994,0.0846669152379036,0.13716310262680054,0.26199454069137573,0.09587527066469193,0.19145672023296356,543.6772513067419,767.1266064566415,1182.7110301009172,0.018950070693155453,0.0018158467719331384,1080.0,1090.0,1085.0,1113.0,1123.0,1118.0,4,viparita_swasa
P4,-7.184835433959961,-13.559671401977539,-24.43072509765625,-30.624008178710938,-35.65509796142578,-35.67349624633789,-34.855777740478516,-37.10935592651367,-36.54206848144531,-39.63970947265625,-40.93688201904297,-42.61022186279297,-46.71592330932617,-48.967281341552734,-50.553436279296875,-52.74575424194336,-53.0262565612793,-54.76557922363281,-54.64976119995117,-54.3309211730957,-56.723785400390625,-58.09852981567383,-61.40533447265625,-62.7967643737793,-65.84125518798828,-69.19583129882812,-68.96195220947266,-67.32599639892578,-65.99598693847656,-66.53304290771484,-67.25926208496094,-67.5950927734375,3.048959493637085,3.0791726112365723,8.251440048217773,7.644418239593506,5.479517459869385,3.944793701171875,6.875308513641357,6.94187593460083,5.034806728363037,4.978455066680908,7.818423748016357,8.01339054107666,5.662463188171387,4.060421466827393,5.216746807098389,5.598356246948242,5.357508182525635,5.213831901550293,6.726540565490723,9.740636825561523,8.615055084228516,8.747602462768555,6.737157821655273,6.542995452880859,4.529332160949707,2.610136032104492,2.7332561016082764,3.45632266998291,4.0177693367004395,3.919266939163208,4.04882287979126,3.7093961238861084,-277.94769287109375,85.9217300415039,15.672210693359375,12.613962173461914,10.760102272033691,4.842127799987793,14.12894058227539,9.401339530944824,4.630279541015625,6.684085845947266,25.73947525024414,11.275493621826172,8.32518196105957,4.701664924621582,4.521346092224121,5.475292205810547,5.110808372497559,3.3403241634368896,5.300642490386963,2.372600555419922,0.2782484292984009,0.3643735349178314,0.6004518866539001,0.7712787389755249,0.779489278793335,0.5357635617256165,0.390437513589859,0.38022077083587646,0.4300116300582886,0.4092382490634918,0.3396148085594177,0.28479665517807007,0.17539864778518677,0.17725899815559387,0.3272528052330017,0.16820447146892548,0.24978801608085632,0.20046673715114594,0.21431474387645721,0.25348904728889465,0.28775492310523987,0.23493637144565582,0.22663475573062897,0.21167245507240295,531.4259838800305,738.1991711680685,1315.756467807607,0.012594484121229698,0.0013158592628315091,1090.0,1100.0,1095.0,1123.0,1133.0,1128.0,4,viparita_swasa
P4,-7.556186199188232,-14.393411636352539,-29.484575271606445,-35.33932876586914,-38.886253356933594,-37.74664306640625,-39.24175262451172,-41.80354690551758,-40.17718505859375,-43.44119644165039,-46.915775299072266,-48.74828338623047,-50.541175842285156,-51.21501541137695,-53.290855407714844,-56.07362365722656,-55.086299896240234,-57.005706787109375,-57.16221237182617,-60.063446044921875,-61.8038215637207,-62.27482604980469,-62.287078857421875,-64.09214782714844,-65.32936096191406,-67.30140686035156,-67.51231384277344,-65.79472351074219,-64.61795043945312,-64.47020721435547,-64.02582550048828,-65.44004821777344,2.6522958278656006,2.2801849842071533,2.3559391498565674,2.8720128536224365,2.327072858810425,2.5458621978759766,2.4936883449554443,2.2449586391448975,2.596381187438965,2.430004119873047,2.6313443183898926,2.5625360012054443,2.8655998706817627,2.8776979446411133,3.404839277267456,3.5743236541748047,4.441650867462158,4.221331596374512,5.658973217010498,5.64544153213501,5.129630088806152,5.4876790046691895,6.324882507324219,5.815125465393066,5.393840789794922,4.338739395141602,4.153209209442139,5.691683769226074,6.819890022277832,7.400691032409668,8.409479141235352,7.928158283233643,-289.75860595703125,76.03829193115234,23.623830795288086,11.536796569824219,13.487943649291992,7.595007419586182,11.377063751220703,9.730717658996582,8.494797706604004,7.186002254486084,18.81463623046875,13.851116180419922,4.091447353363037,3.011532783508301,3.1829586029052734,3.4212541580200195,2.7594120502471924,2.7037692070007324,2.158076047897339,2.174690008163452,0.3030520975589752,0.324229896068573,0.4076436460018158,0.7162332534790039,0.9318270683288574,0.7433503270149231,0.46565303206443787,0.48914217948913574,0.5495074987411499,0.5020137429237366,0.42001625895500183,0.3446323275566101,0.203785240650177,0.18867306411266327,0.21534696221351624,0.16817061603069305,0.14301958680152893,0.15707150101661682,0.2078603208065033,0.22991999983787537,0.2832484543323517,0.2781495153903961,0.24196849763393402,0.21824635565280914,629.2836323460986,822.4834256271752,1612.2198526338445,0.012107335774361948,0.0012463269522413611,1100.0,1110.0,1105.0,1133.0,1143.0,1138.0,4,viparita_swasa
P4,-7.092484474182129,-13.429647445678711,-28.91544532775879,-34.61792755126953,-38.000877380371094,-36.646636962890625,-38.484806060791016,-41.020572662353516,-39.077308654785156,-42.4869384765625,-45.95957946777344,-48.032772064208984,-50.47746276855469,-50.513221740722656,-52.043067932128906,-55.21961212158203,-54.57780838012695,-56.65876007080078,-56.935646057128906,-59.58743667602539,-60.573123931884766,-61.00156784057617,-61.50581741333008,-63.247318267822266,-64.63231658935547,-66.62763977050781,-67.0204849243164,-64.96540069580078,-63.78947067260742,-63.974056243896484,-63.8237190246582,-65.17133331298828,2.6413843631744385,2.179002046585083,2.293370485305786,2.7767229080200195,2.368706464767456,2.3747241497039795,2.3795883655548096,2.2568163871765137,2.455967903137207,2.3617072105407715,2.347165107727051,2.052119731903076,2.1929001808166504,2.3488266468048096,3.0453732013702393,2.6201634407043457,3.3992505073547363,3.194704294204712,4.208408832550049,4.334297180175781,4.072294235229492,4.596531391143799,5.183439254760742,4.801177501678467,4.651222229003906,3.3586127758026123,3.237410068511963,5.139271259307861,6.08568000793457,6.170894145965576,7.40132474899292,7.027406692504883,-285.6906433105469,76.44772338867188,23.444503784179688,11.744874954223633,12.747086524963379,7.618359088897705,11.344921112060547,9.547805786132812,8.45218276977539,7.862011432647705,14.49179458618164,11.958083152770996,4.783932685852051,3.1936440467834473,2.8219096660614014,2.9566831588745117,2.732372999191284,2.431744337081909,2.1018781661987305,2.2225558757781982,0.302179753780365,0.30395570397377014,0.3698245584964752,0.6315198540687561,0.9303348064422607,0.834926962852478,0.4624900817871094,0.4702267348766327,0.49909287691116333,0.47846272587776184,0.4034096300601959,0.3451674282550812,0.20407791435718536,0.1847902089357376,0.20570959150791168,0.16521123051643372,0.1315174251794815,0.15454833209514618,0.19272561371326447,0.24773460626602173,0.2494533807039261,0.26363328099250793,0.22563143074512482,0.21099387109279633,604.1866268744725,680.9937939566415,1587.3729553009643,0.011869426116589327,0.0011362229706719518,1110.0,1120.0,1115.0,1143.0,1153.0,1148.0,4,viparita_swasa
P4,-7.125112056732178,-13.839059829711914,-29.085586547851562,-34.72483444213867,-38.47901916503906,-37.23289489746094,-39.18400955200195,-41.64110565185547,-39.6947135925293,-43.12868118286133,-46.54115676879883,-48.326175689697266,-50.64677047729492,-51.23116683959961,-52.679691314697266,-55.83491516113281,-54.886863708496094,-57.19005584716797,-57.67350769042969,-60.36891555786133,-61.61955642700195,-61.971553802490234,-62.11320877075195,-63.976009368896484,-65.38555145263672,-67.43977355957031,-67.62083435058594,-65.66445922851562,-64.8314437866211,-64.95330047607422,-64.68315124511719,-66.0149154663086,2.5006933212280273,2.1696410179138184,2.107229709625244,2.549877882003784,2.2492682933807373,2.4781479835510254,2.386941909790039,2.172168731689453,2.438218832015991,2.3002378940582275,2.252664089202881,2.1502459049224854,2.1190032958984375,2.399346113204956,3.025308132171631,2.8037617206573486,3.6783432960510254,3.339989185333252,4.497095108032227,4.3305745124816895,3.9674763679504395,4.575644493103027,5.303091526031494,4.834764003753662,4.506820201873779,3.259582281112671,3.1257410049438477,5.176077842712402,6.075268268585205,6.047488689422607,7.112966060638428,6.748260974884033,-289.1692199707031,77.46715545654297,23.510713577270508,11.895171165466309,13.078609466552734,8.138123512268066,11.297307968139648,9.54907512664795,8.48840045928955,7.468994617462158,14.52694320678711,11.637733459472656,4.822062015533447,3.1963624954223633,2.6785054206848145,3.0879733562469482,2.3929944038391113,2.3983514308929443,2.056286573410034,2.143022298812866,0.31450191140174866,0.3138393461704254,0.3846467435359955,0.609670877456665,0.9110541939735413,0.8355655670166016,0.4736602008342743,0.4830499291419983,0.5204231142997742,0.5119379162788391,0.42548686265945435,0.36220768094062805,0.21609070897102356,0.17446701228618622,0.19388310611248016,0.17015209794044495,0.14536279439926147,0.165596604347229,0.19137531518936157,0.24506476521492004,0.25784116983413696,0.2924891710281372,0.24208462238311768,0.22539067268371582,569.9948123626468,609.5745042415894,1529.269822905415,0.01113303908062645,0.0011761968489736319,1120.0,1130.0,1125.0,1153.0,1163.0,1158.0,4,viparita_swasa
P4,-6.499358177185059,-13.242955207824707,-28.632633209228516,-34.27777862548828,-37.94789505004883,-36.57424545288086,-38.34198760986328,-41.094566345214844,-38.938785552978516,-42.48728561401367,-45.9448127746582,-47.77664566040039,-50.104644775390625,-50.626564025878906,-52.52273178100586,-55.63267517089844,-54.808536529541016,-56.99557876586914,-57.575706481933594,-60.433048248291016,-61.73237228393555,-62.24188232421875,-62.68183898925781,-64.29180145263672,-65.26041412353516,-67.0440444946289,-67.21558380126953,-65.58743286132812,-64.75882720947266,-65.10252380371094,-65.00486755371094,-66.2755126953125,2.5772101879119873,2.156874179840088,2.280348539352417,2.872421979904175,2.263695001602173,2.4108693599700928,2.3043670654296875,2.241445302963257,2.3372082710266113,2.206202983856201,2.460195779800415,2.3799753189086914,2.2735257148742676,2.532554864883423,3.5273051261901855,3.1408817768096924,3.9329798221588135,3.8104681968688965,4.357466220855713,4.316168308258057,4.082064628601074,4.47404146194458,4.978425979614258,4.762336730957031,4.445495128631592,3.0589871406555176,2.9051425457000732,4.7511796951293945,5.825995922088623,5.713897705078125,6.376543045043945,5.8362932205200195,-287.7315673828125,79.09856414794922,23.637853622436523,11.312905311584473,12.766392707824707,8.576860427856445,10.827322959899902,10.06497573852539,8.378589630126953,7.380916118621826,14.423538208007812,10.737099647521973,4.843071460723877,2.9062700271606445,2.783921241760254,2.886261224746704,2.269258737564087,2.3781871795654297,2.055715322494507,2.0829548835754395,0.34490880370140076,0.3506847620010376,0.42206087708473206,0.59865403175354,0.9060922265052795,0.85284423828125,0.45701321959495544,0.4436817169189453,0.484874427318573,0.503639817237854,0.429146409034729,0.3840892016887665,0.20972473919391632,0.18983396887779236,0.2182173728942871,0.19785308837890625,0.1520034819841385,0.16124366223812103,0.1594724804162979,0.23422163724899292,0.2508034408092499,0.2859969139099121,0.23081377148628235,0.21360810101032257,521.8316001247503,522.2925880945476,1444.280900128915,0.010520138486078886,0.0011879056692123413,1130.0,1140.0,1135.0,1163.0,1173.0,1168.0,4,viparita_swasa
P4,-7.1605095863342285,-13.955105781555176,-29.299551010131836,-34.90702819824219,-38.292110443115234,-37.45643615722656,-39.13203811645508,-41.553741455078125,-39.674503326416016,-43.36341857910156,-46.84791564941406,-48.36532211303711,-50.71599578857422,-51.45775604248047,-53.321075439453125,-56.49479293823242,-55.843650817871094,-57.830833435058594,-58.642574310302734,-61.47586441040039,-62.83025360107422,-63.34415054321289,-64.08685302734375,-65.35771942138672,-66.10115814208984,-67.74067687988281,-67.97956848144531,-66.4604721069336,-65.44132995605469,-65.85741424560547,-65.83738708496094,-67.0914535522461,2.573939800262451,2.3006489276885986,2.3686070442199707,2.789066791534424,2.415832757949829,2.3961710929870605,2.412282943725586,2.144772529602051,2.6554152965545654,2.21696400642395,2.5930681228637695,2.51468563079834,2.3280012607574463,2.505387544631958,3.4312326908111572,2.963120460510254,3.7085347175598145,3.417848825454712,4.1752424240112305,4.056741714477539,3.7692620754241943,4.351480960845947,4.60826301574707,4.488979339599609,4.262388706207275,2.84977650642395,2.742185354232788,4.550222873687744,5.516744613647461,5.463606357574463,6.17995023727417,5.720701694488525,-292.374267578125,79.61530303955078,24.121538162231445,10.879749298095703,12.865095138549805,8.785112380981445,10.530479431152344,10.11502742767334,8.24101448059082,7.269796371459961,14.026145935058594,10.136456489562988,4.124518871307373,2.42287540435791,3.1016626358032227,2.8507955074310303,2.4819774627685547,2.512603759765625,2.1189682483673096,2.051835060119629,0.3344692587852478,0.3340359330177307,0.4017066955566406,0.5932675004005432,0.892771303653717,0.8371480703353882,0.4678315222263336,0.48102006316185,0.5313771963119507,0.5406482219696045,0.4395116865634918,0.3776955008506775,0.2166738361120224,0.1805044412612915,0.2007734626531601,0.18549340963363647,0.16189050674438477,0.16804681718349457,0.17051975429058075,0.24713818728923798,0.2584134042263031,0.29109856486320496,0.2266719788312912,0.21560879051685333,511.5854114656376,509.25275975203016,1426.4684165011597,0.010779573303364268,0.0011813297169283032,1140.0,1150.0,1145.0,1173.0,1183.0,1178.0,4,viparita_swasa
P4,-6.559387683868408,-13.421494483947754,-28.665714263916016,-34.380821228027344,-37.92957305908203,-36.529884338378906,-38.58536148071289,-40.92452621459961,-39.10723114013672,-42.84431076049805,-45.867820739746094,-47.540122985839844,-50.003623962402344,-50.28306579589844,-51.99394607543945,-55.11924362182617,-54.334224700927734,-56.54941177368164,-57.3205451965332,-60.1566276550293,-61.28273010253906,-61.72724151611328,-62.92949676513672,-64.11485290527344,-64.86611938476562,-66.79853057861328,-67.11801147460938,-65.32258605957031,-64.16873931884766,-63.97593688964844,-63.8330192565918,-65.59124755859375,2.6435348987579346,2.1790027618408203,2.250657558441162,2.7974352836608887,2.4384653568267822,2.2679507732391357,2.561660051345825,2.2221908569335938,2.516402244567871,2.339416265487671,2.6128034591674805,2.3731894493103027,2.4929006099700928,2.6556601524353027,3.6513798236846924,3.42596697807312,4.197938919067383,3.8081295490264893,4.4300737380981445,4.215059280395508,4.2054057121276855,4.774909019470215,4.7754740715026855,4.839700698852539,4.635042190551758,3.268897533416748,3.0271551609039307,4.880707263946533,6.125369548797607,6.06832218170166,6.615406513214111,6.113738536834717,-286.3509216308594,77.76835632324219,23.622838973999023,10.848586082458496,13.683600425720215,8.242707252502441,10.785612106323242,9.784570693969727,8.358248710632324,7.530745983123779,15.332015991210938,11.055814743041992,4.29730749130249,2.228436231613159,2.9711663722991943,3.103205442428589,2.3476672172546387,2.6316709518432617,2.1572840213775635,2.2151694297790527,0.3501880466938019,0.35091617703437805,0.42076170444488525,0.6153172254562378,0.9057890772819519,0.8439731597900391,0.45374369621276855,0.4580702781677246,0.5173352360725403,0.5339514017105103,0.4468023478984833,0.3920691907405853,0.21515604853630066,0.18578757345676422,0.21358810365200043,0.19288718700408936,0.15419723093509674,0.15963214635849,0.17256666719913483,0.24448925256729126,0.2520310878753662,0.2781035304069519,0.22413577139377594,0.21478253602981567,548.7722994697015,578.1240370323376,1497.5453869332819,0.011283715197215776,0.0012240363284945488,1150.0,1160.0,1155.0,1183.0,1193.0,1188.0,4,viparita_swasa
P4,-8.811419486999512,-15.624798774719238,-30.842350006103516,-36.43757247924805,-40.11079788208008,-38.898712158203125,-40.50812530517578,-42.890350341796875,-40.776954650878906,-44.651611328125,-48.13169860839844,-50.01236343383789,-52.067848205566406,-52.680938720703125,-54.3914680480957,-57.63200759887695,-56.91788864135742,-58.985313415527344,-59.71318817138672,-62.540584564208984,-63.84454345703125,-64.4891128540039,-65.56859588623047,-66.46568298339844,-67.30962371826172,-69.13697814941406,-69.38639831542969,-67.74088287353516,-66.72827911376953,-67.0379409790039,-67.01392364501953,-68.09381103515625,2.8387579917907715,2.356454372406006,2.3177011013031006,2.749450922012329,2.4094491004943848,2.380594253540039,2.303652763366699,2.25130033493042,2.4948816299438477,2.6976230144500732,3.3144185543060303,3.152428150177002,2.934619665145874,3.0584168434143066,3.9436285495758057,3.74733304977417,4.411361217498779,4.451699256896973,5.032360076904297,4.777543067932129,4.756196975708008,5.286253929138184,5.197681903839111,5.178730010986328,4.769435882568359,3.2854700088500977,3.126420736312866,4.9076433181762695,5.851501941680908,5.697890281677246,6.416390419006348,6.51781702041626,-299.714599609375,78.9504165649414,23.563440322875977,10.71656608581543,12.998157501220703,8.383903503417969,10.588817596435547,10.192480087280273,8.527965545654297,7.377914905548096,17.009870529174805,10.855546951293945,4.607034683227539,2.524564504623413,3.0634336471557617,2.9074184894561768,2.7365620136260986,2.478851318359375,2.1028566360473633,2.3267130851745605,0.3683980703353882,0.36187630891799927,0.42600321769714355,0.625015377998352,0.9056659936904907,0.828445553779602,0.4488866925239563,0.4560251533985138,0.5096327066421509,0.5274198055267334,0.4640727639198303,0.4144885540008545,0.22742821276187897,0.19821959733963013,0.2228577733039856,0.1907397210597992,0.16017431020736694,0.17094549536705017,0.1809432953596115,0.236898273229599,0.24957022070884705,0.2803846597671509,0.2504767179489136,0.23551324009895325,530.7754242854244,564.035027099043,1450.9618219369186,0.011513694533062646,0.0011906573781743646,1160.0,1170.0,1165.0,1193.0,1203.0,1198.0,4,viparita_swasa
P4,-7.107114315032959,-13.859234809875488,-29.268787384033203,-34.75564193725586,-38.34892654418945,-37.12715530395508,-38.95326232910156,-41.55437088012695,-39.512451171875,-43.20531463623047,-46.7669563293457,-48.49663162231445,-50.72262954711914,-51.25988006591797,-53.576011657714844,-56.616153717041016,-55.931705474853516,-58.049842834472656,-58.72216796875,-61.535430908203125,-62.86957931518555,-63.670406341552734,-64.45553588867188,-65.6399154663086,-66.36127471923828,-67.90865325927734,-68.26202392578125,-66.74089050292969,-65.85063171386719,-66.11585235595703,-66.10802459716797,-67.43966674804688,2.6738476753234863,2.279172897338867,2.2043702602386475,2.5535571575164795,2.1979892253875732,2.362579107284546,2.348633289337158,2.3107337951660156,2.5493340492248535,2.131220817565918,2.4032063484191895,2.1469991207122803,2.056450605392456,2.238607406616211,2.8305647373199463,2.486346483230591,3.2607405185699463,2.846371650695801,3.496798276901245,3.659231662750244,3.6728222370147705,3.9409070014953613,4.009947776794434,3.9980766773223877,3.813920021057129,2.7726972103118896,2.4321165084838867,4.222705364227295,5.205483913421631,5.058162212371826,5.670001983642578,5.053544998168945,-292.8822326660156,80.52285766601562,24.07917022705078,10.780304908752441,12.762876510620117,8.672252655029297,10.50308609008789,10.19312858581543,8.17701530456543,7.250221252441406,12.033744812011719,9.596443176269531,3.5671374797821045,2.4985599517822266,2.6909661293029785,2.8907470703125,2.3549416065216064,2.2691893577575684,1.9622300863265991,2.1738510131835938,0.3343959152698517,0.34287044405937195,0.4174792766571045,0.6684188842773438,0.9163036942481995,0.7885267734527588,0.437343567609787,0.45800089836120605,0.5269118547439575,0.5195032954216003,0.43581026792526245,0.3752070963382721,0.2199912667274475,0.19140414893627167,0.22439974546432495,0.184529647231102,0.1574782133102417,0.1662471890449524,0.1696297526359558,0.22434398531913757,0.26512032747268677,0.2802618741989136,0.23778361082077026,0.22578267753124237,488.2463616260687,458.01772540240717,1389.393544614723,0.010690073955916474,0.0011965534649789333,1170.0,1180.0,1175.0,1203.0,1213.0,1208.0,4,viparita_swasa
P4,-7.59365177154541,-14.438111305236816,-29.61762237548828,-35.134578704833984,-38.90171813964844,-37.45055389404297,-39.60688400268555,-41.96023941040039,-40.099605560302734,-43.66659927368164,-46.65517044067383,-48.585975646972656,-50.88188934326172,-51.3138427734375,-53.336585998535156,-56.16901397705078,-55.18268585205078,-57.45112228393555,-58.45399856567383,-61.03173065185547,-62.26126480102539,-63.225894927978516,-64.2936782836914,-65.58435821533203,-66.33344268798828,-68.06237030029297,-68.3418197631836,-66.61273193359375,-65.28026580810547,-65.27555084228516,-65.52719116210938,-66.90389251708984,2.8070449829101562,2.297494888305664,2.2035250663757324,2.9407756328582764,2.4762346744537354,2.4175548553466797,2.438356876373291,2.362121343612671,2.4927241802215576,2.2899107933044434,2.856295108795166,2.4951512813568115,2.4028756618499756,2.969524621963501,3.771972179412842,3.6141302585601807,4.457140922546387,4.4086079597473145,4.528277397155762,4.42061710357666,4.497759819030762,4.626830577850342,4.554381370544434,4.512150764465332,4.280032634735107,3.1092495918273926,2.846518039703369,4.481686115264893,5.611645698547363,5.849109172821045,6.412883281707764,5.924591064453125,-292.6067810058594,78.67178344726562,23.329509735107422,10.765159606933594,13.794251441955566,8.114631652832031,10.654684066772461,10.18193531036377,8.001334190368652,7.304234504699707,15.270259857177734,10.304361343383789,4.802667617797852,2.4066731929779053,3.538771629333496,3.2324793338775635,2.436978816986084,2.4376614093780518,2.1987295150756836,2.0520215034484863,0.3551415801048279,0.35013243556022644,0.4143676459789276,0.5976292490959167,0.8785762786865234,0.8154395818710327,0.45545512437820435,0.4731956124305725,0.5281449556350708,0.5412063002586365,0.4629463851451874,0.407016396522522,0.23917265236377716,0.2009809911251068,0.21209409832954407,0.18796885013580322,0.17612324655056,0.18604207038879395,0.18075187504291534,0.24879087507724762,0.26417452096939087,0.3024725019931793,0.2534576952457428,0.2424066960811615,543.4500299376583,577.6494072650812,1479.338336491673,0.011157962949535962,0.0011893969494849443,1180.0,1190.0,1185.0,1213.0,1223.0,1218.0,4,viparita_swasa
P4,-7.98408842086792,-15.136086463928223,-30.34172821044922,-35.81745147705078,-39.312217712402344,-38.133544921875,-39.94557189941406,-42.48736572265625,-40.632850646972656,-44.16495132446289,-47.234439849853516,-49.26216125488281,-51.59168243408203,-51.7940559387207,-53.80594253540039,-56.846595764160156,-55.85295104980469,-57.96895217895508,-58.88856887817383,-61.393489837646484,-62.517391204833984,-63.427146911621094,-64.53274536132812,-65.8341293334961,-66.62296295166016,-68.49109649658203,-68.80257415771484,-67.00119018554688,-65.85075378417969,-65.93079376220703,-65.83966827392578,-67.16200256347656,2.7939388751983643,2.318909168243408,2.3018381595611572,2.886284351348877,2.5765466690063477,2.4487693309783936,2.3356974124908447,2.2447891235351562,2.534775972366333,2.558253049850464,3.10347056388855,2.929786205291748,2.826899528503418,3.000016212463379,3.9704091548919678,3.902224540710449,4.806427001953125,4.799930095672607,5.383858680725098,5.032447814941406,5.052371025085449,5.330755710601807,5.2498273849487305,5.0362372398376465,4.732375144958496,3.310858964920044,3.192920207977295,5.007011890411377,5.976661205291748,5.864876747131348,6.6652936935424805,6.414693355560303,-295.3244323730469,78.21160888671875,23.335697174072266,11.038900375366211,13.514208793640137,7.917173862457275,10.897540092468262,10.025700569152832,8.17611026763916,7.426432132720947,16.909664154052734,11.43889045715332,5.30932092666626,2.534583568572998,3.2617316246032715,3.1862382888793945,2.6558594703674316,2.307375907897949,2.093374252319336,2.1498191356658936,0.3646775782108307,0.38078010082244873,0.4683784544467926,0.70909583568573,0.9170587658882141,0.7686408758163452,0.43929025530815125,0.46548256278038025,0.5266975164413452,0.5157216191291809,0.44015559554100037,0.39402586221694946,0.21991883218288422,0.19312036037445068,0.2328738272190094,0.1895643174648285,0.1616198718547821,0.15835021436214447,0.17790630459785461,0.24411806464195251,0.27833542227745056,0.2862280607223511,0.23548510670661926,0.22579525411128998,551.8391587778638,600.8063438043794,1485.4799335218306,0.01117155778712297,0.001221164595335722,1190.0,1200.0,1195.0,1223.0,1233.0,1228.0,4,viparita_swasa
P4,-6.9082159996032715,-13.796113014221191,-28.914470672607422,-34.45273208618164,-38.60580825805664,-37.288482666015625,-39.01670837402344,-41.25664520263672,-39.51634979248047,-42.94248580932617,-46.22765350341797,-48.29188919067383,-50.27754211425781,-50.34827423095703,-52.5701904296875,-55.56415939331055,-54.503116607666016,-56.6310920715332,-57.537654876708984,-60.223724365234375,-61.26384735107422,-62.36559295654297,-63.32624816894531,-64.63557434082031,-65.33305358886719,-67.14115142822266,-67.51596069335938,-65.67681121826172,-64.55682373046875,-64.8839111328125,-64.91233825683594,-66.27515411376953,2.646796703338623,2.2265098094940186,2.2741167545318604,2.946348190307617,2.428929328918457,2.399552822113037,2.361480712890625,2.275075674057007,2.670870780944824,2.4112343788146973,2.9267706871032715,2.6233158111572266,2.7219533920288086,3.0257441997528076,3.9927408695220947,3.8079211711883545,4.764193534851074,4.816354751586914,4.773569583892822,4.466169357299805,4.419209957122803,4.68944787979126,4.685926914215088,4.568300247192383,4.318666458129883,2.97560715675354,2.8924925327301025,4.60084867477417,5.629741191864014,5.6677422523498535,6.3993000984191895,6.1557297706604,-288.6338806152344,78.10453796386719,23.02948570251465,11.332205772399902,13.674911499023438,8.36295223236084,10.701178550720215,10.318909645080566,8.191296577453613,7.449127197265625,15.65482234954834,10.53858470916748,4.947888374328613,2.37646484375,3.480966329574585,3.0441341400146484,2.4581899642944336,2.5797173976898193,2.2053840160369873,2.2559926509857178,0.3656589388847351,0.36699116230010986,0.438239187002182,0.6334329843521118,0.9081337451934814,0.8185808658599854,0.44858741760253906,0.45763710141181946,0.49640733003616333,0.5011770725250244,0.4362336993217468,0.39783328771591187,0.22773633897304535,0.20219328999519348,0.22157122194766998,0.18475252389907837,0.15066249668598175,0.17324458062648773,0.17907603085041046,0.23891671001911163,0.24623946845531464,0.2698746919631958,0.22915995121002197,0.2230050414800644,539.7876500679068,578.8234914261891,1470.2159293058826,0.011304107453596288,0.0011967396130785346,1200.0,1210.0,1205.0,1233.0,1243.0,1238.0,4,viparita_swasa
P4,-6.766463279724121,-13.567340850830078,-29.01288414001465,-34.469032287597656,-38.376590728759766,-36.91067123413086,-38.79182052612305,-41.27092361450195,-39.51260757446289,-42.990577697753906,-46.19219207763672,-48.261810302734375,-50.260311126708984,-50.21476745605469,-52.764183044433594,-55.92668914794922,-55.17548370361328,-57.29904556274414,-58.29872512817383,-60.53328323364258,-61.693607330322266,-62.80948257446289,-64.02103424072266,-65.41287231445312,-66.16992950439453,-67.78080749511719,-68.08226776123047,-66.21717071533203,-65.16128540039062,-65.3980712890625,-65.50971221923828,-66.81938171386719,2.668719530105591,2.290043830871582,2.3914947509765625,2.849785804748535,2.3019351959228516,2.3542420864105225,2.288672685623169,2.2394611835479736,2.478994131088257,2.260225296020508,2.4196903705596924,2.2454965114593506,2.2176010608673096,2.741731643676758,3.284109354019165,2.907291889190674,3.456005811691284,3.2119452953338623,3.6782493591308594,4.068018436431885,3.913095712661743,3.999586343765259,4.166087627410889,4.106766700744629,3.9563682079315186,2.820070266723633,2.5271553993225098,4.412368297576904,5.558662414550781,5.3279619216918945,5.9406046867370605,5.554127216339111,-290.20916748046875,79.86299896240234,23.30655288696289,10.858448028564453,13.606488227844238,8.400581359863281,10.837775230407715,10.111297607421875,7.806389331817627,7.840648651123047,13.369144439697266,9.859658241271973,3.6391215324401855,2.407914400100708,3.053562879562378,2.768291711807251,2.3173904418945312,2.518181800842285,2.1020803451538086,2.0980775356292725,0.3409418761730194,0.34853580594062805,0.4246104955673218,0.6301531791687012,0.9293054342269897,0.8393163084983826,0.45705363154411316,0.4634333848953247,0.5143038034439087,0.519184947013855,0.4244227707386017,0.37349194288253784,0.22491763532161713,0.1955990344285965,0.2182604819536209,0.17831923067569733,0.12695318460464478,0.1521359086036682,0.174007385969162,0.24452291429042816,0.2567530870437622,0.27840951085090637,0.22358791530132294,0.22245779633522034,507.49127687224694,493.71488000290026,1421.006546075382,0.010735390081206497,0.0012095760321244597,1210.0,1220.0,1215.0,1243.0,1253.0,1248.0,4,viparita_swasa
P4,-7.8352837562561035,-14.800128936767578,-29.996971130371094,-35.53155517578125,-39.53605270385742,-37.916961669921875,-39.85702896118164,-42.370758056640625,-40.31465530395508,-43.86349105834961,-47.12345886230469,-48.95153045654297,-51.066558837890625,-51.3852653503418,-53.521705627441406,-56.47569274902344,-55.54752731323242,-57.686588287353516,-58.49496841430664,-61.106163024902344,-62.08098602294922,-63.1474494934082,-64.0850830078125,-65.43118286132812,-66.30423736572266,-68.2287826538086,-68.53105926513672,-66.40065002441406,-65.20947265625,-65.3114013671875,-65.31262969970703,-66.45594024658203,2.7788774967193604,2.223384380340576,2.208967924118042,2.886528730392456,2.5796966552734375,2.47825288772583,2.515686511993408,2.3439390659332275,2.4848952293395996,2.584641695022583,3.1664133071899414,3.097855806350708,3.0830178260803223,3.3214175701141357,4.177748680114746,4.277428150177002,4.940295219421387,5.0503716468811035,5.555416584014893,5.544826984405518,5.387267589569092,5.737209796905518,5.787228584289551,5.611210823059082,5.1253485679626465,3.4820327758789062,3.41131854057312,5.376745700836182,6.545525550842285,6.4555583000183105,7.159543037414551,7.1903486251831055,-293.4283142089844,77.55522918701172,23.425708770751953,10.824612617492676,13.827949523925781,7.994530200958252,11.132823944091797,10.023914337158203,8.12445068359375,7.56017541885376,18.99381446838379,11.886898040771484,4.710194110870361,2.5470798015594482,3.681090831756592,3.3566641807556152,2.4970271587371826,2.6174137592315674,2.2973368167877197,2.3959784507751465,0.3497394919395447,0.3487415611743927,0.4149378538131714,0.5980759859085083,0.8968377709388733,0.8212550282478333,0.4660153090953827,0.4738422632217407,0.5254599452018738,0.5437085628509521,0.4503921866416931,0.39387568831443787,0.22680354118347168,0.2003430724143982,0.216903954744339,0.19210746884346008,0.1558692753314972,0.167037695646286,0.17633333802223206,0.23152467608451843,0.22481921315193176,0.2735913395881653,0.22845332324504852,0.2234141230583191,577.4997297951564,665.9305439747679,1523.731120967995,0.012420017038863109,0.0012031588703393936,1220.0,1230.0,1225.0,1253.0,1263.0,1258.0,4,viparita_swasa
P4,-7.47963809967041,-14.262667655944824,-29.473041534423828,-34.964786529541016,-39.12061309814453,-37.92607498168945,-39.55804443359375,-41.9743766784668,-40.011043548583984,-43.63080596923828,-47.12844467163086,-49.22157287597656,-51.19725799560547,-51.08485794067383,-53.40885925292969,-56.71149826049805,-56.070655822753906,-58.16215133666992,-59.010616302490234,-61.43694305419922,-62.46910858154297,-63.76831817626953,-64.5751953125,-66.1747055053711,-66.91075134277344,-68.59902954101562,-68.8386459350586,-67.01483917236328,-65.94597625732422,-65.9970703125,-66.0504150390625,-67.70685577392578,2.632504463195801,2.2034473419189453,2.167342185974121,2.633755683898926,2.5238418579101562,2.3355143070220947,2.2233774662017822,2.1482462882995605,2.4457972049713135,2.223069190979004,2.4028160572052,2.2060463428497314,2.1792328357696533,2.704838991165161,3.032191753387451,2.6683197021484375,3.3698782920837402,3.0079805850982666,3.557610034942627,3.9151504039764404,4.029531002044678,3.933835983276367,4.326611518859863,4.056203842163086,3.9617760181427,2.7083044052124023,2.38057541847229,4.421665668487549,5.595409393310547,5.268509387969971,5.841235637664795,5.320923805236816,-294.4896240234375,79.95547485351562,23.627246856689453,10.938671112060547,13.622578620910645,8.375375747680664,10.862029075622559,10.146147727966309,7.976877212524414,7.873647212982178,12.781302452087402,9.964035987854004,3.737318992614746,2.297549247741699,2.958688259124756,2.6453261375427246,2.572465181350708,2.3747942447662354,2.2063376903533936,2.12636137008667,0.3602372705936432,0.3506038188934326,0.40792059898376465,0.5890701413154602,0.903217613697052,0.835056483745575,0.44446423649787903,0.44479507207870483,0.5037091374397278,0.5304788947105408,0.4539175033569336,0.405485063791275,0.2308959811925888,0.19985850155353546,0.21661894023418427,0.19275939464569092,0.15201912820339203,0.1662803292274475,0.16691182553768158,0.23932594060897827,0.2578817903995514,0.2934384047985077,0.24480986595153809,0.23172597587108612,497.76365993869086,468.5345218242459,1409.8850001404978,0.010550726870649651,0.0012131071416661143,1230.0,1240.0,1235.0,1263.0,1273.0,1268.0,4,viparita_swasa
P4,-7.183575630187988,-14.10393238067627,-28.995319366455078,-34.60798645019531,-38.72761535644531,-37.2453498840332,-39.107906341552734,-41.25959014892578,-39.57537078857422,-42.9354248046875,-45.821571350097656,-47.79874801635742,-49.782958984375,-50.16299819946289,-52.09795379638672,-54.752201080322266,-54.04862976074219,-55.94831085205078,-56.66975784301758,-59.11033248901367,-60.16941452026367,-61.53300476074219,-62.3171501159668,-63.9508171081543,-65.01177215576172,-67.24458312988281,-67.41219329833984,-65.23678588867188,-64.0417709350586,-63.905670166015625,-63.7757568359375,-65.17108154296875,2.699991464614868,2.1537249088287354,2.4684977531433105,3.2758922576904297,2.8607840538024902,2.504803419113159,2.5251615047454834,2.4492430686950684,2.584667444229126,3.1410655975341797,4.1589579582214355,3.911339044570923,3.876347064971924,3.99357533454895,5.032406330108643,5.167030334472656,6.01242733001709,6.085556983947754,6.832569122314453,6.796248912811279,6.677979469299316,6.792828559875488,6.850474834442139,6.465364933013916,6.071020126342773,4.1663126945495605,4.162596702575684,6.081733703613281,7.114614009857178,7.47631311416626,8.214447975158691,8.074481964111328,-286.326171875,76.30059051513672,22.14158058166504,11.290406227111816,14.280241966247559,7.474328517913818,11.495792388916016,9.909150123596191,7.94780158996582,7.51863431930542,22.989032745361328,13.374199867248535,6.60242223739624,2.8310413360595703,3.613431930541992,3.5971200466156006,2.9125189781188965,2.830152750015259,2.4291481971740723,2.6321146488189697,0.3529297709465027,0.34782809019088745,0.40864336490631104,0.5984710454940796,0.9068562984466553,0.8537315726280212,0.4622163474559784,0.4582095146179199,0.5148831605911255,0.536105215549469,0.45876845717430115,0.40238064527511597,0.21759344637393951,0.1877380758523941,0.20152926445007324,0.17448541522026062,0.1382332146167755,0.15386329591274261,0.16729691624641418,0.2308506965637207,0.2429225891828537,0.28410544991493225,0.23496808111667633,0.21746718883514404,634.4396916887973,853.7090682098318,1579.759162898224,0.012981936992459397,0.0012098579900339246,1240.0,1250.0,1245.0,1273.0,1283.0,1278.0,4,viparita_swasa
P4,-7.31361722946167,-14.196470260620117,-29.43883514404297,-35.11562728881836,-39.03557586669922,-37.80065155029297,-39.47454071044922,-41.76289367675781,-40.2054557800293,-43.8676643371582,-46.88299560546875,-48.9841194152832,-51.14613723754883,-50.819950103759766,-53.32838821411133,-56.476200103759766,-55.61977005004883,-57.992027282714844,-58.69389724731445,-61.21788787841797,-61.924476623535156,-63.86808776855469,-64.21687316894531,-65.9808578491211,-66.77154541015625,-68.48445892333984,-68.86608123779297,-66.77179718017578,-65.70268249511719,-65.82915496826172,-65.71633911132812,-67.41351318359375,2.634019136428833,2.259174346923828,2.1940770149230957,2.722539186477661,2.2162532806396484,2.411137104034424,2.2859103679656982,2.1855218410491943,2.525904893875122,2.226377248764038,2.295681953430176,2.1607799530029297,2.0601797103881836,2.9454917907714844,2.907926559448242,2.713315725326538,3.5587589740753174,3.1859281063079834,3.8375542163848877,4.093385219573975,4.125435829162598,4.033751487731934,4.666825771331787,4.290219783782959,4.306953430175781,3.007152557373047,2.7202951908111572,4.790294170379639,6.0277605056762695,5.877584457397461,6.554323196411133,5.929152965545654,-293.6116943359375,79.57093811035156,23.425151824951172,11.020150184631348,13.925042152404785,8.229866981506348,10.914816856384277,10.079516410827637,7.976712226867676,7.947497844696045,13.731123924255371,10.921773910522461,4.046414852142334,2.486258029937744,3.0024771690368652,2.7053892612457275,2.4051730632781982,2.3230931758880615,2.1526336669921875,2.1923182010650635,0.358248233795166,0.3484721779823303,0.39831843972206116,0.552132248878479,0.8701677322387695,0.8650007247924805,0.48126697540283203,0.4846592843532562,0.5537601709365845,0.5912549495697021,0.47939062118530273,0.41094520688056946,0.22318419814109802,0.19232437014579773,0.20882785320281982,0.19747960567474365,0.15949797630310059,0.16803443431854248,0.16179774701595306,0.23241375386714935,0.24298983812332153,0.29321926832199097,0.23278886079788208,0.220886692404747,512.6356615088583,492.6906789261891,1434.8862796392743,0.010768244272041764,0.0012046864721924067,1250.0,1260.0,1255.0,1283.0,1293.0,1288.0,4,viparita_swasa
P4,-7.848903656005859,-14.964591979980469,-30.16139793395996,-35.59446716308594,-39.522743225097656,-38.460933685302734,-40.21088409423828,-42.37295150756836,-40.71085739135742,-44.341739654541016,-47.40390396118164,-49.50485610961914,-51.421749114990234,-51.26817321777344,-53.324127197265625,-56.39542007446289,-55.090702056884766,-57.25164031982422,-58.03116989135742,-60.628780364990234,-61.66814041137695,-63.44935989379883,-63.7454948425293,-65.64099884033203,-66.56155395507812,-68.64171600341797,-68.82070922851562,-66.58182525634766,-65.13947296142578,-64.84882354736328,-64.60400390625,-66.2981948852539,2.656371831893921,2.3026371002197266,2.348323106765747,2.9872817993164062,2.3208017349243164,2.3246045112609863,2.252697706222534,2.0760130882263184,2.465139389038086,2.42454195022583,3.0327394008636475,2.7977166175842285,2.939303398132324,3.375023365020752,4.239972114562988,4.138203144073486,5.221939563751221,5.036725044250488,5.842052936553955,6.012733459472656,6.1294660568237305,5.878144264221191,6.367063522338867,5.813784122467041,5.525812149047852,3.999601364135742,3.802826404571533,5.611639499664307,6.889062881469727,7.290287494659424,8.242587089538574,7.848814010620117,-293.5395202636719,76.80362701416016,23.151165008544922,11.158452033996582,14.980119705200195,7.194413185119629,11.196221351623535,10.027898788452148,8.20055866241455,7.711145877838135,19.53957748413086,13.65255355834961,5.340702056884766,2.713637113571167,3.7450544834136963,3.546264410018921,2.763089656829834,2.6020071506500244,2.122805118560791,2.24759578704834,0.3596441447734833,0.3568915128707886,0.41829827427864075,0.6254216432571411,0.8977444171905518,0.8201414346694946,0.45768284797668457,0.47100165486335754,0.5275831818580627,0.5347521901130676,0.45647290349006653,0.40292924642562866,0.2308499962091446,0.19722215831279755,0.22387750446796417,0.1914157122373581,0.16498243808746338,0.17566460371017456,0.18252035975456238,0.24381452798843384,0.26440539956092834,0.29196077585220337,0.25214841961860657,0.23799294233322144,605.0267545369461,729.2061861042633,1575.4972896662257,0.011688161615429234,0.0012298463843762875,1260.0,1270.0,1265.0,1293.0,1303.0,1298.0,4,viparita_swasa
P4,-6.966794490814209,-13.751749038696289,-29.077390670776367,-34.48841857910156,-38.6746940612793,-37.5593147277832,-39.136592864990234,-41.73029708862305,-39.850276947021484,-43.08087158203125,-46.21531677246094,-48.51405715942383,-50.46894073486328,-50.09846115112305,-52.19790267944336,-55.245460510253906,-54.27930450439453,-56.61823272705078,-57.41401672363281,-59.61946105957031,-60.7915153503418,-62.58086395263672,-63.38667297363281,-65.09164428710938,-66.13731384277344,-68.24154663085938,-68.40691375732422,-66.0300521850586,-64.4706802368164,-64.16638946533203,-64.17628479003906,-65.92461395263672,2.69122052192688,2.1610636711120605,2.3311679363250732,2.907236337661743,2.504915237426758,2.2779593467712402,2.3360495567321777,2.2580058574676514,2.613877773284912,2.512493848800659,2.993576765060425,2.650202512741089,2.7005133628845215,3.3160297870635986,4.162007808685303,3.96876859664917,4.922060012817383,4.500365734100342,5.055428981781006,5.327698230743408,5.450514316558838,5.310075283050537,5.679687976837158,5.21346378326416,4.914037704467773,3.4704596996307373,3.392090320587158,5.313611030578613,6.512492656707764,6.732275009155273,7.406039237976074,7.155574798583984,-288.92242431640625,77.96341705322266,22.725900650024414,10.986761093139648,15.2732572555542,7.336885929107666,11.37067699432373,10.037254333496094,7.85662841796875,7.9448323249816895,17.81219482421875,12.278252601623535,4.5637311935424805,2.4269745349884033,3.847327947616577,3.3951003551483154,2.6549134254455566,2.6421375274658203,2.203167676925659,2.2724969387054443,0.3644086420536041,0.3470046818256378,0.3976510763168335,0.622248649597168,0.9043474197387695,0.8114857077598572,0.4462786316871643,0.4731290340423584,0.5438100099563599,0.5523759722709656,0.47700202465057373,0.41636550426483154,0.22905437648296356,0.18837575614452362,0.21179907023906708,0.17996159195899963,0.16149888932704926,0.17421549558639526,0.17030280828475952,0.2286239117383957,0.2564052641391754,0.2843225598335266,0.2500246465206146,0.23647494614124298,568.3919816823508,652.8157740900522,1519.6127361577467,0.011824109991299304,0.00123348250053823,1270.0,1280.0,1275.0,1303.0,1313.0,1308.0,4,viparita_swasa
P4,-5.94633674621582,-12.457967758178711,-27.846237182617188,-33.52131271362305,-37.4251708984375,-35.854312896728516,-37.52557373046875,-40.140525817871094,-38.3856315612793,-41.895755767822266,-44.87331771850586,-47.05357360839844,-49.06541061401367,-48.56913757324219,-51.22893142700195,-54.44684982299805,-53.66367721557617,-55.823089599609375,-56.65732955932617,-58.73045349121094,-59.821231842041016,-61.77017593383789,-62.42942428588867,-64.12220764160156,-64.99909973144531,-66.85812377929688,-67.1129379272461,-64.77252960205078,-63.569297790527344,-63.46939468383789,-63.495277404785156,-65.25003051757812,2.4782629013061523,2.1311464309692383,2.1933836936950684,2.6903743743896484,2.316506862640381,2.4016361236572266,2.2734622955322266,2.3186535835266113,2.5479254722595215,2.356705665588379,2.426283836364746,2.253941774368286,2.3892269134521484,3.3194210529327393,3.763516664505005,3.189415454864502,3.7772743701934814,3.405369520187378,4.153702735900879,4.7844767570495605,4.839173316955566,4.614664554595947,4.907621383666992,4.674429893493652,4.523816108703613,3.276604175567627,2.980370044708252,5.123481750488281,6.309915065765381,6.245044231414795,6.980112075805664,6.37977409362793,-282.6270751953125,78.8986587524414,22.866186141967773,10.556260108947754,14.311251640319824,7.769680976867676,11.099102020263672,10.029706954956055,7.618616104125977,8.149168014526367,15.441732406616211,11.543530464172363,4.009467124938965,2.4088265895843506,3.115931272506714,3.1821632385253906,2.284168004989624,2.5813820362091064,2.2286243438720703,2.220794916152954,0.3179614543914795,0.3127667009830475,0.3706302046775818,0.6351746320724487,0.9263100028038025,0.8110254406929016,0.45584192872047424,0.48139429092407227,0.5370509624481201,0.5257072448730469,0.44095149636268616,0.3703787326812744,0.2084648162126541,0.1774473786354065,0.18719635903835297,0.15198345482349396,0.13866114616394043,0.14943525195121765,0.18928000330924988,0.24405375123023987,0.2615932524204254,0.28093597292900085,0.24705111980438232,0.22514767944812775,554.3646698093224,597.6587990320476,1496.8342499980486,0.011258791328306265,0.0011597353732213378,1280.0,1290.0,1285.0,1313.0,1323.0,1318.0,4,viparita_swasa
P4,-10.210502624511719,-17.53513526916504,-32.3333854675293,-37.85284423828125,-42.0327262878418,-40.79684829711914,-42.522953033447266,-44.92446517944336,-43.340335845947266,-46.54022216796875,-49.38397216796875,-51.55437088012695,-53.3975715637207,-53.093482971191406,-55.2100715637207,-58.17375564575195,-56.94858932495117,-59.06294250488281,-59.87281036376953,-62.288394927978516,-63.469478607177734,-65.1799087524414,-65.78862762451172,-67.68173217773438,-68.64447784423828,-71.00074768066406,-71.23365020751953,-68.79328918457031,-67.19280242919922,-66.6440658569336,-66.25201416015625,-67.89663696289062,2.987205982208252,2.169891119003296,2.2238926887512207,3.0154473781585693,2.3926947116851807,2.3637585639953613,2.432159185409546,2.1958725452423096,2.4896459579467773,2.589881658554077,3.308026075363159,2.950265884399414,2.9802792072296143,3.5904541015625,4.455704212188721,4.452460289001465,5.358579158782959,5.451842308044434,5.868407249450684,5.981962203979492,6.020127773284912,5.921382904052734,6.264070510864258,5.906311511993408,5.476449489593506,3.9909324645996094,3.8184261322021484,5.705732822418213,6.853875160217285,7.259346008300781,8.288874626159668,8.259764671325684,-305.267333984375,75.90899658203125,22.458271026611328,11.059250831604004,15.751358032226562,6.849067211151123,11.639078140258789,9.64113712310791,8.042149543762207,7.6105170249938965,20.07906150817871,13.585386276245117,5.161945343017578,2.5178680419921875,4.014660835266113,3.6809022426605225,2.900844097137451,2.8157126903533936,2.3016960620880127,2.35188627243042,0.33955979347229004,0.33317941427230835,0.40471771359443665,0.5827358961105347,0.8712238669395447,0.8218802213668823,0.486654132604599,0.4982873201370239,0.5619255900382996,0.5883413553237915,0.48766788840293884,0.4075365662574768,0.21073108911514282,0.1758410781621933,0.20096947252750397,0.1941586583852768,0.18051287531852722,0.17880451679229736,0.17384113371372223,0.23759442567825317,0.2449563890695572,0.28966882824897766,0.24476367235183716,0.22511115670204163,636.9612437245107,831.6512742894431,1624.7755194826145,0.01253670606148492,0.0012428566114977002,1290.0,1300.0,1295.0,1323.0,1333.0,1328.0,4,viparita_swasa
P4,-7.632226943969727,-14.505465507507324,-29.644012451171875,-35.01078414916992,-39.12049865722656,-37.65758514404297,-39.56509017944336,-41.74205780029297,-40.192848205566406,-43.551822662353516,-46.66853332519531,-49.08933639526367,-50.61621856689453,-49.58827209472656,-52.72026062011719,-56.15071105957031,-55.34962844848633,-57.79856491088867,-58.461421966552734,-60.45219039916992,-61.974822998046875,-63.89759826660156,-64.56669616699219,-66.4307632446289,-67.23056030273438,-69.29835510253906,-69.48675537109375,-67.26901245117188,-65.91776275634766,-65.8530044555664,-66.10441589355469,-67.78662109375,2.845684289932251,2.137813091278076,2.3094534873962402,2.647881031036377,2.351551055908203,2.445244550704956,2.3228702545166016,2.2354798316955566,2.4379866123199463,2.520582675933838,2.661773204803467,2.272799491882324,2.5802886486053467,3.6781716346740723,3.645052909851074,3.27718186378479,3.8392574787139893,3.465210199356079,4.086663722991943,5.075345516204834,4.823401927947998,4.4358439445495605,5.013408660888672,4.497308254241943,4.502639293670654,3.1828689575195312,2.796560287475586,4.714651584625244,5.954359531402588,5.9833502769470215,6.577151775360107,6.035667419433594,-293.68511962890625,80.38551330566406,21.89240074157715,10.481599807739258,14.638931274414062,7.910531997680664,10.920523643493652,9.802810668945312,7.4789605140686035,8.346040725708008,15.526205062866211,10.719358444213867,4.046257495880127,2.448115587234497,2.9425551891326904,3.0753531455993652,2.4342617988586426,2.529238700866699,2.262413263320923,2.2935640811920166,0.3366411328315735,0.33420124650001526,0.3963311016559601,0.6014211773872375,0.900269627571106,0.8292604684829712,0.4539619982242584,0.46289896965026855,0.5290853977203369,0.5433375239372253,0.4489348232746124,0.384272962808609,0.21146363019943237,0.18031133711338043,0.20753969252109528,0.18937747180461884,0.1613355278968811,0.17424006760120392,0.17406398057937622,0.227211594581604,0.2501871883869171,0.2860260009765625,0.23225995898246765,0.21607095003128052,517.9689178881257,540.9030710738109,1427.7147564598472,0.010765978465777263,0.0012149619869887829,1300.0,1310.0,1305.0,1333.0,1343.0,1338.0,4,viparita_swasa
P4,-5.999454975128174,-12.899639129638672,-27.84891128540039,-33.087730407714844,-37.3423957824707,-36.15547561645508,-37.70862579345703,-40.02785873413086,-38.3813362121582,-41.49040222167969,-44.15492248535156,-46.67649841308594,-48.34017562866211,-47.678558349609375,-49.742767333984375,-52.93574142456055,-51.6911506652832,-53.93577194213867,-54.605838775634766,-56.697818756103516,-57.791259765625,-59.954410552978516,-60.64243698120117,-62.87220001220703,-64.21208190917969,-66.76754760742188,-66.72575378417969,-64.0674057006836,-62.41958999633789,-61.764076232910156,-61.38782501220703,-63.59033203125,2.592653274536133,2.2869975566864014,2.3607921600341797,2.823542833328247,2.425999402999878,2.449659824371338,2.4585018157958984,2.299689769744873,2.508561372756958,2.554858684539795,3.3460853099823,2.8600587844848633,3.11452317237854,4.138763427734375,4.5229291915893555,4.583893775939941,5.315542697906494,5.219834327697754,5.81838846206665,6.236471652984619,6.175190448760986,5.797021865844727,6.112253665924072,5.824410438537598,5.453606128692627,3.970547914505005,3.870999336242676,6.0152082443237305,7.000006675720215,7.306302070617676,8.275041580200195,8.052067756652832,-277.468017578125,75.8560791015625,20.77058219909668,11.02755355834961,15.97929859161377,6.261612415313721,11.92061996459961,9.604111671447754,7.539159774780273,8.156692504882812,19.916961669921875,13.439292907714844,6.010411262512207,3.2000787258148193,3.9188036918640137,3.7158758640289307,2.8271162509918213,2.9000861644744873,2.293463945388794,2.5111355781555176,0.36314094066619873,0.3466392159461975,0.4007405638694763,0.6152503490447998,0.9104973077774048,0.8232309818267822,0.45506197214126587,0.47836440801620483,0.5422416925430298,0.5523260831832886,0.4714291989803314,0.4129088521003723,0.23514418303966522,0.1894407719373703,0.20758599042892456,0.1823197305202484,0.15064942836761475,0.157209113240242,0.17141050100326538,0.22863729298114777,0.2576991021633148,0.29118597507476807,0.24636146426200867,0.23928380012512207,644.7799215829235,851.3858804016821,1633.8405121102608,0.012653395084106728,0.001219257595948875,1310.0,1320.0,1315.0,1343.0,1353.0,1348.0,4,viparita_swasa
P4,-5.936007022857666,-12.698054313659668,-27.75335121154785,-32.85737609863281,-37.35947799682617,-36.0635986328125,-37.786170959472656,-40.09343719482422,-38.587501525878906,-41.723514556884766,-44.80584716796875,-47.30978012084961,-48.75546646118164,-48.02888107299805,-50.34269714355469,-53.55970001220703,-52.2273063659668,-54.726097106933594,-55.54188919067383,-57.89453125,-58.62179946899414,-61.014060974121094,-61.35727310180664,-63.553924560546875,-64.57012939453125,-66.95297241210938,-66.84516143798828,-63.97336959838867,-62.43361282348633,-62.24717330932617,-61.99555969238281,-63.876686096191406,2.701127290725708,2.348435401916504,2.314321279525757,2.919748067855835,2.258234739303589,2.3350019454956055,2.357337713241577,2.3243885040283203,2.6027450561523438,2.25138258934021,2.7212445735931396,2.4434397220611572,2.6742022037506104,3.695138692855835,4.091228485107422,3.744309186935425,4.642395973205566,4.4197468757629395,4.790542125701904,5.412417411804199,5.485531806945801,5.143377304077148,5.838876724243164,5.4730305671691895,5.597315788269043,4.184520244598389,3.788698196411133,6.0111236572265625,7.1853485107421875,7.27012300491333,8.167724609375,7.8716230392456055,-279.57098388671875,76.76995086669922,22.29448699951172,10.731769561767578,15.848549842834473,6.789288520812988,11.182950019836426,9.707276344299316,7.598207950592041,8.260603904724121,18.480712890625,13.623106002807617,4.638271331787109,2.46308970451355,3.6070055961608887,3.1075823307037354,2.498755693435669,2.6280741691589355,2.256316661834717,2.3562047481536865,0.3511999845504761,0.34901073575019836,0.41398656368255615,0.5934842824935913,0.8973956108093262,0.8515567779541016,0.4578697979450226,0.4521622657775879,0.5000723004341125,0.5209949016571045,0.44997042417526245,0.3990224003791809,0.23008814454078674,0.20491598546504974,0.2312123030424118,0.20526060461997986,0.1588352620601654,0.16582931578159332,0.1614724099636078,0.225795179605484,0.24910211563110352,0.2918226420879364,0.23839594423770905,0.22729286551475525,622.5440678555254,765.3779704720127,1615.7232103929082,0.012067684164733179,0.001202231738716364,1320.0,1330.0,1325.0,1353.0,1363.0,1358.0,0,breath_retention
P4,-6.275391578674316,-13.06011962890625,-28.214292526245117,-33.685977935791016,-37.66816711425781,-36.453487396240234,-38.101924896240234,-40.55025100708008,-39.148128509521484,-42.33285903930664,-45.30664825439453,-47.201656341552734,-49.08783721923828,-48.93051528930664,-51.208885192871094,-54.06824493408203,-52.8958625793457,-54.95494079589844,-55.59645080566406,-58.04552459716797,-58.969505310058594,-61.234954833984375,-61.62436294555664,-63.770782470703125,-64.84603118896484,-67.25765991210938,-67.21643829345703,-64.32735443115234,-62.64536666870117,-62.387489318847656,-62.16756057739258,-63.74692153930664,2.6569619178771973,2.469791889190674,2.4531049728393555,3.1580564975738525,2.572357177734375,2.4142518043518066,2.2963085174560547,2.1699256896972656,2.3990378379821777,2.4546058177948,2.914489269256592,2.5149285793304443,2.564359426498413,3.5756232738494873,4.16114616394043,4.037274360656738,5.138341903686523,4.728484630584717,5.530108451843262,5.74932336807251,6.0195770263671875,5.586763858795166,6.11325740814209,5.75675106048584,5.449587345123291,4.0345988273620605,3.7313125133514404,5.845279693603516,7.049072742462158,7.2718048095703125,8.149337768554688,7.862635612487793,-281.6020202636719,76.16926574707031,22.587936401367188,10.817285537719727,15.810667991638184,6.443417549133301,11.628100395202637,9.827352523803711,7.481239318847656,7.981605529785156,19.372594833374023,13.38812255859375,4.760576248168945,2.4499917030334473,3.854694128036499,3.7067668437957764,2.6867306232452393,2.7452709674835205,2.1848304271698,2.1904685497283936,0.3126538395881653,0.3214377462863922,0.3986131250858307,0.5786855816841125,0.8811641335487366,0.8384675979614258,0.44997790455818176,0.44111594557762146,0.5242621898651123,0.5698069334030151,0.46126705408096313,0.3781391680240631,0.20227915048599243,0.19045229256153107,0.23202718794345856,0.20843690633773804,0.16708096861839294,0.17346613109111786,0.1692800521850586,0.23331816494464874,0.24436767399311066,0.2908641993999481,0.23272408545017242,0.20757290720939636,639.2559831367108,828.1540023201857,1636.930827512641,0.012407555104408352,0.001180753344669938,1330.0,1340.0,1335.0,1363.0,1373.0,1368.0,0,breath_retention
P4,-7.199085235595703,-14.064403533935547,-28.86313247680664,-33.88453674316406,-38.20112228393555,-37.23782730102539,-38.89734649658203,-41.30654525756836,-39.71803283691406,-42.93247985839844,-45.570438385009766,-48.04706573486328,-49.43403625488281,-49.13761520385742,-50.86973571777344,-53.97687911987305,-52.89365768432617,-55.04398727416992,-55.413265228271484,-57.92850112915039,-58.90410232543945,-61.115821838378906,-61.59891128540039,-63.7279052734375,-64.850341796875,-67.48063659667969,-67.62371063232422,-64.29595947265625,-62.27766418457031,-61.84253692626953,-61.31619644165039,-63.32628631591797,2.6872622966766357,2.2804629802703857,2.2879414558410645,3.2212719917297363,2.570751190185547,2.5746970176696777,2.3047492504119873,2.3147616386413574,2.5725021362304688,2.5201783180236816,3.1953284740448,2.5981621742248535,2.7309200763702393,3.410942792892456,3.975330352783203,3.829463243484497,4.753993511199951,4.637351036071777,5.344508171081543,5.660277843475342,5.542534828186035,5.496580123901367,5.93536901473999,5.649647235870361,5.782303333282471,4.459446430206299,4.039071083068848,6.086580753326416,7.301068305969238,7.336093425750732,8.352385520935059,8.168581008911133,-282.662353515625,74.1008071899414,22.28523826599121,10.60459041595459,16.604658126831055,5.900835990905762,11.674430847167969,9.33116340637207,7.3961310386657715,7.986863613128662,19.332584381103516,13.6680326461792,4.815344333648682,2.846526861190796,3.923584222793579,3.6663224697113037,2.636000156402588,2.8306236267089844,2.3412413597106934,2.238321542739868,0.3503340780735016,0.352996289730072,0.42201122641563416,0.6303130984306335,0.898686945438385,0.8253979682922363,0.4594150483608246,0.46894389390945435,0.5081057548522949,0.5044662356376648,0.43266919255256653,0.38573789596557617,0.22542402148246765,0.19676092267036438,0.22705651819705963,0.1934710592031479,0.15409773588180542,0.16122977435588837,0.18323305249214172,0.2487502098083496,0.2694830596446991,0.2942157983779907,0.2487953007221222,0.23219680786132812,698.887962982616,950.3336966176045,1752.7329745630489,0.012689647984338748,0.001216824515722692,1340.0,1350.0,1345.0,1373.0,1383.0,1378.0,0,breath_retention
P4,-8.004780769348145,-14.755671501159668,-29.553251266479492,-36.09319305419922,-39.886573791503906,-38.421485900878906,-40.32508087158203,-42.515777587890625,-40.38267517089844,-43.253395080566406,-46.44196701049805,-48.31592559814453,-50.10652160644531,-50.937225341796875,-52.791236877441406,-55.33250427246094,-54.9654655456543,-56.37972640991211,-57.225711822509766,-59.66669845581055,-61.2482795715332,-62.9581184387207,-64.23974609375,-65.95613098144531,-67.24722290039062,-68.75579833984375,-68.600341796875,-67.37947845458984,-66.80278778076172,-67.00233459472656,-67.04755401611328,-67.63990020751953,2.5873961448669434,2.3440983295440674,2.4125735759735107,3.534722089767456,3.826134443283081,3.3202807903289795,3.5373034477233887,3.931914806365967,4.0530619621276855,5.001185894012451,6.149679183959961,5.868697166442871,5.952134609222412,5.755087375640869,6.93316125869751,7.731956481933594,8.790839195251465,8.823457717895508,9.077059745788574,9.389060974121094,9.32475757598877,8.904349327087402,8.492619514465332,8.033205032348633,7.157955646514893,5.477016448974609,5.589814186096191,6.929609775543213,7.586256504058838,7.857372760772705,8.273441314697266,8.658979415893555,-293.4903869628906,79.34567260742188,19.50278663635254,11.860180854797363,14.544745445251465,8.101428985595703,11.561641693115234,10.958564758300781,7.641654968261719,7.005448341369629,30.83340072631836,15.231897354125977,9.742506980895996,4.5389838218688965,3.9710209369659424,4.256171703338623,3.023951530456543,2.6634633541107178,2.5863611698150635,2.4223804473876953,0.3558189272880554,0.34654369950294495,0.4002426266670227,0.6090786457061768,0.8912348747253418,0.8172077536582947,0.45282816886901855,0.4723678231239319,0.537173867225647,0.5492164492607117,0.4664207398891449,0.4057687222957611,0.21398459374904633,0.18317313492298126,0.20145903527736664,0.18031051754951477,0.16936460137367249,0.1765749156475067,0.17954446375370026,0.2405981570482254,0.2604318857192993,0.29364699125289917,0.24027328193187714,0.2203247845172882,607.5332476507664,959.5515063080046,1421.9890647576422,0.014046865936774943,0.0011402633972465992,1350.0,1360.0,1355.0,1383.0,1393.0,1388.0,0,breath_retention
P4,-6.500439167022705,-13.72925853729248,-28.731271743774414,-36.14586639404297,-40.65470886230469,-38.41596603393555,-40.58142852783203,-43.63566589355469,-41.5347785949707,-45.13163757324219,-49.272552490234375,-51.114376068115234,-53.108642578125,-54.090606689453125,-57.042640686035156,-60.328006744384766,-60.79439163208008,-62.058563232421875,-63.394412994384766,-66.3935775756836,-67.50975799560547,-68.58763885498047,-69.31578063964844,-70.47078704833984,-70.72490692138672,-70.9759292602539,-70.89572143554688,-70.6865463256836,-70.70942687988281,-70.94953918457031,-71.1278305053711,-71.49845886230469,2.6185789108276367,2.2874746322631836,2.339468002319336,2.4422249794006348,2.272740125656128,2.358767509460449,2.2990822792053223,2.088200807571411,2.4901413917541504,2.1635637283325195,1.9987947940826416,2.0572750568389893,1.933100700378418,2.0978097915649414,2.0651986598968506,1.9002166986465454,2.0638322830200195,1.9875538349151611,1.8570966720581055,1.8792954683303833,1.788642168045044,1.842107892036438,2.0973434448242188,1.8453867435455322,1.6824867725372314,1.366764783859253,1.5355796813964844,1.4364333152770996,1.1914031505584717,1.180742621421814,1.1970984935760498,1.1684086322784424,-310.4395446777344,88.23974609375,27.60540008544922,10.87401294708252,12.828811645507812,11.15848445892334,10.573383331298828,11.187612533569336,8.497299194335938,7.114285945892334,4.131250858306885,3.33128023147583,2.856440544128418,2.2801718711853027,2.411613941192627,2.090613603591919,2.0933573246002197,2.1030471324920654,2.1035096645355225,1.9618535041809082,0.37368208169937134,0.35423755645751953,0.4018247127532959,0.5575048923492432,0.8572693467140198,0.8417918682098389,0.5017285346984863,0.5149259567260742,0.5501603484153748,0.5564711689949036,0.46896085143089294,0.4195118844509125,0.24989427626132965,0.20538397133350372,0.20514781773090363,0.19499820470809937,0.17729875445365906,0.17396198213100433,0.17661918699741364,0.2452823370695114,0.24387505650520325,0.2877591848373413,0.24931612610816956,0.24915547668933868,328.5259762395654,257.14941179669376,1055.9061715895582,0.00925808439675174,0.0011866859858855605,1360.0,1370.0,1365.0,1393.0,1403.0,1398.0,0,breath_retention
P4,-7.275285243988037,-13.977892875671387,-29.566728591918945,-37.03870391845703,-41.671775817871094,-39.482810974121094,-41.474491119384766,-44.65408706665039,-42.472068786621094,-45.88121795654297,-50.356056213378906,-51.99863052368164,-54.25850296020508,-55.22781753540039,-58.268253326416016,-61.39027786254883,-61.93533706665039,-63.12494659423828,-64.28435516357422,-67.20909118652344,-68.31635284423828,-69.4404067993164,-70.2603759765625,-71.37687683105469,-71.6002426147461,-71.88333129882812,-71.86068725585938,-71.62334442138672,-71.62602233886719,-71.72994232177734,-71.82301330566406,-72.292236328125,2.5352394580841064,2.1900925636291504,2.1907565593719482,2.3024728298187256,2.2273032665252686,2.559257984161377,2.38496732711792,2.1234257221221924,2.526599407196045,2.1816155910491943,2.161825180053711,2.1067185401916504,1.9591827392578125,2.0564868450164795,1.8211098909378052,1.578964114189148,1.6644842624664307,1.6885323524475098,1.6205886602401733,1.5534625053405762,1.5018651485443115,1.3945475816726685,1.1994187831878662,1.115088939666748,1.099000096321106,1.002661108970642,0.9728422164916992,0.8936665058135986,0.9149482250213623,0.7892618775367737,0.7386584877967834,0.7488792538642883,-315.61376953125,88.2213363647461,28.144712448120117,11.153090476989746,12.912909507751465,11.100885391235352,11.036687850952148,11.423046112060547,8.560890197753906,7.086884498596191,2.4165408611297607,2.156923294067383,2.1827232837677,2.3287203311920166,2.204498291015625,2.1065773963928223,1.9953774213790894,2.1454410552978516,2.075124740600586,2.0682623386383057,0.3371584415435791,0.3447320759296417,0.4225980341434479,0.7047725319862366,0.9307237267494202,0.7716187834739685,0.44124457240104675,0.46809646487236023,0.5384315848350525,0.5150951147079468,0.44082993268966675,0.3803592324256897,0.21330182254314423,0.1853695809841156,0.21727804839611053,0.16971099376678467,0.137258842587471,0.15499699115753174,0.18742376565933228,0.23117336630821228,0.2672446370124817,0.2699770927429199,0.23871034383773804,0.2254583090543747,321.09720532045407,246.50771280452437,1043.9751446869857,0.009431418575986079,0.0011710304534062743,1370.0,1380.0,1375.0,1403.0,1413.0,1408.0,0,breath_retention
P4,-6.193096160888672,-12.668407440185547,-27.484153747558594,-33.92418670654297,-38.65102005004883,-36.889530181884766,-38.86333465576172,-41.624881744384766,-39.78125,-42.64898681640625,-45.871315002441406,-47.100955963134766,-49.204933166503906,-50.40921401977539,-52.4388313293457,-54.6839599609375,-54.52377700805664,-54.37491989135742,-55.448211669921875,-58.27146911621094,-59.52682876586914,-60.999610900878906,-61.973731994628906,-63.70804214477539,-64.59384155273438,-65.68234252929688,-65.87855529785156,-64.42118072509766,-63.679500579833984,-63.83420181274414,-63.78907775878906,-64.38827514648438,2.684490919113159,2.314640998840332,2.4753968715667725,3.7403345108032227,3.7536489963531494,3.096334934234619,3.274275779724121,3.5021114349365234,3.6235687732696533,4.372561931610107,5.241209983825684,6.381748199462891,6.3873090744018555,6.107697010040283,7.321755409240723,8.197818756103516,9.467630386352539,11.291910171508789,11.992799758911133,11.867420196533203,11.573982238769531,11.208258628845215,11.226280212402344,10.361139297485352,9.52369499206543,8.132200241088867,7.7627410888671875,9.225968360900879,9.963850975036621,10.309500694274902,10.764202117919922,10.707074165344238,-283.467041015625,75.97877502441406,22.972013473510742,12.897146224975586,14.675554275512695,8.084484100341797,11.626493453979492,11.017984390258789,7.214885234832764,6.37229061126709,38.620216369628906,19.982433319091797,8.745583534240723,3.997735023498535,3.6386301517486572,4.881470203399658,2.6240081787109375,2.4927256107330322,2.832923650741577,2.748584032058716,0.3299894630908966,0.31947195529937744,0.3747594952583313,0.5549046397209167,0.9011755585670471,0.8567143082618713,0.47628122568130493,0.46899521350860596,0.511978268623352,0.5327918529510498,0.4403999149799347,0.38082635402679443,0.2114505022764206,0.1848679929971695,0.2002289593219757,0.1792115718126297,0.14804424345493317,0.1579154133796692,0.16097769141197205,0.23169614374637604,0.2400931417942047,0.283439576625824,0.236200213432312,0.21946708858013153,714.8017901834797,1315.2240655814965,1498.116894649621,0.017885141748839907,0.0011499065440148115,1380.0,1390.0,1385.0,1413.0,1423.0,1418.0,2,meditation
P4,-6.797810077667236,-13.689947128295898,-29.070520401000977,-36.38425827026367,-41.008758544921875,-38.757381439208984,-40.990577697753906,-43.8747444152832,-41.676815032958984,-45.018672943115234,-49.57624816894531,-51.36702346801758,-53.61370849609375,-54.53660583496094,-57.46275329589844,-60.44828414916992,-61.15188980102539,-62.38484191894531,-63.811302185058594,-66.72312927246094,-67.78669738769531,-68.8082275390625,-69.65717315673828,-70.65282440185547,-70.88089752197266,-71.14618682861328,-71.1274185180664,-70.82112884521484,-70.91809844970703,-71.10675048828125,-71.27818298339844,-71.66397094726562,2.779892921447754,2.255211591720581,2.2719292640686035,2.5466105937957764,2.267124652862549,2.421694278717041,2.4965322017669678,2.167606830596924,2.6025514602661133,2.3598265647888184,2.1588096618652344,2.2602367401123047,2.285020589828491,2.1358892917633057,2.2408602237701416,2.091477155685425,2.2259912490844727,2.1943209171295166,2.248995304107666,2.269272804260254,2.1411280632019043,2.050403356552124,1.9589343070983887,1.773615837097168,1.6931748390197754,1.6178439855575562,1.5304298400878906,1.4721604585647583,1.4646974802017212,1.4059369564056396,1.3302010297775269,1.3605084419250488,-311.8681945800781,88.11531829833984,27.890316009521484,10.810967445373535,12.71495246887207,11.216025352478027,10.717121124267578,11.41895866394043,8.72086238861084,7.04820442199707,6.004436016082764,3.0410640239715576,3.0158796310424805,2.440878391265869,2.2977843284606934,2.219196319580078,2.222450017929077,2.211942195892334,1.9973212480545044,1.9884859323501587,0.33589309453964233,0.3423823416233063,0.41495227813720703,0.6434155702590942,0.9068371057510376,0.8184625506401062,0.4657813012599945,0.492847740650177,0.5505907535552979,0.5397388935089111,0.4416513442993164,0.37797337770462036,0.21636636555194855,0.18590591847896576,0.21678170561790466,0.18733590841293335,0.15735232830047607,0.16810427606105804,0.1958921253681183,0.2538825571537018,0.26404693722724915,0.2784685492515564,0.23479203879833221,0.22360514104366302,327.25423738669673,262.0455925536543,1054.1600285671636,0.00935664696925754,0.0011813236633315682,1390.0,1400.0,1395.0,1423.0,1433.0,1428.0,2,meditation
P4,-6.815372943878174,-13.772346496582031,-29.021860122680664,-35.61292266845703,-39.77595520019531,-38.355464935302734,-39.48690414428711,-42.23683547973633,-40.09809875488281,-42.920162200927734,-45.88971710205078,-47.67012405395508,-49.51960372924805,-50.1744270324707,-51.41764831542969,-53.47314453125,-53.04646682739258,-52.63374710083008,-53.85480880737305,-55.95258712768555,-57.69435119628906,-58.74946975708008,-59.96412658691406,-61.90125274658203,-63.44272994995117,-65.92678833007812,-65.99861907958984,-64.20028686523438,-63.241539001464844,-63.323909759521484,-63.967742919921875,-65.11869049072266,2.628309488296509,2.1805803775787354,2.3221547603607178,3.0250914096832275,3.1944987773895264,2.7651448249816895,2.708305835723877,2.993149995803833,2.9505627155303955,3.463331460952759,4.3435959815979,4.0941667556762695,4.352766990661621,4.643895149230957,4.999969005584717,5.161396026611328,6.3798675537109375,7.263936519622803,7.07274866104126,6.871074199676514,7.2960405349731445,8.590585708618164,9.509439468383789,8.64193344116211,7.95302152633667,5.882835388183594,5.667932510375977,6.776756763458252,7.268970489501953,8.023605346679688,7.914174556732178,7.635826587677002,-282.00439453125,72.20575714111328,18.734233856201172,15.283041954040527,14.672887802124023,7.290213584899902,12.33228588104248,11.448002815246582,7.821442604064941,7.46878719329834,24.886842727661133,16.646251678466797,6.374734401702881,6.633878231048584,3.590879201889038,3.0337486267089844,3.002786636352539,2.856712818145752,2.4608261585235596,2.648711681365967,0.3776165246963501,0.36120572686195374,0.40901854634284973,0.57616126537323,0.8712815046310425,0.8363866806030273,0.46677491068840027,0.4805258810520172,0.5455675721168518,0.5704833269119263,0.4912368655204773,0.43399760127067566,0.22673042118549347,0.19031213223934174,0.21083073318004608,0.19527162611484528,0.17838634550571442,0.17916753888130188,0.16855761408805847,0.23476971685886383,0.24923484027385712,0.28976505994796753,0.25581201910972595,0.2390851080417633,665.3591637721972,1118.8272639936195,1561.3898597716313,0.01324250471287703,0.0012002368457615376,1400.0,1410.0,1405.0,1433.0,1443.0,1438.0,2,meditation
P4,-6.834415912628174,-13.559773445129395,-28.89192008972168,-35.75723648071289,-40.11656188964844,-37.97003936767578,-39.116859436035156,-41.6114501953125,-39.5072135925293,-43.2888069152832,-47.575828552246094,-49.113162994384766,-51.21710205078125,-52.30886459350586,-54.79127883911133,-57.12665557861328,-57.414913177490234,-59.033485412597656,-60.988521575927734,-63.324119567871094,-64.73585510253906,-66.35051727294922,-67.71365356445312,-69.07420349121094,-69.6319808959961,-70.1675033569336,-69.87036895751953,-69.2479019165039,-68.6899185180664,-69.01976013183594,-69.54584503173828,-70.27473449707031,2.7655820846557617,2.3470025062561035,2.3115971088409424,2.5055012702941895,2.4873321056365967,2.536569595336914,2.4655699729919434,2.3182928562164307,2.5734941959381104,2.385096311569214,2.524613618850708,2.523444890975952,2.379516839981079,2.316906452178955,2.510221004486084,2.7684240341186523,2.74804949760437,2.943108320236206,2.9827136993408203,3.1829771995544434,2.847735643386841,2.746128797531128,3.3188703060150146,3.112494945526123,2.6091315746307373,1.7444413900375366,1.928745985031128,2.20538592338562,2.5028154850006104,2.330993175506592,2.125873565673828,1.9546456336975098,-301.20458984375,86.4092025756836,23.49300765991211,9.916763305664062,13.435686111450195,9.428471565246582,10.372841835021973,12.082071304321289,8.604488372802734,7.8373541831970215,8.27583122253418,5.167910099029541,3.629594326019287,3.1096482276916504,3.153761148452759,2.3772664070129395,2.2260138988494873,2.185537338256836,2.0968027114868164,2.0354597568511963,0.3151957392692566,0.3142068386077881,0.3842166066169739,0.5745609998703003,0.8832648992538452,0.8394440412521362,0.46084827184677124,0.4592084288597107,0.5003798604011536,0.5116275548934937,0.4271366000175476,0.3656138479709625,0.20619386434555054,0.18267609179019928,0.21279847621917725,0.19201725721359253,0.17671504616737366,0.18776239454746246,0.1695183366537094,0.23532411456108093,0.2580341398715973,0.301457941532135,0.24562931060791016,0.21736161410808563,383.6704585272064,347.90361939892693,1155.6445138431168,0.010048850783062646,0.001157597522251308,1410.0,1420.0,1415.0,1443.0,1453.0,1448.0,2,meditation
P4,-7.120982646942139,-13.860249519348145,-29.540742874145508,-36.528255462646484,-40.36024856567383,-38.084449768066406,-39.43216323852539,-42.02109146118164,-40.0650634765625,-43.83757781982422,-48.42890167236328,-49.97861099243164,-52.05369186401367,-52.99079895019531,-56.204383850097656,-59.329010009765625,-59.697608947753906,-61.03766632080078,-62.773712158203125,-65.62755584716797,-66.87802124023438,-68.32939147949219,-69.4456787109375,-70.69221496582031,-71.05899047851562,-71.33226776123047,-71.1261215209961,-70.64730834960938,-70.416015625,-70.71927642822266,-70.91669464111328,-71.42003631591797,2.7346339225769043,2.291858673095703,2.235145092010498,2.381460428237915,2.292778253555298,2.4068117141723633,2.4221785068511963,2.18759822845459,2.57983660697937,2.4601144790649414,2.2750892639160156,2.2241861820220947,2.0586912631988525,2.195143699645996,2.288311004638672,2.1640632152557373,2.082275152206421,2.1640026569366455,2.0994491577148438,2.3236212730407715,2.2396724224090576,1.9925470352172852,1.774407982826233,1.6868945360183716,1.556525468826294,1.5230629444122314,1.5123037099838257,1.661460518836975,1.7895737886428833,1.707807183265686,1.5175079107284546,1.4309741258621216,-307.9370422363281,89.08149719238281,25.27585792541504,8.873536109924316,12.559438705444336,9.980607032775879,10.463419914245605,11.77163028717041,8.703351974487305,7.784719944000244,5.492670059204102,3.6320290565490723,2.87089204788208,2.4567019939422607,2.551948070526123,2.170138359069824,2.125169277191162,2.270479440689087,2.24849796295166,2.0107593536376953,0.32836416363716125,0.3275439143180847,0.3973035216331482,0.5914552211761475,0.8959653377532959,0.8352339863777161,0.45008307695388794,0.4492170214653015,0.5008817315101624,0.5166184306144714,0.44013792276382446,0.3809940814971924,0.21720121800899506,0.18497639894485474,0.21073880791664124,0.18798397481441498,0.15392541885375977,0.160178080201149,0.18494673073291779,0.2533867061138153,0.26333391666412354,0.29788872599601746,0.25501736998558044,0.22951330244541168,351.90955415058716,304.4874859520012,1088.3391382006926,0.009695385005800463,0.001176288933493197,1420.0,1430.0,1425.0,1453.0,1463.0,1458.0,2,meditation
P4,-6.919834613800049,-14.080227851867676,-29.4348201751709,-36.271602630615234,-40.096893310546875,-37.89055252075195,-39.36665725708008,-41.87882614135742,-39.90501022338867,-43.751976013183594,-48.312644958496094,-49.929786682128906,-51.89802169799805,-53.026302337646484,-56.11350631713867,-59.134761810302734,-59.33622360229492,-61.003089904785156,-62.73210144042969,-65.61261749267578,-66.97929382324219,-68.43609619140625,-69.4866714477539,-70.6666259765625,-71.04391479492188,-71.39191436767578,-71.20932006835938,-70.7589111328125,-70.50767517089844,-70.7635498046875,-70.9580078125,-71.42720031738281,2.753682851791382,2.2092511653900146,2.3199336528778076,2.4073190689086914,2.208094358444214,2.562314987182617,2.3435816764831543,2.229902982711792,2.4220712184906006,2.318321466445923,2.0622828006744385,2.226332664489746,2.0047836303710938,2.046553134918213,1.905267357826233,1.8614310026168823,2.0104193687438965,2.0225672721862793,1.8212611675262451,1.966703176498413,1.814896583557129,1.5257282257080078,1.4662177562713623,1.3338569402694702,1.2793763875961304,1.2162894010543823,1.2776719331741333,1.398226261138916,1.517265796661377,1.4604628086090088,1.290462851524353,1.2368687391281128,-307.6488037109375,89.49391174316406,25.14532470703125,8.781164169311523,12.624654769897461,9.87199592590332,10.256937980651855,11.674300193786621,8.829100608825684,7.609737396240234,4.270070552825928,2.828639268875122,2.58526611328125,2.3873953819274902,2.323150873184204,2.245468854904175,2.0636508464813232,2.1571836471557617,2.1288506984710693,2.003643751144409,0.37249132990837097,0.36588340997695923,0.42536768317222595,0.6021072864532471,0.8817342519760132,0.816079318523407,0.4635443687438965,0.4793791174888611,0.5429990887641907,0.5625911951065063,0.4769599139690399,0.42066726088523865,0.22957348823547363,0.19301322102546692,0.21461167931556702,0.20061755180358887,0.18435971438884735,0.17840896546840668,0.1669403314590454,0.24019652605056763,0.2537326216697693,0.2886095643043518,0.24872905015945435,0.2388286292552948,338.6729294361113,287.1260286760441,1066.6188207984142,0.009353248259860789,0.0011859837686643004,1430.0,1440.0,1435.0,1463.0,1473.0,1468.0,2,meditation
P4,-6.454604625701904,-13.492737770080566,-28.976802825927734,-36.070526123046875,-39.750797271728516,-37.39716720581055,-38.76490020751953,-41.6570930480957,-39.64320755004883,-43.49979019165039,-47.472286224365234,-49.19300079345703,-51.36554718017578,-52.248382568359375,-55.50911331176758,-58.613807678222656,-58.808712005615234,-60.10455322265625,-61.79018020629883,-64.4344711303711,-66.01493835449219,-67.62678527832031,-68.69499206542969,-69.97688293457031,-70.4581298828125,-70.79385375976562,-70.7350845336914,-70.31121063232422,-70.08455657958984,-70.52149963378906,-70.64389038085938,-71.19284057617188,2.5538268089294434,2.4089696407318115,2.244805097579956,2.549208879470825,2.3698511123657227,2.670476198196411,2.563164234161377,2.4464757442474365,2.6056532859802246,2.577732801437378,2.4841060638427734,2.733842134475708,2.448620080947876,2.625823497772217,2.560494899749756,2.482614040374756,2.743259906768799,2.8903415203094482,2.9444360733032227,3.393089771270752,2.9866557121276855,2.664881706237793,2.4428319931030273,2.190293550491333,1.505842685699463,1.1441149711608887,1.1361652612686157,1.2180886268615723,1.2631722688674927,1.1811612844467163,1.0485563278198242,1.0202895402908325,-304.4629211425781,89.28598022460938,24.263378143310547,9.41702651977539,12.620166778564453,9.864093780517578,10.531208992004395,11.771821975708008,8.486408233642578,7.589541435241699,6.438620090484619,3.414231300354004,4.722628116607666,3.34212064743042,2.5715534687042236,2.7273061275482178,2.376068115234375,2.397707939147949,2.410031318664551,2.10166072845459,0.3443722724914551,0.36028149724006653,0.45057064294815063,0.6825858354568481,0.9296783804893494,0.8136163353919983,0.4561293125152588,0.45943835377693176,0.49649950861930847,0.48854464292526245,0.42340415716171265,0.37837234139442444,0.2143295258283615,0.19050194323062897,0.22607353329658508,0.1811390370130539,0.12275341153144836,0.15501464903354645,0.18334347009658813,0.2336854636669159,0.24672557413578033,0.2625522017478943,0.22881299257278442,0.21596656739711761,343.644916144568,304.11277824100927,1064.3042044853587,0.00970784694025522,0.0011788606643676758,1440.0,1450.0,1445.0,1473.0,1483.0,1478.0,2,meditation
P4,-6.6341423988342285,-13.248720169067383,-29.223888397216797,-35.7214469909668,-39.61567306518555,-37.36162567138672,-38.75339889526367,-41.5277099609375,-39.36009979248047,-43.047462463378906,-47.400535583496094,-49.20158767700195,-51.2751350402832,-52.188987731933594,-55.04787063598633,-57.77708435058594,-57.75411605834961,-59.611061096191406,-61.47594451904297,-64.33395385742188,-65.61214447021484,-67.2455825805664,-68.58526611328125,-69.7582015991211,-70.34412384033203,-70.61407470703125,-70.3120346069336,-69.76156616210938,-69.32749938964844,-69.65409088134766,-69.91798400878906,-70.43875885009766,2.7657885551452637,2.2408924102783203,2.1485049724578857,2.28377366065979,2.4718761444091797,2.541975498199463,2.250678539276123,2.3046932220458984,2.4543020725250244,2.5304486751556396,2.165895700454712,2.226217269897461,2.016455888748169,2.117044448852539,2.1528944969177246,2.407999277114868,2.656618356704712,2.5367965698242188,2.467745542526245,2.6905999183654785,2.577702045440674,2.3099522590637207,2.1024487018585205,2.008690118789673,1.8626463413238525,1.6476777791976929,1.5788074731826782,1.7768467664718628,2.0402092933654785,2.052523136138916,2.0982978343963623,2.034210443496704,-302.66497802734375,88.31757354736328,24.18416976928711,8.94965934753418,13.307631492614746,9.448248863220215,10.14172649383545,11.946356773376465,8.753170013427734,7.671755313873291,6.0941162109375,4.777052402496338,3.2883808612823486,2.743809461593628,2.634248733520508,2.2349042892456055,2.3717260360717773,2.3046650886535645,2.005347967147827,2.008859872817993,0.33667129278182983,0.3265567123889923,0.3835981786251068,0.5702793598175049,0.9005144834518433,0.8357238173484802,0.4567805230617523,0.46850380301475525,0.5228449106216431,0.5404079556465149,0.4509075880050659,0.39083510637283325,0.20575720071792603,0.17923015356063843,0.20361007750034332,0.1859544962644577,0.1606675237417221,0.17196273803710938,0.16776813566684723,0.23192253708839417,0.2416503131389618,0.2843153774738312,0.23352015018463135,0.2151951789855957,358.35929074159094,306.86063478828305,1108.085779295146,0.009605885658352669,0.0011747973039746284,1450.0,1460.0,1455.0,1483.0,1493.0,1488.0,2,meditation
P4,-6.518428802490234,-13.782401084899902,-29.141735076904297,-35.79008102416992,-39.769466400146484,-37.54599380493164,-38.92349624633789,-41.50285339355469,-39.263938903808594,-43.20428466796875,-47.82392120361328,-49.470943450927734,-51.624908447265625,-52.490509033203125,-55.90687561035156,-58.892608642578125,-59.00735855102539,-60.603702545166016,-62.27993392944336,-65.55183410644531,-66.89008331298828,-68.413330078125,-69.49490356445312,-70.72601318359375,-71.13810729980469,-71.32432556152344,-71.0344467163086,-70.5815658569336,-70.33990478515625,-70.59146881103516,-70.74673461914062,-71.29962158203125,2.690520763397217,2.2841367721557617,2.210191488265991,2.443366765975952,2.303889036178589,2.411234140396118,2.368896245956421,2.312634229660034,2.4294533729553223,2.3829307556152344,2.239656925201416,2.1766979694366455,1.8990265130996704,1.9840221405029297,1.8633779287338257,1.9134535789489746,1.9460917711257935,1.9195964336395264,1.7151169776916504,1.8880118131637573,1.765815258026123,1.6690869331359863,1.5740740299224854,1.4392207860946655,1.363430380821228,1.2557848691940308,1.2458704710006714,1.3718465566635132,1.5665851831436157,1.5328270196914673,1.434852123260498,1.3225280046463013,-306.11993408203125,90.23432159423828,25.041994094848633,8.323285102844238,12.751386642456055,9.759566307067871,10.216413497924805,11.993501663208008,8.781858444213867,7.519972324371338,4.176089763641357,3.2936925888061523,2.314208745956421,2.393296480178833,2.382174015045166,2.219794750213623,2.057406187057495,2.104733943939209,2.113492965698242,2.0376429557800293,0.3621809184551239,0.35817277431488037,0.42910146713256836,0.5947627425193787,0.8861246109008789,0.8300045728683472,0.48319897055625916,0.496487021446228,0.5425538420677185,0.5633647441864014,0.46927061676979065,0.4123692214488983,0.22042275965213776,0.19416223466396332,0.2200767546892166,0.20379434525966644,0.16669291257858276,0.17369170486927032,0.1712755709886551,0.24814721941947937,0.24743951857089996,0.28690630197525024,0.23357975482940674,0.22426506876945496,341.7359192096103,297.8426692104118,1065.4294775042501,0.009543575986078886,0.001198284444399178,1460.0,1470.0,1465.0,1493.0,1503.0,1498.0,2,meditation
P4,-6.698531150817871,-13.788681030273438,-28.804229736328125,-35.747947692871094,-39.82726287841797,-37.97809982299805,-39.205528259277344,-41.26704788208008,-39.53727722167969,-43.41071701049805,-47.57186508178711,-49.29856491088867,-51.205726623535156,-52.36444091796875,-55.933837890625,-58.603946685791016,-58.72745132446289,-60.42970657348633,-61.95512771606445,-65.02127838134766,-66.36904907226562,-68.14514923095703,-69.36035919189453,-70.49942016601562,-71.0811538696289,-71.41444396972656,-71.23359680175781,-70.83415985107422,-70.44804382324219,-70.77732849121094,-70.99519348144531,-71.41986846923828,2.614304542541504,2.231126546859741,2.6883742809295654,2.7050180435180664,2.2176876068115234,2.6596310138702393,2.447361707687378,2.228044033050537,2.462468147277832,2.3025643825531006,2.2119481563568115,2.4682674407958984,2.3795695304870605,2.2935566902160645,2.1307244300842285,2.3168084621429443,2.4917097091674805,2.6071584224700928,2.6184706687927246,2.9605233669281006,2.6955065727233887,2.228923797607422,2.038019895553589,1.912549376487732,1.6542949676513672,1.5727014541625977,1.585097312927246,1.5831286907196045,1.693103551864624,1.6743494272232056,1.577633261680603,1.510583758354187,-305.81573486328125,90.22744750976562,24.159055709838867,8.831328392028809,12.950267791748047,9.750858306884766,10.598383903503418,11.908812522888184,8.508237838745117,7.3466081619262695,6.7008514404296875,3.3946526050567627,3.3507680892944336,2.826582908630371,2.487332582473755,2.4213225841522217,2.2289698123931885,2.1362290382385254,2.192959785461426,2.196286916732788,0.38565364480018616,0.3789115250110626,0.4468361735343933,0.6394702792167664,0.8923835754394531,0.798270583152771,0.4508192837238312,0.4718922972679138,0.5327198505401611,0.5492458343505859,0.4751843512058258,0.424736350774765,0.2284725308418274,0.19346515834331512,0.22708261013031006,0.19538745284080505,0.17168113589286804,0.18244102597236633,0.174787700176239,0.24451850354671478,0.261836975812912,0.28543177247047424,0.2431492954492569,0.22998127341270447,340.0766175624303,302.7638304814385,1056.74544226525,0.009170850855568445,0.001236056094057858,1470.0,1480.0,1475.0,1503.0,1513.0,1508.0,2,meditation
P4,-7.235646724700928,-14.177584648132324,-29.734107971191406,-36.26231384277344,-39.712005615234375,-37.652469635009766,-39.30191421508789,-41.74640655517578,-39.67673110961914,-43.516231536865234,-47.931129455566406,-49.49199676513672,-51.80769348144531,-52.71311569213867,-56.18431091308594,-59.21522903442383,-59.297969818115234,-61.00812911987305,-62.93675231933594,-66.04696655273438,-67.3913345336914,-68.89093017578125,-70.07740020751953,-71.24494171142578,-71.54209899902344,-71.71057891845703,-71.50927734375,-70.99991607666016,-70.836669921875,-71.06412506103516,-71.20578002929688,-71.78269958496094,2.795745372772217,2.357163429260254,2.3519201278686523,2.514434337615967,2.3522582054138184,2.5046629905700684,2.4611895084381104,2.2467520236968994,2.518383502960205,2.2064578533172607,2.1288235187530518,2.040337085723877,2.052125930786133,2.1133954524993896,1.9410948753356934,1.9233241081237793,1.9317322969436646,1.7392925024032593,1.6141672134399414,1.8253456354141235,1.6634660959243774,1.3959400653839111,1.2928822040557861,1.2135449647903442,1.0924227237701416,1.0751701593399048,1.0570213794708252,1.2301222085952759,1.3895779848098755,1.3559609651565552,1.264638066291809,1.233559250831604,-308.28167724609375,90.60018157958984,24.799924850463867,7.81441068649292,12.574163436889648,9.831045150756836,9.996224403381348,11.724846839904785,8.574509620666504,7.367726802825928,3.7291617393493652,2.9424052238464355,2.626615524291992,2.3172571659088135,2.3659069538116455,2.225522756576538,2.104672908782959,2.192063093185425,2.1968910694122314,2.1519744396209717,0.3376452326774597,0.3365289568901062,0.4127103090286255,0.6075491309165955,0.9079296588897705,0.8265112042427063,0.4487205147743225,0.45365607738494873,0.5050146579742432,0.5188036561012268,0.4384736716747284,0.38385695219039917,0.2271319180727005,0.19256871938705444,0.22067122161388397,0.1981988251209259,0.15228134393692017,0.1623932272195816,0.16787207126617432,0.23089554905891418,0.23992417752742767,0.27572569251060486,0.24048706889152527,0.23085054755210876,342.62809985916084,304.38756389573666,1065.163589231407,0.00978828306264501,0.00117216887883842,1480.0,1490.0,1485.0,1513.0,1523.0,1518.0,2,meditation
P4,-7.497109889984131,-14.669435501098633,-30.248056411743164,-37.144622802734375,-40.81990432739258,-38.602909088134766,-40.07416534423828,-42.33860778808594,-40.39201736450195,-44.6019172668457,-48.72789001464844,-50.22421646118164,-52.47836685180664,-53.519161224365234,-57.0423469543457,-60.055450439453125,-60.00204086303711,-61.78004837036133,-63.728485107421875,-66.85661315917969,-68.12763214111328,-69.61693572998047,-70.8314437866211,-71.84494018554688,-72.12887573242188,-72.26624298095703,-72.2075424194336,-71.70463562011719,-71.55591583251953,-71.8506851196289,-71.9332504272461,-72.46001434326172,2.6374897956848145,2.4884960651397705,2.225569009780884,2.5923168659210205,2.263244867324829,2.48417592048645,2.3523244857788086,2.025735378265381,2.6247637271881104,2.302412748336792,2.1130881309509277,2.0971837043762207,1.973113775253296,1.9815038442611694,1.831837773323059,1.733469009399414,1.770501971244812,1.7194668054580688,1.6187326908111572,1.690916657447815,1.5750832557678223,1.4403899908065796,1.2953492403030396,1.3356703519821167,1.1583969593048096,1.0896193981170654,1.1910558938980103,1.2381949424743652,1.450394630432129,1.35727059841156,1.2704678773880005,1.1518008708953857,-312.4230041503906,90.5289306640625,25.061996459960938,8.102384567260742,12.690744400024414,10.197173118591309,10.226179122924805,11.930176734924316,8.899616241455078,7.499911785125732,3.3022267818450928,3.0428147315979004,2.255635976791382,2.253737211227417,2.396733283996582,2.188602924346924,2.264399766921997,2.176415205001831,2.036259651184082,2.0249862670898438,0.35576778650283813,0.35284438729286194,0.42822521924972534,0.6139026284217834,0.8878859877586365,0.808678925037384,0.44429659843444824,0.44987449049949646,0.5057384371757507,0.5268434882164001,0.451966792345047,0.40121373534202576,0.23131978511810303,0.19664953649044037,0.23186112940311432,0.21084251999855042,0.17894966900348663,0.18791230022907257,0.17860811948776245,0.23837541043758392,0.2475103884935379,0.2833791673183441,0.23907241225242615,0.23127791285514832,337.7584821547389,289.87388522331787,1056.1142777755192,0.009439348897911834,0.0012058737920597196,1490.0,1500.0,1495.0,1523.0,1533.0,1528.0,2,meditation
P4,-6.591362476348877,-13.748117446899414,-29.080921173095703,-35.84420394897461,-39.456050872802734,-37.5689697265625,-38.96022033691406,-41.260005950927734,-39.35890197753906,-42.93981170654297,-47.212928771972656,-49.00629806518555,-50.95503616333008,-51.93593215942383,-54.88927459716797,-57.80120086669922,-57.65005111694336,-59.42368698120117,-61.254310607910156,-64.24262237548828,-65.4134292602539,-67.14682006835938,-68.5766830444336,-69.85298919677734,-70.40394592285156,-70.6678695678711,-70.50725555419922,-70.21147918701172,-69.73713684082031,-70.07585144042969,-70.34814453125,-70.80632019042969,2.6165785789489746,2.462120771408081,2.160081386566162,2.348459005355835,2.4105968475341797,2.5365512371063232,2.2666330337524414,2.116565704345703,2.565849542617798,2.306272268295288,2.3037078380584717,2.2413902282714844,2.144216537475586,2.3221750259399414,2.705400228500366,2.66705322265625,2.7609517574310303,2.954768180847168,3.1849915981292725,3.482541084289551,3.3277552127838135,2.878298044204712,2.562314510345459,2.3598923683166504,1.9261085987091064,1.6546374559402466,1.7373462915420532,1.883198618888855,2.1151795387268066,2.177480936050415,1.942575454711914,1.8400427103042603,-302.80572509765625,88.83296203613281,23.22011947631836,9.067758560180664,13.160666465759277,9.49852180480957,10.308600425720215,11.884507179260254,8.64973258972168,7.508500576019287,7.417954921722412,4.856734275817871,4.06099796295166,3.206655979156494,2.529386520385742,2.440009593963623,2.3047826290130615,2.215007781982422,2.07888126373291,2.0393214225769043,0.37543925642967224,0.37147295475006104,0.4379686713218689,0.6291429996490479,0.904434859752655,0.8249386548995972,0.4574025571346283,0.4565458297729492,0.509200394153595,0.5245174169540405,0.4635089039802551,0.418996125459671,0.2397795170545578,0.2106512039899826,0.22804616391658783,0.19574154913425446,0.14922288060188293,0.16430534422397614,0.17369943857192993,0.23891188204288483,0.25219959020614624,0.2819647789001465,0.2380657196044922,0.23152971267700195,356.5159468302115,318.02692457584106,1093.8128310790612,0.009517519214037123,0.0011989680351689458,1500.0,1510.0,1505.0,1533.0,1543.0,1538.0,2,meditation
P4,-7.079034805297852,-14.138205528259277,-29.66252326965332,-36.278018951416016,-40.38084030151367,-38.15231704711914,-39.58171844482422,-41.56676483154297,-39.238128662109375,-42.98590850830078,-47.56168746948242,-49.54826736450195,-51.86812210083008,-52.54454040527344,-55.941837310791016,-59.08683776855469,-59.149349212646484,-61.03262710571289,-62.972755432128906,-65.7298812866211,-67.13230895996094,-68.90015411376953,-69.98246002197266,-71.29373931884766,-71.56118774414062,-71.77971649169922,-71.62673950195312,-71.06865692138672,-70.69402313232422,-71.03112030029297,-71.26720428466797,-71.795654296875,2.5519237518310547,2.2671916484832764,2.2895586490631104,2.4396162033081055,2.532258987426758,2.623615026473999,2.48008394241333,2.171762466430664,2.5198752880096436,2.4565036296844482,2.2183713912963867,2.293316125869751,2.211090564727783,2.205850839614868,2.1502201557159424,2.083428382873535,2.0931453704833984,1.9433746337890625,1.754433035850525,1.9904645681381226,2.0503475666046143,1.7186017036437988,1.61522376537323,1.4863111972808838,1.4137241840362549,1.3728492259979248,1.4921691417694092,1.5737547874450684,1.911092758178711,1.7823834419250488,1.652390718460083,1.5682940483093262,-308.0567626953125,90.56824493408203,24.337434768676758,7.622668266296387,12.639095306396484,9.993243217468262,10.59628963470459,12.299532890319824,8.880805969238281,7.583182334899902,4.959718227386475,3.6387739181518555,2.8416056632995605,2.480664014816284,2.2479238510131836,2.2263729572296143,2.194079637527466,2.2615420818328857,2.0105631351470947,2.069450855255127,0.36279624700546265,0.3470894694328308,0.40305063128471375,0.5972573757171631,0.8972054719924927,0.849422812461853,0.48005643486976624,0.48971691727638245,0.5358564853668213,0.5445536375045776,0.47240835428237915,0.41774144768714905,0.22869955003261566,0.18871618807315826,0.2066684514284134,0.18302717804908752,0.15544988214969635,0.1660057008266449,0.17502319812774658,0.23372702300548553,0.24370147287845612,0.2852901518344879,0.2555496096611023,0.2403394877910614,346.37673762761153,306.83565427421695,1070.1945273466988,0.00954924050174014,0.0012202555080875754,1510.0,1520.0,1515.0,1543.0,1553.0,1548.0,2,meditation
P4,-7.5149431228637695,-14.221758842468262,-29.923307418823242,-36.64573287963867,-39.824562072753906,-37.98091125488281,-39.37931442260742,-41.607906341552734,-39.486820220947266,-43.182796478271484,-47.62139129638672,-49.518245697021484,-51.84302520751953,-52.60236740112305,-55.93718719482422,-59.37154769897461,-59.20588302612305,-61.053409576416016,-62.938560485839844,-66.05125427246094,-67.39057922363281,-69.06624603271484,-70.19947052001953,-71.43595123291016,-71.78020477294922,-72.00377655029297,-71.72869873046875,-71.3354721069336,-71.21382904052734,-71.4207992553711,-71.53811645507812,-72.0442886352539,2.634462833404541,2.304783344268799,2.145615577697754,2.432974338531494,2.163119077682495,2.297158718109131,2.351644515991211,2.0989534854888916,2.4663784503936768,2.3124146461486816,2.1452088356018066,1.985952615737915,2.051044464111328,1.9740561246871948,1.835099697113037,1.7724967002868652,1.9199247360229492,1.7737499475479126,1.739525318145752,1.8146452903747559,1.8648412227630615,1.6487888097763062,1.5054444074630737,1.378677487373352,1.297434687614441,1.2939406633377075,1.2466905117034912,1.228506088256836,1.3823108673095703,1.2933686971664429,1.3457157611846924,1.2868279218673706,-308.8409729003906,91.04943084716797,24.06719398498535,7.5133376121521,12.42809009552002,9.795947074890137,10.241929054260254,11.950803756713867,8.755099296569824,7.376510143280029,3.784738302230835,3.0594613552093506,2.5333001613616943,2.2810633182525635,2.4637398719787598,2.2231736183166504,2.07741117477417,1.9836578369140625,1.8645249605178833,1.9408695697784424,0.34725600481033325,0.33397647738456726,0.3905773162841797,0.6188966035842896,0.919074296951294,0.8440279364585876,0.46005186438560486,0.4683910012245178,0.5101681351661682,0.507717490196228,0.4417860805988312,0.3916776478290558,0.2214660942554474,0.18520502746105194,0.20182053744792938,0.1643146574497223,0.14577274024486542,0.15503665804862976,0.17988990247249603,0.23317894339561462,0.2490604668855667,0.27403464913368225,0.23864370584487915,0.22968479990959167,343.21571986416353,311.30716629205335,1060.211515928538,0.009929895954176335,0.0011770358541980386,1520.0,1530.0,1525.0,1553.0,1563.0,1558.0,2,meditation
P4,-7.536202430725098,-14.444849967956543,-30.184410095214844,-36.682071685791016,-40.17551803588867,-38.36090850830078,-39.913963317871094,-42.119117736816406,-39.990203857421875,-43.85105514526367,-48.29805374145508,-49.904685974121094,-51.96455001831055,-52.96687316894531,-56.455440521240234,-59.76721954345703,-59.83952713012695,-61.63625717163086,-63.533477783203125,-66.74470520019531,-68.1032485961914,-69.5864028930664,-70.81665802001953,-71.97021484375,-72.20571899414062,-72.44354248046875,-72.26921081542969,-71.81355285644531,-71.59488677978516,-71.91311645507812,-72.0503921508789,-72.48587036132812,2.6757125854492188,2.1956424713134766,2.30307674407959,2.51910138130188,2.3209385871887207,2.5363471508026123,2.417902946472168,2.277773141860962,2.5248658657073975,2.4175515174865723,2.3077633380889893,2.137397289276123,2.1075475215911865,2.0618741512298584,2.028332471847534,2.0374090671539307,2.0241098403930664,1.9469223022460938,1.7043445110321045,1.7679448127746582,1.8058055639266968,1.5498961210250854,1.4316906929016113,1.2118885517120361,1.230273962020874,1.1735652685165405,1.2375324964523315,1.26533842086792,1.4059206247329712,1.3574869632720947,1.1489979028701782,1.1193163394927979,-311.4137268066406,91.47112274169922,24.518321990966797,7.585104465484619,12.724451065063477,10.21154499053955,10.197920799255371,11.727593421936035,8.658963203430176,7.394407272338867,4.059314250946045,2.952953815460205,2.7845585346221924,2.3625648021698,2.356470823287964,2.2339894771575928,2.1401724815368652,2.156327724456787,2.1321065425872803,2.034998893737793,0.3162373900413513,0.31763333082199097,0.3899807333946228,0.5888289213180542,0.8736284971237183,0.7977927923202515,0.44829288125038147,0.47318994998931885,0.5549083352088928,0.5782970786094666,0.47007396817207336,0.3845446705818176,0.1833648532629013,0.1722291260957718,0.21589601039886475,0.1994352787733078,0.18365639448165894,0.1884627640247345,0.17993640899658203,0.2332165241241455,0.24439513683319092,0.29030412435531616,0.22821000218391418,0.19366048276424408,337.4814937575529,302.81379150957076,1045.082299926161,0.009782618546983759,0.0012036854168400168,1530.0,1540.0,1535.0,1563.0,1573.0,1568.0,2,meditation
P4,-6.071298122406006,-13.176114082336426,-28.72797203063965,-35.56748962402344,-38.7738037109375,-36.55225372314453,-38.035465240478516,-40.573978424072266,-38.42298889160156,-42.21893310546875,-46.701107025146484,-48.211002349853516,-50.22949981689453,-51.25212860107422,-54.85253143310547,-58.06142044067383,-58.12239074707031,-59.878211975097656,-61.94843292236328,-65.0771713256836,-66.38470458984375,-67.95516204833984,-69.20167541503906,-70.27165985107422,-70.50234985351562,-70.77557373046875,-70.6079330444336,-70.1994857788086,-70.03953552246094,-70.33079528808594,-70.43148803710938,-70.88447570800781,2.698676824569702,2.270569324493408,2.383650064468384,2.3583240509033203,2.269967794418335,2.442016124725342,2.2692179679870605,2.190732479095459,2.501535177230835,2.1920087337493896,2.204176664352417,2.2116169929504395,2.021522283554077,2.1158010959625244,1.849056601524353,1.888800024986267,2.0281412601470947,1.949358344078064,1.8324891328811646,1.8724757432937622,1.8817219734191895,1.6296600103378296,1.6047416925430298,1.5828421115875244,1.5360828638076782,1.475396752357483,1.4280288219451904,1.392472743988037,1.4839141368865967,1.4523918628692627,1.357248067855835,1.3289462327957153,-302.2950744628906,91.19391632080078,24.104135513305664,7.401047706604004,12.537741661071777,10.12733268737793,10.088142395019531,11.690937995910645,8.775663375854492,7.507908821105957,4.886566162109375,2.952796220779419,2.267552137374878,2.255997896194458,2.263549327850342,2.209373950958252,1.9873617887496948,2.0304598808288574,2.1247432231903076,2.0385494232177734,0.3418668210506439,0.36946895718574524,0.4593784809112549,0.7809091210365295,0.9001920819282532,0.6346266269683838,0.44917434453964233,0.4851711094379425,0.5484201312065125,0.4862111210823059,0.4202270805835724,0.37095698714256287,0.2091764658689499,0.19770431518554688,0.22585850954055786,0.18130788207054138,0.17664605379104614,0.1482396274805069,0.22058440744876862,0.2435852289199829,0.2770945727825165,0.2413472980260849,0.21933430433273315,0.22247634828090668,336.9258831555682,301.11511655307424,1046.9526280788393,0.009498259860788862,0.001196403056383133,1540.0,1550.0,1545.0,1573.0,1583.0,1578.0,2,meditation
P4,-6.744670867919922,-13.425325393676758,-29.00724983215332,-35.711971282958984,-39.01285934448242,-37.05182647705078,-38.30253601074219,-40.72951889038086,-38.81718063354492,-42.672210693359375,-47.065921783447266,-48.512447357177734,-50.74250411987305,-51.87154769897461,-55.244720458984375,-58.31037902832031,-58.44952392578125,-60.36669921875,-62.327877044677734,-65.57424926757812,-66.87479400634766,-68.26214599609375,-69.55469512939453,-70.6827392578125,-71.03047943115234,-71.18096160888672,-70.93524169921875,-70.40921020507812,-70.29618835449219,-70.48421478271484,-70.69310760498047,-71.25382232666016,2.627034902572632,2.1892483234405518,2.366392135620117,2.5196778774261475,2.3432581424713135,2.42402720451355,2.327256917953491,2.1523725986480713,2.4586451053619385,2.3639111518859863,2.2711169719696045,2.3785111904144287,2.0651848316192627,2.036313056945801,1.979882001876831,2.0282392501831055,2.0808773040771484,2.0385594367980957,1.8214260339736938,1.831786870956421,1.892235279083252,1.6003164052963257,1.4098354578018188,1.3162841796875,1.2263867855072021,1.1672052145004272,1.3263649940490723,1.4305143356323242,1.482857346534729,1.483878254890442,1.4438804388046265,1.3207392692565918,-304.3385314941406,91.15938568115234,24.367794036865234,7.272406578063965,12.52502727508545,9.961299896240234,9.90560245513916,11.681507110595703,8.676026344299316,7.523650646209717,4.33148193359375,3.2568318843841553,2.424349546432495,2.476963996887207,2.38653826713562,2.2478444576263428,2.135592222213745,2.063899040222168,2.2224509716033936,2.097989559173584,0.3235483169555664,0.3194054365158081,0.3841036856174469,0.5670557022094727,0.8966749906539917,0.8604673147201538,0.4734156131744385,0.45701339840888977,0.48876136541366577,0.5025616884231567,0.4246102273464203,0.37027183175086975,0.2208501100540161,0.19296596944332123,0.20751002430915833,0.18941110372543335,0.15698981285095215,0.16703787446022034,0.16795146465301514,0.24053922295570374,0.24322213232517242,0.28383350372314453,0.23796692490577698,0.224014014005661,345.9083469169534,312.0815622281032,1065.5319455183646,0.009951421113689095,0.001171446987427771,1550.0,1560.0,1555.0,1583.0,1593.0,1588.0,2,meditation
P4,-6.249673843383789,-13.030097007751465,-28.336158752441406,-35.145668029785156,-38.788536071777344,-36.715423583984375,-38.205928802490234,-40.17028045654297,-38.45563507080078,-42.391685485839844,-46.63688278198242,-47.96660232543945,-50.17448425292969,-50.941959381103516,-54.54867935180664,-57.6351318359375,-58.01524353027344,-59.92909240722656,-61.888694763183594,-64.64248657226562,-65.93148803710938,-67.72972869873047,-68.96797180175781,-70.15135955810547,-70.51689910888672,-70.75910186767578,-70.55885314941406,-70.11796569824219,-69.88681030273438,-70.16319274902344,-70.32923126220703,-70.86343383789062,2.573636770248413,2.202688694000244,2.250816583633423,2.386704683303833,2.111330270767212,2.3907923698425293,2.5275495052337646,2.1472816467285156,2.5270276069641113,2.3349931240081787,2.210278034210205,2.2149620056152344,2.2807319164276123,2.375309705734253,2.262950897216797,2.0370781421661377,1.9569647312164307,1.9919110536575317,1.9948036670684814,1.9490118026733398,2.02097749710083,1.644732117652893,1.62415611743927,1.4813146591186523,1.2949234247207642,1.254086971282959,1.2278679609298706,1.2014302015304565,1.2860639095306396,1.3493659496307373,1.3114091157913208,1.287314534187317,-301.5534973144531,91.11624145507812,23.833480834960938,7.594977855682373,12.755900382995605,10.124863624572754,10.175986289978027,11.458549499511719,8.483649253845215,7.715329647064209,4.418247222900391,2.7847681045532227,3.1063108444213867,2.3186633586883545,2.356675386428833,2.38004732131958,2.133990526199341,2.177130699157715,2.0645322799682617,2.0703556537628174,0.34467196464538574,0.3545038104057312,0.4507845640182495,0.6548001766204834,0.9054993391036987,0.7966489791870117,0.43283841013908386,0.4505159854888916,0.5213637351989746,0.5416399240493774,0.45604124665260315,0.3944425582885742,0.21561849117279053,0.19204068183898926,0.23265545070171356,0.1986822932958603,0.16252288222312927,0.1717248409986496,0.17306487262248993,0.24727582931518555,0.2610670328140259,0.28440776467323303,0.2359389215707779,0.22025930881500244,343.43124195475707,309.4835887652262,1058.6406236662021,0.009783751450116009,0.0011702649062499404,1560.0,1570.0,1565.0,1593.0,1603.0,1598.0,2,meditation
P4,-6.2325053215026855,-13.231682777404785,-28.704259872436523,-35.377323150634766,-38.61697006225586,-36.79096221923828,-38.54053497314453,-40.56365203857422,-38.77835464477539,-42.663429260253906,-46.66107940673828,-48.04281997680664,-50.322296142578125,-51.40208053588867,-54.86737060546875,-57.779537200927734,-58.09590530395508,-60.12826919555664,-62.04258728027344,-65.08052825927734,-66.4622573852539,-67.92656707763672,-69.26496887207031,-70.49976348876953,-70.7135009765625,-70.89369201660156,-70.73308563232422,-70.13812255859375,-69.97895812988281,-70.2895278930664,-70.49836730957031,-70.95752716064453,2.6134302616119385,2.3060717582702637,2.431314468383789,2.4578697681427,2.3932535648345947,2.3234031200408936,2.510425090789795,2.404193639755249,2.6754679679870605,2.3599324226379395,2.241170883178711,2.190783977508545,2.2026519775390625,2.021803379058838,2.0880959033966064,2.127898931503296,2.1336262226104736,2.0022082328796387,1.984379529953003,2.0271880626678467,2.047097682952881,1.741141676902771,1.5646405220031738,1.500816822052002,1.459862470626831,1.391771912574768,1.509076714515686,1.5121763944625854,1.7374697923660278,1.686507225036621,1.4910082817077637,1.4005637168884277,-302.6909484863281,91.1119384765625,24.108661651611328,7.448875427246094,12.911397933959961,10.253743171691895,10.021615028381348,11.528773307800293,8.40472412109375,7.4698591232299805,5.216320991516113,3.1554126739501953,2.7204062938690186,2.417675495147705,2.4904472827911377,2.2335710525512695,2.246506452560425,2.1321685314178467,2.1930031776428223,2.0911688804626465,0.36463838815689087,0.36316221952438354,0.42650938034057617,0.6168386936187744,0.890446662902832,0.8247899413108826,0.4645194113254547,0.4834914803504944,0.54847252368927,0.5621269345283508,0.4761502146720886,0.4144899547100067,0.2275848537683487,0.19646596908569336,0.21952557563781738,0.19392496347427368,0.16599522531032562,0.17243264615535736,0.18018542230129242,0.2400173544883728,0.24815984070301056,0.27818354964256287,0.23889946937561035,0.2322670966386795,341.40954623592904,308.80911488544086,1055.752996845575,0.009096079248839907,0.0012079104781150818,1570.0,1580.0,1575.0,1603.0,1613.0,1608.0,2,meditation
P4,-7.571784019470215,-14.16625690460205,-30.086889266967773,-36.5668830871582,-39.7505989074707,-37.77768325805664,-39.50580978393555,-41.89124298095703,-39.952659606933594,-43.919891357421875,-47.869834899902344,-49.452110290527344,-51.58864212036133,-52.225555419921875,-55.7436637878418,-59.00484085083008,-59.31071472167969,-61.048885345458984,-62.96926498413086,-66.0656967163086,-67.39466094970703,-69.03536224365234,-70.31881713867188,-71.44170379638672,-71.8595199584961,-72.05709075927734,-71.85108947753906,-71.41191101074219,-71.29544067382812,-71.58390808105469,-71.70106506347656,-72.13357543945312,2.771552801132202,2.4125988483428955,2.2184641361236572,2.3295412063598633,2.025791883468628,2.166895866394043,2.324026584625244,2.161658763885498,2.5478127002716064,2.280057191848755,2.1542325019836426,2.2532293796539307,2.075197458267212,1.9816827774047852,2.0443806648254395,1.9763277769088745,1.9636574983596802,1.7967697381973267,1.727954387664795,1.87263023853302,1.7748956680297852,1.4393452405929565,1.391342043876648,1.1987401247024536,1.1092228889465332,1.1071341037750244,1.1639760732650757,1.1374878883361816,1.2597620487213135,1.2738510370254517,1.1643342971801758,1.0717607736587524,-309.1033935546875,91.0630111694336,23.77406120300293,7.759903907775879,12.925605773925781,10.078125,9.90930461883545,11.314108848571777,8.44136905670166,7.558165073394775,3.4897284507751465,2.6618497371673584,2.5503828525543213,2.409463405609131,2.3347713947296143,2.245879650115967,2.2029519081115723,2.132885694503784,2.071392774581909,2.124763011932373,0.32151713967323303,0.3212103545665741,0.3873730003833771,0.639617919921875,0.9148439764976501,0.8138441443443298,0.45564842224121094,0.47601982951164246,0.5262116193771362,0.5115547180175781,0.42374083399772644,0.36350592970848083,0.19751720130443573,0.17532433569431305,0.19980834424495697,0.17282608151435852,0.15738853812217712,0.15378284454345703,0.1983228474855423,0.25655868649482727,0.26119035482406616,0.26957768201828003,0.21846216917037964,0.20054519176483154,344.62858243738475,313.230665875145,1060.4989847223233,0.009655733396171694,0.0011672088876366615,1580.0,1590.0,1585.0,1613.0,1623.0,1618.0,2,meditation
P4,-10.617287635803223,-17.92827796936035,-33.43388748168945,-40.10612487792969,-43.65677261352539,-41.80553436279297,-43.22758483886719,-45.229896545410156,-42.757083892822266,-46.6538200378418,-50.80637741088867,-52.03240966796875,-52.369544982910156,-52.305294036865234,-54.89249801635742,-59.006919860839844,-59.787513732910156,-61.46744155883789,-63.362693786621094,-65.62411499023438,-67.9937744140625,-70.43036651611328,-72.32501983642578,-74.07102966308594,-74.47879791259766,-74.73377990722656,-74.60372161865234,-74.22199249267578,-74.01854705810547,-74.62137603759766,-75.09169006347656,-75.73017883300781,2.9097676277160645,2.155317783355713,2.392392635345459,2.7689263820648193,2.692962408065796,2.6012778282165527,2.6062214374542236,2.5479772090911865,2.5623421669006348,2.467237949371338,2.6755051612854004,3.5763134956359863,4.631590366363525,5.442204475402832,5.872000694274902,5.956840991973877,5.70746374130249,5.146179676055908,5.236371994018555,6.151294708251953,5.54296875,4.768631458282471,4.2883524894714355,3.504551649093628,3.2081902027130127,3.300154209136963,3.2610669136047363,3.313671588897705,2.9955973625183105,2.192291021347046,1.6593929529190063,1.50352942943573,-321.6259765625,89.39815521240234,16.995311737060547,8.922415733337402,15.64279556274414,10.495859146118164,9.532613754272461,11.46907901763916,7.986500263214111,8.887495994567871,15.36205005645752,5.567872047424316,9.262956619262695,3.9911630153656006,3.8107047080993652,2.8288373947143555,2.6614317893981934,2.318755626678467,2.6874353885650635,2.6372315883636475,0.3372478485107422,0.35461801290512085,0.4420337378978729,0.6803517937660217,0.8935372829437256,0.7744604349136353,0.4697527587413788,0.49705934524536133,0.5568425059318542,0.5315658450126648,0.44709470868110657,0.38021421432495117,0.21890147030353546,0.1991158127784729,0.24032114446163177,0.20374265313148499,0.17774809896945953,0.17293278872966766,0.2069837749004364,0.2594218850135803,0.2773752510547638,0.27813249826431274,0.23705337941646576,0.22678658366203308,381.0352906216049,436.45954176334106,1079.7660068662813,0.01031168430974478,0.0012853842927142978,1590.0,1600.0,1595.0,1623.0,1633.0,1628.0,2,meditation
P4,-7.551520824432373,-14.317110061645508,-29.73016357421875,-36.286956787109375,-40.03813934326172,-38.20695114135742,-39.61056137084961,-41.68143844604492,-39.66813278198242,-43.548423767089844,-47.874210357666016,-49.11306381225586,-51.3775749206543,-52.4867057800293,-55.981021881103516,-59.07832336425781,-59.185035705566406,-61.263999938964844,-62.94813919067383,-66.02961730957031,-67.62147521972656,-69.23934173583984,-70.5078125,-71.59554290771484,-71.925537109375,-72.2352294921875,-71.96388244628906,-71.61153411865234,-71.36304473876953,-71.65911102294922,-71.770263671875,-72.26790618896484,2.5874407291412354,2.1114907264709473,2.2681427001953125,2.511115312576294,2.4159252643585205,2.453596591949463,2.3742120265960693,2.2574806213378906,2.432189464569092,2.4033420085906982,2.192218065261841,2.325967788696289,2.139974355697632,2.231862783432007,2.128542423248291,2.0483827590942383,2.076733112335205,2.12273907661438,1.9561575651168823,2.0001399517059326,1.9940375089645386,1.8809723854064941,1.7694593667984009,1.7299705743789673,1.6557188034057617,1.6446548700332642,1.5857617855072021,1.545471429824829,1.6376203298568726,1.5624791383743286,1.4864630699157715,1.5262032747268677,-309.3128662109375,91.48360443115234,23.72871208190918,7.468177318572998,12.87489128112793,10.164010047912598,10.227431297302246,11.690053939819336,8.464818954467773,7.25034761428833,5.926019191741943,2.944949150085449,2.4679291248321533,2.2031049728393555,2.2781522274017334,2.139709711074829,2.0713460445404053,2.1029422283172607,2.053524971008301,2.0760598182678223,0.33308902382850647,0.34185662865638733,0.4207130968570709,0.6404240727424622,0.8999391198158264,0.8093963861465454,0.45781394839286804,0.47617149353027344,0.5359390377998352,0.5362744331359863,0.4553270936012268,0.38720256090164185,0.21434521675109863,0.19169951975345612,0.22844751179218292,0.19520917534828186,0.16039729118347168,0.1667180210351944,0.184954434633255,0.23823975026607513,0.25698110461235046,0.28785374760627747,0.2410171777009964,0.21893064677715302,343.7161830940172,320.1502682714617,1053.57573614566,0.009681790168213458,0.001174252713099122,1600.0,1610.0,1605.0,1633.0,1643.0,1638.0,2,meditation
P4,-10.0594482421875,-16.933820724487305,-32.49123764038086,-39.0091667175293,-42.384620666503906,-40.51909255981445,-41.84667205810547,-44.00279235839844,-42.114418029785156,-45.9931755065918,-50.077274322509766,-51.66915512084961,-54.09851837158203,-54.96920394897461,-58.42694854736328,-61.434600830078125,-61.638004302978516,-63.63523864746094,-65.58671569824219,-68.48045349121094,-69.91393280029297,-71.68516540527344,-72.97187042236328,-74.12049102783203,-74.30179595947266,-74.6260986328125,-74.48103332519531,-74.02973937988281,-73.80052947998047,-74.12106323242188,-74.20780944824219,-74.7066879272461,2.741173505783081,2.2490007877349854,2.2774295806884766,2.3271689414978027,2.2779130935668945,2.348925828933716,2.4161102771759033,2.2032217979431152,2.3881757259368896,2.238691568374634,1.9812973737716675,2.3095738887786865,1.9195033311843872,2.023277997970581,1.9744006395339966,1.8593608140945435,2.109360694885254,1.9113588333129883,1.6854524612426758,1.762127161026001,1.7511553764343262,1.5569766759872437,1.324714183807373,1.1777890920639038,1.0600533485412598,1.037306308746338,1.1318702697753906,1.151671051979065,1.2118748426437378,1.2173008918762207,1.1052716970443726,1.096435546875,-323.2073059082031,91.3881607055664,23.636852264404297,7.318343639373779,12.628471374511719,9.917810440063477,10.10509967803955,11.728322982788086,8.624611854553223,7.394263744354248,3.5420548915863037,2.7771382331848145,2.67822003364563,2.2396154403686523,2.4265036582946777,2.162252902984619,2.2169065475463867,2.1816465854644775,2.184668779373169,1.9562793970108032,0.3214763402938843,0.34283581376075745,0.43847811222076416,0.6568158268928528,0.9186140894889832,0.8358501195907593,0.4512101709842682,0.4393061101436615,0.4816182851791382,0.48318061232566833,0.41617217659950256,0.362244576215744,0.207921102643013,0.18357756733894348,0.22521944344043732,0.18228809535503387,0.13740085065364838,0.17088551819324493,0.18492600321769714,0.2319730520248413,0.24999184906482697,0.2794007956981659,0.2341124415397644,0.2156197428703308,344.56755406162443,317.9769635477088,1057.7204208183275,0.009859655959976798,0.0011713870335370302,1610.0,1620.0,1615.0,1643.0,1653.0,1648.0,2,meditation
P4,-6.704623699188232,-13.47920036315918,-28.948108673095703,-35.492218017578125,-38.97171401977539,-37.304012298583984,-38.88249969482422,-40.77052688598633,-38.82925033569336,-42.58595657348633,-47.082889556884766,-48.40583038330078,-50.79545593261719,-51.83926010131836,-55.290611267089844,-58.51271438598633,-58.835121154785156,-60.68292236328125,-62.39043045043945,-65.4988021850586,-66.96440124511719,-68.47612762451172,-69.76581573486328,-70.82450103759766,-71.07803344726562,-71.33016204833984,-71.22637176513672,-70.9096908569336,-70.76547241210938,-70.92735290527344,-71.05318450927734,-71.63716888427734,2.658871650695801,2.3528871536254883,2.2586371898651123,2.434130907058716,2.3730316162109375,2.4858784675598145,2.4724369049072266,2.26049542427063,2.476616621017456,2.1859471797943115,2.211993455886841,2.333113670349121,2.163790464401245,2.1714329719543457,1.902268409729004,1.7282037734985352,1.8003225326538086,1.6870698928833008,1.5507413148880005,1.4432995319366455,1.5108463764190674,1.251417875289917,1.2062028646469116,1.171900749206543,1.0521466732025146,0.9614726305007935,0.9834792017936707,0.9865441918373108,1.0542025566101074,1.000106692314148,0.9112259149551392,0.890311598777771,-305.16259765625,91.78975677490234,24.131092071533203,7.478811740875244,12.432827949523926,10.241652488708496,10.274078369140625,11.611324310302734,8.517313957214355,7.201000213623047,3.364701747894287,2.7305290699005127,2.3684961795806885,2.264078378677368,2.2270963191986084,2.214592456817627,2.093459367752075,2.1117568016052246,2.0277040004730225,1.9718202352523804,0.3526313900947571,0.3459835946559906,0.4059455394744873,0.6661805510520935,0.9354768991470337,0.8222243189811707,0.4678829610347748,0.4893525242805481,0.5244759917259216,0.5030165314674377,0.44452720880508423,0.39510640501976013,0.228349968791008,0.1911931335926056,0.20435257256031036,0.16479235887527466,0.12931497395038605,0.145514115691185,0.1952662169933319,0.2499527931213379,0.2572489082813263,0.2634720206260681,0.23451301455497742,0.2335485965013504,337.53317502884056,305.83643371157194,1042.0162757697613,0.009711245649651971,0.0011840136721730232,1620.0,1630.0,1625.0,1653.0,1663.0,1658.0,2,meditation
P4,-6.799369812011719,-14.015570640563965,-29.659435272216797,-36.30892562866211,-39.60344696044922,-37.86285400390625,-39.41218566894531,-41.618324279785156,-39.7889518737793,-43.56850051879883,-47.594947814941406,-49.07612609863281,-51.66002655029297,-52.60451889038086,-56.16581344604492,-59.43257141113281,-59.57282257080078,-61.48738479614258,-63.12355422973633,-66.32036590576172,-67.48970794677734,-69.1962661743164,-70.3060302734375,-71.29116821289062,-71.55927276611328,-71.81513977050781,-71.65440368652344,-71.26515197753906,-71.15142059326172,-71.48016357421875,-71.48553466796875,-71.9383773803711,2.8388712406158447,2.3849761486053467,2.240834951400757,2.2900495529174805,2.256681442260742,2.3375449180603027,2.2971954345703125,2.2698452472686768,2.6255805492401123,2.195331335067749,2.0954806804656982,2.261249303817749,1.9036778211593628,2.050767660140991,1.9126405715942383,1.6533852815628052,1.6748062372207642,1.6683350801467896,1.7062174081802368,1.7858489751815796,1.6075897216796875,1.3573940992355347,1.4179831743240356,1.3166635036468506,1.2066782712936401,1.1238259077072144,1.109537959098816,1.1339682340621948,1.2454785108566284,1.2560304403305054,1.2064225673675537,1.0823866128921509,-308.7066345214844,91.36058807373047,24.86135482788086,7.679998397827148,12.471951484680176,10.456158638000488,10.425180435180664,11.650691986083984,8.558443069458008,7.265342712402344,3.488434076309204,2.7771971225738525,2.386000871658325,2.179614543914795,2.2104530334472656,2.08185076713562,2.101544141769409,2.159308433532715,1.9736430644989014,2.018419027328491,0.34550678730010986,0.36206451058387756,0.4460102617740631,0.6878244876861572,0.9119951725006104,0.793390691280365,0.4802008271217346,0.5033203363418579,0.5546926856040955,0.5306276679039001,0.4441988468170166,0.3843371868133545,0.22057794034481049,0.2055075466632843,0.24402709305286407,0.1794981211423874,0.14718163013458252,0.16451740264892578,0.19185827672481537,0.24293218553066254,0.2618985176086426,0.269361287355423,0.22766415774822235,0.21808090806007385,329.2689470161909,283.7786397911833,1034.069675203021,0.009364577291183295,0.0012167234672233462,1630.0,1640.0,1635.0,1663.0,1673.0,1668.0,2,meditation
P4,-6.4722981452941895,-13.740776062011719,-29.204946517944336,-35.957191467285156,-39.17375946044922,-37.2782096862793,-39.01002883911133,-41.38887405395508,-39.63864517211914,-43.49884796142578,-47.43873977661133,-48.857418060302734,-51.221622467041016,-52.196102142333984,-55.72376251220703,-58.76438522338867,-58.87654495239258,-60.75833511352539,-62.611270904541016,-65.99813079833984,-67.2420883178711,-68.67111206054688,-69.86028289794922,-71.01335906982422,-71.34211730957031,-71.41234588623047,-71.27605438232422,-70.87290954589844,-70.68608856201172,-71.0423355102539,-71.22746276855469,-71.63493347167969,2.7442266941070557,2.2620620727539062,2.178244113922119,2.3738179206848145,2.370758056640625,2.32224440574646,2.464637279510498,2.1492960453033447,2.6769914627075195,2.3362252712249756,2.1045660972595215,2.2083609104156494,2.0043418407440186,1.9735524654388428,1.9042904376983643,1.9039024114608765,1.834836483001709,1.737345814704895,1.639513611793518,1.732498288154602,1.6003146171569824,1.313765048980713,1.2170250415802002,1.1603200435638428,1.0783129930496216,1.0069503784179688,1.127117395401001,1.0612131357192993,1.1654220819473267,1.133724331855774,1.046733021736145,1.062361478805542,-306.546875,91.26744079589844,24.641769409179688,7.913575172424316,12.863919258117676,10.346027374267578,9.93525218963623,11.524895668029785,8.517876625061035,7.343775272369385,3.358717441558838,2.8259103298187256,2.534360408782959,2.1239938735961914,2.450349807739258,2.278059720993042,2.1097984313964844,2.1382477283477783,2.0446324348449707,2.003894805908203,0.373619019985199,0.3615570664405823,0.4182078540325165,0.5878618955612183,0.8698575496673584,0.8230621814727783,0.47778692841529846,0.49940043687820435,0.559428870677948,0.5813791155815125,0.4946780204772949,0.43095043301582336,0.23084542155265808,0.19237840175628662,0.21194587647914886,0.20007827877998352,0.18271274864673615,0.1823529750108719,0.16839180886745453,0.24097882211208344,0.2570641338825226,0.2913830876350403,0.24882903695106506,0.23575398325920105,328.7057985717396,285.30245114921695,1034.0968190302885,0.00929773600638051,0.00121699005831033,1640.0,1650.0,1645.0,1673.0,1683.0,1678.0,2,meditation
P4,-7.055976867675781,-13.922430038452148,-29.473678588867188,-35.900177001953125,-39.478023529052734,-37.98106384277344,-39.19365310668945,-41.50566482543945,-39.618831634521484,-43.648555755615234,-47.62179946899414,-49.07795715332031,-51.64582824707031,-52.507965087890625,-56.00711441040039,-59.02647018432617,-59.142364501953125,-60.934085845947266,-62.675235748291016,-65.56438446044922,-67.0583267211914,-68.59977722167969,-69.77552032470703,-71.15452575683594,-71.51177215576172,-71.71306610107422,-71.57762908935547,-71.11894226074219,-70.9449462890625,-71.3432846069336,-71.46633911132812,-71.89173889160156,2.7808516025543213,2.173217535018921,2.1544225215911865,2.152590274810791,2.22244930267334,2.3075480461120605,2.354167938232422,2.197481393814087,2.4941420555114746,2.2262496948242188,2.1518590450286865,2.099130392074585,1.865721344947815,1.9423022270202637,1.9803569316864014,1.912219524383545,1.949618935585022,1.7360707521438599,1.8418431282043457,1.9659422636032104,1.8052196502685547,1.6124536991119385,1.5216566324234009,1.4992755651474,1.3738303184509277,1.2698439359664917,1.281940221786499,1.2278584241867065,1.234619379043579,1.1966227293014526,1.111494779586792,1.1188030242919922,-307.6156921386719,91.04122161865234,24.26850700378418,8.297279357910156,12.60267162322998,9.912720680236816,10.315103530883789,11.663971900939941,8.348177909851074,7.317820072174072,3.7333900928497314,2.9588990211486816,2.590620517730713,2.3586084842681885,2.36798095703125,2.245232105255127,2.222273826599121,2.2088170051574707,2.002340078353882,1.9129250049591064,0.3636177182197571,0.36319538950920105,0.43280863761901855,0.6019668579101562,0.9012508988380432,0.8704816699028015,0.46085888147354126,0.45223501324653625,0.5079279541969299,0.5325461030006409,0.46427327394485474,0.41378670930862427,0.2216627597808838,0.19048219919204712,0.21344584226608276,0.19395862519741058,0.15016688406467438,0.15657451748847961,0.15220847725868225,0.2199130356311798,0.23685723543167114,0.2745783030986786,0.23482608795166016,0.22650383412837982,337.41928519908765,305.28686240211715,1046.9284728402943,0.009426886963457077,0.0012028849450871348,1650.0,1660.0,1655.0,1683.0,1693.0,1688.0,2,meditation
P4,-6.932063579559326,-13.85781192779541,-29.75773811340332,-36.338226318359375,-39.77281951904297,-37.837196350097656,-39.365474700927734,-41.67481994628906,-39.75665283203125,-43.8411750793457,-47.38825988769531,-49.10291290283203,-51.457855224609375,-52.34503173828125,-55.54505157470703,-58.42912673950195,-58.721195220947266,-60.4736213684082,-62.429725646972656,-65.28949737548828,-66.8581771850586,-68.31436920166016,-69.50180053710938,-70.90424346923828,-71.29350280761719,-71.49560546875,-71.34555053710938,-70.7686538696289,-70.61438751220703,-70.97119140625,-71.33798217773438,-71.72303771972656,2.6667463779449463,2.272477149963379,2.3374135494232178,2.360802412033081,2.263070821762085,2.5323474407196045,2.536895990371704,2.1606829166412354,2.3949079513549805,2.266423225402832,2.1056764125823975,2.2483317852020264,2.348543167114258,2.452988386154175,2.4232795238494873,2.3701374530792236,2.317625045776367,2.119511365890503,2.06058406829834,2.436929225921631,2.433209180831909,2.3114073276519775,2.159710168838501,1.8987008333206177,1.7404342889785767,1.7475911378860474,1.677128791809082,1.6618438959121704,1.769149899482727,1.7315387725830078,1.6026009321212769,1.5588057041168213,-306.78619384765625,90.18413543701172,23.69253921508789,8.384958267211914,13.040816307067871,10.134163856506348,10.158527374267578,11.786776542663574,8.53869915008545,7.607208728790283,6.101480484008789,3.559490442276001,3.109632968902588,2.35322642326355,2.4092845916748047,2.3990416526794434,2.3875889778137207,2.343717098236084,2.151590347290039,2.1308319568634033,0.3383218050003052,0.3443547189235687,0.4209095537662506,0.6213884353637695,0.8984954357147217,0.823671817779541,0.44723543524742126,0.45158788561820984,0.5011178255081177,0.5127522349357605,0.44518041610717773,0.3898578882217407,0.21775232255458832,0.1833236664533615,0.21315409243106842,0.19530843198299408,0.16041696071624756,0.1679777204990387,0.18733690679073334,0.24687351286411285,0.2520516812801361,0.2837695777416229,0.24855107069015503,0.2284129112958908,340.5620462070702,301.3399411796694,1057.651294398317,0.009465405669953596,0.0012286107521504164,1660.0,1670.0,1665.0,1693.0,1703.0,1698.0,2,meditation
P4,-6.337425231933594,-13.324082374572754,-29.07367706298828,-35.77515411376953,-38.673160552978516,-37.001277923583984,-38.680599212646484,-41.12049865722656,-39.21608352661133,-43.124229431152344,-46.87037658691406,-48.30068588256836,-50.766204833984375,-51.74729537963867,-55.08414840698242,-58.03658676147461,-58.167999267578125,-59.988609313964844,-61.94894790649414,-64.91948699951172,-66.2042007446289,-67.81629943847656,-68.92668914794922,-70.20575714111328,-70.6095199584961,-70.86384582519531,-70.73262023925781,-70.173828125,-69.84833526611328,-70.29814910888672,-70.62234497070312,-71.00617218017578,2.572693347930908,2.2231314182281494,2.2257349491119385,2.378664016723633,2.2774910926818848,2.4181697368621826,2.513436794281006,2.4742987155914307,2.6903648376464844,2.39042067527771,2.236962080001831,2.1132402420043945,2.172156572341919,2.033651351928711,2.0416419506073,2.069018840789795,2.0767922401428223,1.962744116783142,1.843007206916809,2.1113076210021973,2.130955219268799,1.9761725664138794,1.8209874629974365,1.8650230169296265,1.7431138753890991,1.6506974697113037,1.5684205293655396,1.6551499366760254,2.305659055709839,2.161926746368408,1.6967524290084839,1.7766505479812622,-303.25408935546875,90.25641632080078,24.05982208251953,8.20963191986084,12.859789848327637,10.111872673034668,10.104528427124023,11.519515037536621,8.343111991882324,7.4623894691467285,5.961299419403076,3.6696064472198486,2.8747167587280273,2.3754639625549316,2.394874095916748,2.236638069152832,2.1760854721069336,2.0970489978790283,2.0800702571868896,2.047799587249756,0.3453081548213959,0.3455039858818054,0.4150540828704834,0.6262509822845459,0.8912643194198608,0.8116734027862549,0.4502486288547516,0.4729003310203552,0.5504862666130066,0.5622974634170532,0.4748729467391968,0.4026828706264496,0.21508288383483887,0.19792401790618896,0.22800052165985107,0.193635493516922,0.171595960855484,0.1828937977552414,0.18405628204345703,0.24155303835868835,0.2652389407157898,0.29748138785362244,0.2438109666109085,0.21812060475349426,345.1866518831218,306.3860050210267,1066.9657324570348,0.009525449535962877,0.0011963659198954701,1670.0,1680.0,1675.0,1703.0,1713.0,1708.0,2,meditation
P4,-6.512315273284912,-13.350211143493652,-28.8612003326416,-35.334083557128906,-38.51228332519531,-37.016788482666016,-38.536865234375,-41.0189323425293,-38.86006546020508,-42.848819732666016,-46.78494644165039,-48.11643981933594,-50.558284759521484,-51.795143127441406,-55.126853942871094,-58.267520904541016,-58.204647064208984,-60.2437629699707,-62.202571868896484,-65.28881072998047,-66.71954345703125,-68.33004760742188,-69.48590087890625,-70.5112075805664,-70.91975402832031,-71.08748626708984,-70.81648254394531,-70.4168701171875,-70.27864074707031,-70.50886535644531,-70.69522857666016,-71.13961791992188,2.6362674236297607,2.283965587615967,2.300828218460083,2.3728201389312744,2.144725799560547,2.4974827766418457,2.360508918762207,2.2259716987609863,2.487367630004883,2.189396381378174,2.2339494228363037,2.209505558013916,2.1044349670410156,2.0782406330108643,1.9258575439453125,1.8465429544448853,1.9418951272964478,1.9536187648773193,1.8322789669036865,1.8512709140777588,1.9017601013183594,1.670677661895752,1.6559756994247437,1.4614436626434326,1.370911955833435,1.2960156202316284,1.2691954374313354,1.2823823690414429,1.3921750783920288,1.3970708847045898,1.392564058303833,1.2675917148590088,-303.7642517089844,91.27503204345703,24.28407859802246,7.509300231933594,12.794923782348633,10.182845115661621,9.956143379211426,11.501501083374023,8.310214042663574,7.035492897033691,4.400505542755127,3.0519769191741943,2.5468690395355225,2.418172836303711,2.2765402793884277,2.311248540878296,2.147456169128418,2.188983201980591,2.043776035308838,2.0489375591278076,0.3643970787525177,0.34899160265922546,0.4041055142879486,0.5619180202484131,0.8871952891349792,0.8539029359817505,0.46642258763313293,0.4564608037471771,0.5097397565841675,0.5429771542549133,0.4607694745063782,0.4104226529598236,0.21839910745620728,0.1882634460926056,0.19899201393127441,0.1863040179014206,0.152742400765419,0.16568021476268768,0.16820313036441803,0.23671863973140717,0.23740454018115997,0.2797958552837372,0.22991132736206055,0.21864618360996246,341.398631193529,308.3594656322506,1056.3524182325204,0.009563968242459397,0.0011718292953446507,1680.0,1690.0,1685.0,1713.0,1723.0,1718.0,2,meditation
P4,-7.687650203704834,-14.078892707824707,-29.449264526367188,-36.119205474853516,-40.05998229980469,-38.062232971191406,-39.174312591552734,-41.60756301879883,-39.15815734863281,-42.879581451416016,-47.275394439697266,-49.299522399902344,-51.380882263183594,-52.0263557434082,-55.02055358886719,-58.27207946777344,-58.35548400878906,-59.90576934814453,-61.78712463378906,-64.52737426757812,-66.071044921875,-67.86299896240234,-69.04083251953125,-70.39222717285156,-70.97761535644531,-71.34123229980469,-71.12274932861328,-70.68280792236328,-70.25553131103516,-70.4864273071289,-70.73267364501953,-71.23641204833984,2.8724591732025146,2.262754201889038,2.3171496391296387,2.3194119930267334,2.3087267875671387,2.2681877613067627,2.2511560916900635,2.246880531311035,2.455599546432495,2.1739895343780518,2.156083583831787,2.250797748565674,2.1702358722686768,2.210142135620117,2.240443706512451,2.39442777633667,2.6744465827941895,2.362856388092041,2.3179516792297363,2.7404325008392334,2.7145938873291016,2.4028379917144775,2.1342296600341797,2.152327060699463,1.8471806049346924,1.5774115324020386,1.618700385093689,1.6799376010894775,1.8907333612442017,1.9573392868041992,1.8311868906021118,1.7075579166412354,-305.1749267578125,89.23382568359375,22.950302124023438,8.258612632751465,12.891968727111816,9.354395866394043,10.459922790527344,11.899394989013672,8.613934516906738,7.435610771179199,6.078420162200928,4.346789836883545,3.2672722339630127,2.7226972579956055,2.5361127853393555,2.4292619228363037,2.2202816009521484,2.085597276687622,2.0325469970703125,2.0060672760009766,0.3003115653991699,0.3091445863246918,0.3917545676231384,0.6226843595504761,0.9039369821548462,0.8179864287376404,0.46052286028862,0.47585177421569824,0.5141023397445679,0.5030719637870789,0.4113858640193939,0.34531718492507935,0.19202999770641327,0.18136219680309296,0.21706655621528625,0.1890186220407486,0.1508808434009552,0.16679413616657257,0.19739221036434174,0.26185452938079834,0.2579035460948944,0.27552875876426697,0.2303849756717682,0.20385192334651947,375.4436672470691,359.4446168974768,1120.606979794873,0.010106628842807424,0.0011171383084729314,1690.0,1700.0,1695.0,1723.0,1733.0,1728.0,2,meditation
P4,-9.068164825439453,-13.459188461303711,-28.811689376831055,-35.37708282470703,-38.97986602783203,-37.273433685302734,-38.51301193237305,-40.76827621459961,-38.48229217529297,-42.245079040527344,-46.8158073425293,-48.61814498901367,-49.84454345703125,-50.37086868286133,-53.85169219970703,-57.50410079956055,-57.70700454711914,-58.964874267578125,-60.88990020751953,-63.54453659057617,-65.48435974121094,-67.463623046875,-68.74297332763672,-70.26532745361328,-70.680908203125,-70.70919036865234,-70.68936157226562,-70.17939758300781,-69.97915649414062,-70.56031799316406,-70.8056869506836,-71.34602355957031,2.751237630844116,2.446403980255127,2.373995780944824,2.426313877105713,2.2384402751922607,2.3277761936187744,2.3820712566375732,2.1606786251068115,2.53605055809021,2.219184160232544,2.2525405883789062,2.385488271713257,3.0977437496185303,3.240584373474121,3.19403338432312,3.242567539215088,3.233092784881592,3.6784636974334717,3.4781641960144043,4.252603054046631,3.341252088546753,2.5793421268463135,2.2597384452819824,1.786040186882019,1.5657330751419067,1.837012767791748,1.7507803440093994,1.8302053213119507,1.7146021127700806,1.4078491926193237,1.1236894130706787,1.127367615699768,-301.9338684082031,89.94554138183594,21.251861572265625,7.7377214431762695,12.665311813354492,9.23914909362793,9.390910148620605,11.291873931884766,7.538813591003418,7.216065406799316,7.560336112976074,3.5069992542266846,5.656771183013916,3.384305953979492,3.2077088356018066,2.588874578475952,2.224220037460327,2.21010160446167,2.3081328868865967,2.2349376678466797,0.15762966871261597,0.14556439220905304,0.18441590666770935,0.4227294325828552,0.8685159683227539,0.8638848662376404,0.44391947984695435,0.4539618194103241,0.5162039399147034,0.5278145670890808,0.3765169680118561,0.250880628824234,0.10856284946203232,0.10170236229896545,0.10829652845859528,0.12328115850687027,0.17842578887939453,0.17192687094211578,0.189375638961792,0.25434160232543945,0.2587008774280548,0.30045029520988464,0.21645918488502502,0.15373840928077698,425.92650797675617,493.0903671512471,1176.9187074451845,0.011948729335846868,0.0009073760011233389,1700.0,1710.0,1705.0,1733.0,1743.0,1738.0,2,meditation
P4,-25.84365463256836,-30.410289764404297,-45.912105560302734,-52.23760986328125,-56.17694091796875,-54.36544418334961,-55.38011932373047,-57.62154769897461,-55.356170654296875,-59.04253387451172,-63.231475830078125,-64.61934661865234,-65.68659210205078,-66.08191680908203,-69.37069702148438,-72.86761474609375,-73.24701690673828,-74.83506774902344,-76.31407928466797,-77.33336639404297,-78.09264373779297,-78.8622055053711,-79.25300598144531,-79.60697174072266,-79.6686782836914,-79.67100524902344,-79.72596740722656,-79.71552276611328,-79.7179183959961,-79.92924499511719,-80.0,-80.0,5.1502366065979,2.729008674621582,2.7168004512786865,2.6637766361236572,2.7012290954589844,2.4682400226593018,2.5784811973571777,2.7219669818878174,2.7450122833251953,2.6464035511016846,3.2385106086730957,4.08894681930542,5.2886881828308105,5.96104621887207,6.44865608215332,6.524585723876953,6.066748142242432,5.752236366271973,5.762514114379883,6.183455467224121,5.192105770111084,3.9105422496795654,2.9493939876556396,1.7996087074279785,1.6370409727096558,1.7836811542510986,1.6027113199234009,1.538674235343933,1.5414177179336548,0.5614422559738159,0.0,0.0,-380.10113525390625,72.56127166748047,26.0955867767334,8.611885070800781,10.150642395019531,11.386861801147461,10.143239974975586,9.54893684387207,8.357898712158203,7.347414016723633,14.569579124450684,3.609210252761841,10.821184158325195,3.466700553894043,5.556495666503906,2.712373971939087,2.4828810691833496,2.1939706802368164,2.6828453540802,2.5900304317474365,0.14846259355545044,0.12812680006027222,0.16935878992080688,0.4514555037021637,0.879060685634613,0.796027660369873,0.384550541639328,0.42023560404777527,0.533165693283081,0.5615638494491577,0.39943549036979675,0.253023236989975,0.09546719491481781,0.0745275691151619,0.08173772692680359,0.11560005694627762,0.1976054310798645,0.18484869599342346,0.17760403454303741,0.24928037822246552,0.2731362581253052,0.3098565340042114,0.2309979498386383,0.14822369813919067,465.956140837995,611.2232181699536,1195.740949251595,0.013450958889211138,0.0012995189754292369,1710.0,1720.0,1715.0,1743.0,1753.0,1748.0,2,meditation
P4,-6.6556925773620605,-10.000178337097168,-25.5622501373291,-31.674888610839844,-35.28477478027344,-33.70038986206055,-34.96723556518555,-37.301055908203125,-35.100650787353516,-38.942012786865234,-43.08837890625,-44.46672821044922,-46.00316619873047,-46.79048538208008,-50.55833053588867,-54.27488708496094,-54.644622802734375,-56.3006591796875,-57.88303756713867,-60.907928466796875,-62.514305114746094,-64.34245300292969,-65.59517669677734,-67.0338363647461,-67.59667205810547,-67.91016387939453,-67.68051147460938,-67.31536102294922,-67.17865753173828,-67.39069366455078,-67.57891082763672,-68.05599212646484,2.391195774078369,2.1930785179138184,2.3301339149475098,2.455465793609619,2.2364258766174316,2.2249367237091064,2.4206857681274414,2.315369129180908,2.559762716293335,2.2908132076263428,2.289259195327759,2.5157785415649414,3.0109965801239014,3.2391090393066406,3.57448148727417,2.8764750957489014,2.778808116912842,2.829272508621216,2.9596006870269775,3.490880250930786,3.156031608581543,2.5873682498931885,2.3992209434509277,1.9322280883789062,1.3794918060302734,1.1163065433502197,1.0831764936447144,1.1838164329528809,1.2755862474441528,1.3202952146530151,1.3394286632537842,1.187508225440979,-283.6028747558594,90.95909881591797,21.117382049560547,6.694927215576172,12.253606796264648,9.352651596069336,9.573756217956543,10.274293899536133,7.09630012512207,6.850535869598389,6.409311771392822,2.9407167434692383,5.899455547332764,2.7233164310455322,2.8172574043273926,2.392522096633911,2.159895181655884,2.474994659423828,2.461939811706543,2.341336727142334,0.13447844982147217,0.1195322573184967,0.15910480916500092,0.3984600305557251,0.8874714970588684,0.8785625100135803,0.3790692389011383,0.34954431653022766,0.4105086624622345,0.444958359003067,0.33004143834114075,0.22356782853603363,0.10313080251216888,0.08710401505231857,0.09411623328924179,0.10923317074775696,0.15662074089050293,0.1507914513349533,0.15581628680229187,0.2180570662021637,0.2471867799758911,0.30495694279670715,0.22896097600460052,0.161290243268013,446.3585016472124,553.1435229662123,1198.8325671037012,0.012920760223317866,0.0008144111488945782,1720.0,1730.0,1725.0,1753.0,1763.0,1758.0,2,meditation
P4,-7.162247180938721,-11.038496971130371,-26.503170013427734,-32.703163146972656,-36.43761444091797,-34.47468185424805,-35.718387603759766,-38.28236389160156,-36.01102828979492,-39.969337463378906,-44.338348388671875,-45.721195220947266,-47.80934524536133,-48.70533752441406,-52.12139892578125,-55.43109130859375,-55.744873046875,-57.40093994140625,-59.39563751220703,-62.00467300415039,-63.427001953125,-65.57124328613281,-66.63314056396484,-67.66777038574219,-68.05362701416016,-68.58287048339844,-68.38924407958984,-67.87638854980469,-67.59464263916016,-67.88311004638672,-68.12553405761719,-68.59199523925781,2.414447069168091,2.2206592559814453,2.4253737926483154,2.374389171600342,2.2889108657836914,2.4814815521240234,2.377027750015259,2.3220112323760986,2.4946866035461426,2.3297598361968994,2.1661572456359863,2.1668004989624023,1.8918622732162476,2.1055145263671875,2.039738416671753,1.8491419553756714,1.9905328750610352,1.8076852560043335,1.6826244592666626,1.7492505311965942,1.8431015014648438,1.4789429903030396,1.3072726726531982,1.3737447261810303,1.2594654560089111,1.163697361946106,1.222909927368164,1.2849050760269165,1.3915421962738037,1.283768653869629,1.132141351699829,1.069770336151123,-289.09527587890625,90.14534759521484,22.63732147216797,6.891225337982178,11.870613098144531,9.101663589477539,9.432827949523926,10.721235275268555,7.649725437164307,6.839926242828369,3.5644545555114746,2.9146952629089355,2.5768651962280273,2.3637876510620117,2.461113691329956,2.2649996280670166,2.213747501373291,2.1182312965393066,2.145846128463745,2.0703537464141846,0.13383832573890686,0.12091295421123505,0.17144903540611267,0.4666043221950531,0.9081588983535767,0.835478663444519,0.40334877371788025,0.40911683440208435,0.46364492177963257,0.46060335636138916,0.3289779722690582,0.21423406898975372,0.09652817249298096,0.07975803315639496,0.09819962829351425,0.11988008767366409,0.16475240886211395,0.16520650684833527,0.17832404375076294,0.23809941112995148,0.265855610370636,0.3011627495288849,0.21658779680728912,0.14148947596549988,441.7511237417769,519.1700238362819,1211.3222687155505,0.012555965414733179,0.0008096793317236006,1730.0,1740.0,1735.0,1763.0,1773.0,1768.0,2,meditation
P4,-6.682015419006348,-10.397557258605957,-25.6980037689209,-32.13067626953125,-35.950260162353516,-33.94215774536133,-35.416160583496094,-37.64470291137695,-35.794071197509766,-39.885494232177734,-43.99750900268555,-45.36962890625,-47.462833404541016,-48.39689636230469,-51.8145637512207,-54.90442657470703,-55.14791488647461,-56.905887603759766,-58.63116455078125,-61.402103424072266,-63.02312469482422,-64.73414611816406,-65.93705749511719,-67.14692687988281,-67.68700408935547,-68.00419616699219,-67.80906677246094,-67.33302307128906,-67.20480346679688,-67.54098510742188,-67.79177856445312,-68.33375549316406,2.558917284011841,2.350315570831299,2.2665629386901855,2.266061782836914,2.3589253425598145,2.484917163848877,2.568960189819336,2.106318712234497,2.4813239574432373,2.377002239227295,2.0772690773010254,2.1614809036254883,1.954228162765503,2.0406711101531982,2.106245279312134,2.2011313438415527,2.050102710723877,2.33766508102417,2.394238233566284,2.621594190597534,2.356855630874634,2.328583240509033,2.0563807487487793,1.9536042213439941,1.683377981185913,1.518970012664795,1.3450559377670288,1.3958615064620972,1.5308964252471924,1.3983614444732666,1.2123770713806152,1.1204599142074585,-286.3994445800781,90.13523864746094,22.65162467956543,7.600788593292236,11.920427322387695,9.051204681396484,9.285037994384766,10.743098258972168,7.525464057922363,6.84399938583374,5.31182336807251,3.432213544845581,3.2920081615448,3.0019052028656006,2.1766903400421143,2.2606332302093506,2.1377370357513428,2.1084187030792236,2.1378822326660156,2.0023787021636963,0.14828965067863464,0.13208697736263275,0.17256100475788116,0.4212650656700134,0.891323447227478,0.8414393663406372,0.3872765302658081,0.3920580744743347,0.48875731229782104,0.5378372669219971,0.38415753841400146,0.2510784864425659,0.10021166503429413,0.09611984342336655,0.11001505702733994,0.11822129786014557,0.16469617187976837,0.16890038549900055,0.16877558827400208,0.22786742448806763,0.24735869467258453,0.3030046224594116,0.2204671949148178,0.15297061204910278,443.29484829007896,523.1669060868619,1207.2407738450424,0.012588819605568445,0.0008233789703808725,1740.0,1750.0,1745.0,1773.0,1783.0,1778.0,2,meditation
P4,-5.9505109786987305,-9.373453140258789,-24.57554817199707,-31.04126739501953,-34.32606887817383,-32.52859115600586,-34.1129035949707,-36.49821853637695,-34.279422760009766,-38.26494598388672,-42.48429489135742,-43.993690490722656,-46.09332275390625,-46.81621551513672,-50.586753845214844,-53.868255615234375,-53.79694747924805,-55.705535888671875,-57.49513244628906,-60.42753982543945,-62.146827697753906,-63.796287536621094,-64.9171142578125,-66.035888671875,-66.42308044433594,-66.79439544677734,-66.69781494140625,-66.09642028808594,-65.97264099121094,-66.3536148071289,-66.54537200927734,-66.99221801757812,2.5339512825012207,2.266789674758911,2.2965168952941895,2.238276243209839,2.2785987854003906,2.390984296798706,2.277679204940796,2.202174663543701,2.5935490131378174,2.294682741165161,1.9748659133911133,2.1966042518615723,1.9509081840515137,1.954993724822998,1.9976307153701782,1.8739416599273682,1.9114007949829102,1.822121500968933,1.8336795568466187,2.120084047317505,1.948905110359192,1.7256455421447754,1.550286889076233,1.5165337324142456,1.341287612915039,1.289715051651001,1.2527422904968262,1.435315728187561,1.5079290866851807,1.2799569368362427,1.0720045566558838,1.000607967376709,-279.48223876953125,90.3700180053711,22.532392501831055,6.760794162750244,11.669876098632812,9.028064727783203,9.065296173095703,10.584822654724121,7.445868968963623,6.465461254119873,3.956472635269165,3.2887046337127686,2.5703563690185547,2.573974370956421,2.267423629760742,2.0949976444244385,2.132795810699463,2.280219078063965,2.3070778846740723,1.950269103050232,0.15388336777687073,0.13642382621765137,0.1722370982170105,0.44898125529289246,0.9041206240653992,0.8611260652542114,0.3807675838470459,0.37892434000968933,0.45032036304473877,0.4660601317882538,0.358461856842041,0.24447238445281982,0.10525090992450714,0.09318316727876663,0.09719355404376984,0.11115457862615585,0.14921776950359344,0.17203621566295624,0.17073525488376617,0.2240181267261505,0.24887436628341675,0.2922906279563904,0.2266191691160202,0.15505322813987732,445.845813212704,535.8819877465197,1213.4515158295158,0.012805204103828306,0.0007842559134587646,1750.0,1760.0,1755.0,1783.0,1793.0,1788.0,2,meditation
P4,-6.264000415802002,-9.725875854492188,-25.209583282470703,-31.510141372680664,-35.00178146362305,-33.130008697509766,-34.303749084472656,-36.92644119262695,-34.867919921875,-38.78285598754883,-43.02404022216797,-44.41633605957031,-46.460079193115234,-47.82272720336914,-51.235145568847656,-54.523067474365234,-54.74758529663086,-56.314720153808594,-58.0405158996582,-60.697837829589844,-62.427127838134766,-64.12908172607422,-65.36937713623047,-66.43152618408203,-66.85086059570312,-67.20809936523438,-67.07994842529297,-66.60232543945312,-66.46900939941406,-66.82099151611328,-67.0361099243164,-67.501220703125,2.367523193359375,2.149400472640991,2.285795211791992,2.2605490684509277,2.3254384994506836,2.323890209197998,2.4061527252197266,2.228243112564087,2.6014015674591064,2.2911009788513184,2.0563013553619385,2.1695311069488525,1.979036808013916,2.069854736328125,1.939695119857788,1.7502373456954956,1.7233967781066895,1.7409225702285767,1.738254189491272,1.7319750785827637,1.520801067352295,1.4601401090621948,1.3856768608093262,1.380959391593933,1.2006909847259521,1.1637600660324097,1.0438886880874634,1.1623791456222534,1.2526779174804688,1.164420247077942,0.9745851755142212,0.9374315142631531,-282.3000183105469,90.26045227050781,22.802906036376953,7.018552303314209,11.31944465637207,8.959232330322266,9.421252250671387,10.747635841369629,7.345210075378418,6.602225303649902,3.1151249408721924,2.9111363887786865,2.316694498062134,2.320310115814209,2.308826208114624,2.2576887607574463,2.2014553546905518,2.1259098052978516,1.964669942855835,2.0809905529022217,0.16630962491035461,0.12577058374881744,0.14081691205501556,0.24635808169841766,0.7812579274177551,0.9496685266494751,0.5252705812454224,0.3608095049858093,0.3966130316257477,0.46428677439689636,0.3647543787956238,0.2621787190437317,0.12028362601995468,0.09764563292264938,0.09649825096130371,0.10413017868995667,0.17104145884513855,0.12431638687849045,0.12907211482524872,0.21484237909317017,0.22357654571533203,0.29210081696510315,0.22896526753902435,0.1727733463048935,446.8990436296714,535.6321826058585,1215.1498813607316,0.012886773129350349,0.0007912561995908618,1760.0,1770.0,1765.0,1793.0,1803.0,1798.0,2,meditation
P4,-6.641807556152344,-10.321150779724121,-26.131916046142578,-32.17622756958008,-35.63139724731445,-34.03882598876953,-35.431392669677734,-37.75571060180664,-35.72272872924805,-39.66032409667969,-43.85078430175781,-45.22050857543945,-47.49601364135742,-48.42740249633789,-52.10797882080078,-55.36116409301758,-55.296295166015625,-57.401058197021484,-59.358516693115234,-62.46412658691406,-63.90553283691406,-65.2781982421875,-66.46844482421875,-67.60538482666016,-68.0111312866211,-68.23818969726562,-68.13733673095703,-67.62430572509766,-67.51564025878906,-67.851318359375,-67.98168182373047,-68.36996459960938,2.5677945613861084,2.1890792846679688,2.410386800765991,2.365799903869629,2.1199235916137695,2.422008752822876,2.252002000808716,2.115831136703491,2.395442008972168,2.196082353591919,2.1270806789398193,2.137558937072754,2.001884937286377,2.07790207862854,1.6951159238815308,1.6955785751342773,1.7689712047576904,1.6528598070144653,1.5659161806106567,1.4970279932022095,1.4601624011993408,1.287880778312683,1.2225451469421387,1.0683262348175049,1.0599384307861328,1.0263032913208008,1.0098823308944702,0.9917644262313843,1.1168913841247559,1.0913865566253662,0.9679345488548279,0.9703213572502136,-287.7009582519531,91.05687713623047,23.2308406829834,6.62016487121582,11.7717866897583,9.49259090423584,9.28267765045166,10.592413902282715,7.777909278869629,6.586737155914307,2.7393240928649902,2.3570621013641357,2.3992834091186523,2.188934803009033,2.121641159057617,2.211879014968872,2.0953574180603027,2.087463855743408,2.0637125968933105,2.032626152038574,0.14163647592067719,0.12309164553880692,0.15857534110546112,0.3706175684928894,0.877684473991394,0.8727376461029053,0.40369072556495667,0.377198189496994,0.420337051153183,0.45333224534988403,0.33377978205680847,0.22907528281211853,0.0961737334728241,0.08373280614614487,0.09411794692277908,0.11440294981002808,0.1753937005996704,0.17352576553821564,0.16017740964889526,0.23200877010822296,0.23627950251102448,0.2914574146270752,0.20983272790908813,0.15161840617656708,414.44567432876835,473.78042977813226,1168.2391816493925,0.01195326094837587,0.0008495427900925279,1770.0,1780.0,1775.0,1803.0,1813.0,1808.0,2,meditation
P5,-7.7871785163879395,-11.564192771911621,-26.282060623168945,-33.68764877319336,-39.10304260253906,-41.812625885009766,-43.71664810180664,-44.852195739746094,-46.43561553955078,-47.80784225463867,-49.164649963378906,-50.882911682128906,-51.489192962646484,-52.01020431518555,-54.3033561706543,-55.285926818847656,-55.69468688964844,-57.46566390991211,-59.51462173461914,-60.943607330322266,-61.69142150878906,-63.816062927246094,-64.98436737060547,-65.20728302001953,-64.36283111572266,-64.49158477783203,-65.10043334960938,-64.89710235595703,-64.8699722290039,-65.9526596069336,-67.12557220458984,-67.80332946777344,2.4721527099609375,2.3481292724609375,2.402357578277588,2.7956533432006836,3.0509231090545654,2.8676507472991943,2.508833646774292,2.8584470748901367,2.6629583835601807,2.9192070960998535,3.076383113861084,3.0471835136413574,3.639840841293335,4.432034015655518,4.367839813232422,3.498828649520874,3.429959535598755,3.4320690631866455,3.5135140419006348,3.991971492767334,4.398183822631836,3.834804058074951,3.3618366718292236,3.390326738357544,3.6505320072174072,3.9213645458221436,3.6016035079956055,2.793531894683838,2.698333978652954,2.3781518936157227,1.7870681285858154,1.8435468673706055,-295.23590087890625,74.41619110107422,26.120222091674805,17.648103713989258,17.268882751464844,14.341519355773926,8.08827018737793,10.044709205627441,5.817396640777588,4.996957778930664,11.524839401245117,5.172147274017334,6.419300079345703,3.574502944946289,3.440708637237549,3.6472885608673096,2.699186325073242,2.549835205078125,2.4095287322998047,2.7288286685943604,0.1149851456284523,0.11338595300912857,0.17792640626430511,0.44146934151649475,0.9546717405319214,0.7744377255439758,0.4331405758857727,0.3763318657875061,0.3198559880256653,0.29258453845977783,0.21997509896755219,0.15923558175563812,0.07676586508750916,0.07475351542234421,0.0891072228550911,0.109210304915905,0.10055592656135559,0.17219316959381104,0.20936907827854156,0.24375799298286438,0.19903023540973663,0.22457768023014069,0.17288604378700256,0.1194356232881546,498.5810464479986,404.8841719837587,1402.3824230280036,0.012262543503480279,0.0008129429770633578,0.0,10.0,5.0,61.0,71.0,66.0,3,pranayama
P5,-12.635910034179688,-16.67135238647461,-30.791690826416016,-37.722835540771484,-43.17348098754883,-45.6046257019043,-46.460609436035156,-46.93606948852539,-47.5823860168457,-48.325191497802734,-49.07141876220703,-50.35597610473633,-50.239906311035156,-50.607906341552734,-52.62542724609375,-54.18073272705078,-54.69919967651367,-56.27027130126953,-57.77299880981445,-59.608604431152344,-60.313026428222656,-61.646324157714844,-62.55519485473633,-62.44356155395508,-61.44921112060547,-61.28596878051758,-62.1750373840332,-63.01729202270508,-64.29975128173828,-66.63499450683594,-68.47378540039062,-68.80715942382812,2.9621970653533936,2.4290342330932617,2.3828537464141846,3.216534376144409,3.5052242279052734,3.6921000480651855,3.677074432373047,4.722269535064697,5.623006820678711,6.479654788970947,6.986433982849121,7.184194087982178,8.04125690460205,8.558088302612305,8.492112159729004,7.882267951965332,7.614292144775391,7.631208419799805,7.959439277648926,8.060903549194336,8.545859336853027,8.730369567871094,9.252195358276367,9.701895713806152,9.886842727661133,10.027376174926758,9.719294548034668,8.760586738586426,7.376757621765137,5.990468502044678,5.05455207824707,5.6435394287109375,-296.0015869140625,64.14676666259766,17.759841918945312,17.73672866821289,14.00361442565918,17.65329360961914,7.23377799987793,10.400392532348633,5.731961727142334,4.700219631195068,33.7647590637207,13.594941139221191,11.44410228729248,3.8961589336395264,5.72092866897583,4.74007511138916,3.2951292991638184,2.727057456970215,2.8134891986846924,3.4793331623077393,0.1334136426448822,0.13564807176589966,0.2039569616317749,0.4665830433368683,0.9639887809753418,0.78075110912323,0.43225225806236267,0.3906428813934326,0.35554808378219604,0.3412645161151886,0.2538934051990509,0.183048278093338,0.09599114209413528,0.10078754276037216,0.1136498749256134,0.11540166288614273,0.08770152181386948,0.1600240021944046,0.19676053524017334,0.2515099048614502,0.2225530743598938,0.24774253368377686,0.1855127066373825,0.1305670142173767,850.3511363567468,1733.223007449971,1730.5653519274192,0.01926161905452436,0.0009353159694001079,10.0,20.0,15.0,71.0,81.0,76.0,3,pranayama
P5,-6.140079021453857,-10.079588890075684,-24.29718589782715,-31.732603073120117,-37.86208724975586,-40.489341735839844,-41.999942779541016,-43.224639892578125,-44.84889602661133,-46.588863372802734,-48.04618453979492,-49.64297103881836,-50.619842529296875,-52.258182525634766,-53.82235336303711,-54.09030532836914,-54.36048126220703,-55.553382873535156,-57.63570022583008,-59.6317024230957,-61.45416259765625,-62.341583251953125,-62.82694625854492,-63.12796401977539,-62.7515983581543,-63.184410095214844,-63.60311508178711,-63.050811767578125,-62.93211364746094,-63.90840148925781,-65.31074523925781,-65.81239318847656,2.4957435131073,2.436917781829834,2.5469532012939453,2.8328819274902344,2.466743230819702,2.3403966426849365,2.4249117374420166,2.5957043170928955,2.7433416843414307,2.7313437461853027,2.5571415424346924,2.691605806350708,2.9699156284332275,2.9617884159088135,3.329572916030884,3.068946361541748,2.9690799713134766,3.129244804382324,3.091785430908203,3.0505125522613525,2.9883944988250732,2.9452760219573975,2.7262766361236572,2.4421865940093994,2.453273296356201,2.4210314750671387,2.3443329334259033,2.2471084594726562,2.4034438133239746,2.0881259441375732,1.4547380208969116,1.64603590965271,-286.9490051269531,73.76773834228516,27.718385696411133,18.183698654174805,17.048980712890625,13.594364166259766,8.041666984558105,10.597920417785645,6.4771199226379395,4.277656555175781,8.836050987243652,4.075041770935059,4.770047187805176,3.108228921890259,2.733018398284912,2.942474126815796,2.2144768238067627,2.0792858600616455,2.4162333011627197,2.400972604751587,0.12066715210676193,0.11513710767030716,0.17502425611019135,0.41348621249198914,0.952189028263092,0.7985782623291016,0.4520702362060547,0.40848225355148315,0.3579683303833008,0.33361491560935974,0.24787375330924988,0.17723912000656128,0.07758262008428574,0.06955898553133011,0.08110694587230682,0.10378873348236084,0.10232629626989365,0.16766832768917084,0.20009659230709076,0.25774484872817993,0.2162637710571289,0.23548981547355652,0.17688827216625214,0.13158993422985077,495.60700417330133,366.88881008918213,1414.2603799550932,0.012314657047563805,0.0007870951085351408,20.0,30.0,25.0,81.0,91.0,86.0,3,pranayama
P5,-25.422277450561523,-30.01260757446289,-44.2229118347168,-51.544857025146484,-56.96436309814453,-59.4763298034668,-61.07973861694336,-61.972503662109375,-63.68339920043945,-65.37147521972656,-66.5713882446289,-68.08648681640625,-69.11685180664062,-70.51567840576172,-72.41828918457031,-72.11459350585938,-72.57914733886719,-73.69046020507812,-75.09315490722656,-76.09557342529297,-76.87517547607422,-77.17717742919922,-77.20845794677734,-77.1697006225586,-77.10348510742188,-77.27072143554688,-77.55856323242188,-77.83940124511719,-78.19979095458984,-78.71812438964844,-79.00897216796875,-79.18896484375,4.156955242156982,2.4358932971954346,2.5935676097869873,3.3231375217437744,3.8586504459381104,4.343019485473633,4.239064693450928,4.772469520568848,5.1247711181640625,5.257060527801514,5.181277751922607,5.566321849822998,5.827002048492432,6.270915508270264,6.686771869659424,6.67227029800415,6.8062310218811035,7.152624130249023,7.349302768707275,7.052894115447998,6.582800388336182,6.351014614105225,6.21457576751709,6.0132317543029785,6.119980812072754,5.906737327575684,5.610723495483398,5.352427005767822,4.875068187713623,4.072005271911621,3.4256784915924072,2.835798978805542,-383.4906005859375,62.07841873168945,29.584627151489258,18.922208786010742,14.805582046508789,13.624491691589355,9.347417831420898,9.31525993347168,7.156857013702393,4.253292560577393,26.126789093017578,6.646504878997803,9.768345832824707,3.791172742843628,3.642465829849243,3.216107130050659,2.6018829345703125,2.5691778659820557,2.174056053161621,2.3667855262756348,0.1586979180574417,0.15447722375392914,0.21044839918613434,0.43167850375175476,0.9439345598220825,0.7947980165481567,0.4702874422073364,0.4142175316810608,0.367888480424881,0.35062867403030396,0.27383071184158325,0.20998096466064453,0.1659880429506302,0.17198620736598969,0.16507789492607117,0.1461590677499771,0.11882372945547104,0.17048649489879608,0.21111485362052917,0.25698933005332947,0.22647158801555634,0.2615101635456085,0.2081989049911499,0.1741914302110672,560.0682187046574,617.3184636020882,1490.015486412342,0.012178708671693735,0.0012380520347505808,30.0,40.0,35.0,91.0,101.0,96.0,3,pranayama
P5,-43.393306732177734,-49.74642562866211,-58.429725646972656,-62.04637145996094,-64.73228454589844,-65.76800537109375,-68.05976104736328,-69.28887176513672,-70.3569564819336,-72.09062194824219,-73.30057525634766,-74.12117004394531,-74.33241271972656,-74.7199935913086,-75.05118560791016,-75.8038330078125,-75.97453308105469,-76.02742004394531,-76.46276092529297,-77.07526397705078,-77.5688247680664,-78.5752944946289,-79.03934478759766,-79.28570556640625,-79.45111083984375,-79.53472137451172,-79.33428192138672,-79.14485168457031,-78.9605712890625,-79.07567596435547,-79.4896469116211,-79.6639175415039,9.54662799835205,5.1288580894470215,8.317167282104492,10.62393569946289,11.140501022338867,10.962995529174805,9.893143653869629,8.934146881103516,7.893990993499756,7.4481916427612305,6.817235946655273,6.571719646453857,6.435885429382324,6.327436923980713,5.9361395835876465,5.449291229248047,5.5843024253845215,5.929490566253662,5.765642166137695,5.168182849884033,4.790913105010986,3.485886812210083,2.6849851608276367,2.164754867553711,1.8759769201278687,1.7904818058013916,2.4131789207458496,3.1209235191345215,3.606206178665161,3.6713709831237793,2.8338024616241455,2.2325172424316406,-411.1658630371094,39.708221435546875,19.71282196044922,13.345860481262207,10.905618667602539,6.45322322845459,5.288152694702148,5.867166042327881,4.043960094451904,4.190690994262695,22.32474136352539,16.880159378051758,9.678497314453125,8.279939651489258,6.541258811950684,7.208975315093994,6.403482437133789,6.092005252838135,5.188601016998291,4.076251029968262,0.34619104862213135,0.3557281196117401,0.3914635479450226,0.5059706568717957,0.7312515377998352,0.6604484915733337,0.521446943283081,0.5044072866439819,0.4713788330554962,0.4482883810997009,0.39828675985336304,0.36891621351242065,0.2937467098236084,0.2967492640018463,0.2825354337692261,0.27594617009162903,0.33488544821739197,0.3071618378162384,0.29015231132507324,0.30100515484809875,0.28910496830940247,0.2866317629814148,0.27351438999176025,0.287801593542099,1112.4754199225847,2175.3281453922564,1825.7594279280752,0.03429750942575406,0.0105784572660923,40.0,50.0,45.0,101.0,111.0,106.0,3,pranayama
P5,-21.182268142700195,-23.069284439086914,-32.247413635253906,-37.60762405395508,-42.55473327636719,-44.275875091552734,-46.497554779052734,-47.30756378173828,-48.85024642944336,-51.07052993774414,-52.3929443359375,-54.44369125366211,-54.99791717529297,-54.770408630371094,-55.13916015625,-56.55717849731445,-57.2170524597168,-58.85903549194336,-59.751590728759766,-61.01411437988281,-62.669410705566406,-65.3679428100586,-67.37683868408203,-67.33397674560547,-68.18942260742188,-70.10533142089844,-69.94404602050781,-68.622802734375,-68.32611846923828,-70.1379165649414,-72.57888793945312,-73.47616577148438,2.5588526725769043,4.951581954956055,9.764760971069336,11.050950050354004,11.42396354675293,12.871987342834473,12.06213665008545,12.308235168457031,12.304158210754395,10.666604995727539,9.725982666015625,9.258683204650879,10.132301330566406,11.258025169372559,11.574226379394531,10.903501510620117,10.176675796508789,9.614293098449707,9.662097930908203,11.008373260498047,10.439962387084961,8.383094787597656,7.996261119842529,8.92275619506836,7.823541164398193,6.530273914337158,6.985651969909668,7.9234700202941895,8.41653823852539,8.02954387664795,7.679460525512695,7.1377153396606445,-315.358154296875,70.75692749023438,15.278826713562012,15.925721168518066,13.384154319763184,7.649271488189697,3.997154474258423,7.594916343688965,2.739006757736206,4.830386161804199,44.27796173095703,16.295547485351562,13.676209449768066,9.111161231994629,8.33466625213623,8.379708290100098,7.279143810272217,6.8442840576171875,5.743293285369873,4.48301362991333,0.18554788827896118,0.19543422758579254,0.26380884647369385,0.42393094301223755,0.780559778213501,0.6535728573799133,0.403014212846756,0.35913145542144775,0.3245980143547058,0.3093768060207367,0.232303187251091,0.2031826227903366,0.19231301546096802,0.2041519284248352,0.24044492840766907,0.22993271052837372,0.3226054012775421,0.2917896509170532,0.22955551743507385,0.2593788802623749,0.24128955602645874,0.26528891921043396,0.20408116281032562,0.18421019613742828,1001.2095262079044,1871.5401138341067,1809.7489211432605,0.028859574390951277,0.00135933852288872,50.0,60.0,55.0,111.0,121.0,116.0,3,pranayama
P5,-7.0347490310668945,-10.58204174041748,-24.529468536376953,-31.64021873474121,-36.62864685058594,-39.05889892578125,-40.70432662963867,-41.93000411987305,-43.82876968383789,-45.26887130737305,-46.149085998535156,-47.17644119262695,-47.43391418457031,-48.59512710571289,-50.55120849609375,-50.01438522338867,-50.96640396118164,-52.196319580078125,-52.656219482421875,-55.87287521362305,-58.09090042114258,-58.629913330078125,-60.52294921875,-61.29105758666992,-60.92195510864258,-61.37259292602539,-61.918113708496094,-61.298336029052734,-61.40614700317383,-62.60724639892578,-63.978729248046875,-64.48786163330078,2.4761316776275635,2.4856996536254883,2.5488717555999756,2.896523952484131,3.3671786785125732,3.564131736755371,3.764054536819458,3.861729383468628,4.21157693862915,4.339289665222168,4.241718292236328,4.213845729827881,4.682757377624512,4.916675567626953,5.410645961761475,4.825068473815918,4.942102909088135,5.167619705200195,5.248799800872803,5.400449275970459,5.028380870819092,4.4381818771362305,4.482248783111572,4.062442302703857,3.6905341148376465,3.271751880645752,3.3731446266174316,4.010952949523926,4.144817352294922,3.816331148147583,3.1491830348968506,3.1500749588012695,-275.6556396484375,70.94025421142578,21.104591369628906,18.240983963012695,17.79517364501953,12.336731910705566,7.207666873931885,10.016744613647461,5.263006210327148,4.545401096343994,18.533533096313477,5.4612345695495605,6.782848358154297,3.8187034130096436,3.2570266723632812,3.281622886657715,2.6056971549987793,2.425539970397949,2.6115379333496094,2.574894428253174,0.12171518802642822,0.11270898580551147,0.178047776222229,0.44682592153549194,0.9616299867630005,0.7534109354019165,0.4171368479728699,0.37440961599349976,0.3336038291454315,0.318141371011734,0.2387690246105194,0.17245003581047058,0.08540976047515869,0.07535675168037415,0.08400426059961319,0.10065782815217972,0.10320530831813812,0.17222341895103455,0.1969165951013565,0.24071015417575836,0.2020748257637024,0.22857876121997833,0.1761799305677414,0.1280466467142105,630.8095026917881,724.0352196925754,1567.7840941767881,0.01398455626450116,0.0007687517791055143,60.0,70.0,65.0,121.0,131.0,126.0,3,pranayama
P5,-6.432005405426025,-10.190032958984375,-24.619197845458984,-32.19987106323242,-38.058528900146484,-40.751007080078125,-42.48952102661133,-43.492042541503906,-45.442230224609375,-46.9195556640625,-48.20087814331055,-49.85868453979492,-51.046329498291016,-51.9749755859375,-54.137088775634766,-54.0638427734375,-54.810062408447266,-56.25334548950195,-58.110565185546875,-60.3591194152832,-61.75371551513672,-62.27781677246094,-62.45843505859375,-62.387001037597656,-61.9150505065918,-62.28124237060547,-63.293617248535156,-63.695919036865234,-64.23943328857422,-65.09200286865234,-65.868408203125,-66.37777709960938,2.4501571655273438,2.3501062393188477,2.3075621128082275,2.9550271034240723,2.4484646320343018,2.260854721069336,2.202355146408081,2.4189462661743164,2.6523499488830566,2.5281126499176025,2.5890254974365234,2.5351510047912598,2.7610740661621094,2.9390101432800293,3.5053229331970215,3.374447822570801,3.2281734943389893,3.1275992393493652,3.556074380874634,3.1848089694976807,2.8575520515441895,3.3037545680999756,3.433987617492676,3.4513497352600098,3.3533074855804443,3.0661332607269287,2.754021167755127,2.1450982093811035,1.7793453931808472,1.3997077941894531,1.3316820859909058,1.4489728212356567,-288.33148193359375,73.59215545654297,27.28582763671875,19.152212142944336,15.809236526489258,14.95202922821045,7.967917442321777,9.636452674865723,7.385402679443359,3.689966917037964,8.977555274963379,4.9006428718566895,5.304086208343506,3.2085165977478027,3.525790214538574,2.7439868450164795,2.4401161670684814,2.2734858989715576,2.1924400329589844,2.1844372749328613,0.11733119934797287,0.11023339629173279,0.16910940408706665,0.3974519670009613,0.9569646120071411,0.7900035381317139,0.4280155599117279,0.3722474277019501,0.3485478460788727,0.35055121779441833,0.2622053325176239,0.18532343208789825,0.07552646845579147,0.0671154111623764,0.07766178995370865,0.10152073949575424,0.09784974902868271,0.16615919768810272,0.17945195734500885,0.23086440563201904,0.20895633101463318,0.24756133556365967,0.18710391223430634,0.1340707391500473,495.81335965672514,368.662426587877,1399.8654165685148,0.01220816415313225,0.000803170376457274,70.0,80.0,75.0,131.0,141.0,136.0,3,pranayama
P5,-7.479442119598389,-11.149656295776367,-25.348970413208008,-32.630638122558594,-38.00365447998047,-40.867671966552734,-42.633174896240234,-43.721073150634766,-45.743412017822266,-47.56320571899414,-48.83928680419922,-50.53505325317383,-51.44122314453125,-52.5921630859375,-53.94826889038086,-53.938106536865234,-55.04856491088867,-56.240474700927734,-57.54587936401367,-60.28868103027344,-62.43445587158203,-63.25349044799805,-63.59791946411133,-63.92976760864258,-63.2213249206543,-63.728511810302734,-64.5709457397461,-64.32879638671875,-64.22199249267578,-65.11326599121094,-66.19474792480469,-66.62150573730469,2.4902708530426025,2.565854072570801,2.4586031436920166,2.8995468616485596,2.4386727809906006,2.3440024852752686,2.4139492511749268,2.7199959754943848,2.668294668197632,2.855743885040283,2.806769371032715,2.645742654800415,3.099454641342163,3.479353189468384,3.8739795684814453,3.9141058921813965,3.475815534591675,3.416970729827881,4.603531360626221,3.7664783000946045,2.934786558151245,3.2696261405944824,2.9180848598480225,2.741082191467285,2.7061173915863037,2.5027267932891846,2.301234006881714,2.3931076526641846,2.4903059005737305,2.1998562812805176,1.7462939023971558,1.9440568685531616,-291.11151123046875,74.0492172241211,26.636577606201172,18.193546295166016,17.134136199951172,13.205012321472168,7.15734338760376,9.859055519104004,6.836117744445801,3.94270920753479,10.250006675720215,4.607033729553223,5.793904781341553,2.740241050720215,3.305537223815918,2.8757851123809814,2.3356146812438965,2.3068604469299316,2.2518038749694824,2.4846394062042236,0.11098184436559677,0.11000203341245651,0.1780688315629959,0.4448477625846863,0.9696388840675354,0.7637739777565002,0.4144679307937622,0.36855223774909973,0.32138848304748535,0.2947201132774353,0.22057779133319855,0.1587233692407608,0.06970912963151932,0.06606245040893555,0.08116970211267471,0.09991764277219772,0.0872887447476387,0.16463865339756012,0.1951521635055542,0.2358551174402237,0.19355536997318268,0.20828258991241455,0.1581094115972519,0.11307155340909958,516.065741897666,418.4236106075986,1435.9293548204394,0.012437010585846868,0.000765155185945332,80.0,90.0,85.0,141.0,151.0,146.0,3,pranayama
P5,-7.520345687866211,-13.576130867004395,-27.676395416259766,-35.265254974365234,-40.5672492980957,-43.45045852661133,-45.0069694519043,-46.57720947265625,-48.753028869628906,-50.186038970947266,-51.37227249145508,-53.20438003540039,-54.32742691040039,-55.280818939208984,-57.34974670410156,-57.796634674072266,-57.61444091796875,-59.2779541015625,-61.37663269042969,-62.89609909057617,-65.29264068603516,-66.4703598022461,-66.16426086425781,-66.34265899658203,-65.69062805175781,-65.7944107055664,-66.5576400756836,-66.5181655883789,-66.639892578125,-67.68582153320312,-68.6897964477539,-69.34215545654297,2.7739295959472656,2.690985918045044,2.365734577178955,2.688584566116333,2.515812635421753,2.1956708431243896,2.2725186347961426,2.5375146865844727,2.463688850402832,2.442025661468506,2.5156092643737793,2.324126720428467,2.4570860862731934,2.2608306407928467,2.2531538009643555,2.180100917816162,2.5675950050354004,2.781514883041382,3.1281447410583496,2.437302589416504,2.388389825820923,2.249662399291992,1.917878270149231,1.860939383506775,2.1371915340423584,1.9516183137893677,1.6699862480163574,1.745795726776123,1.763841986656189,1.4907492399215698,1.201490044593811,1.3336888551712036,-305.8703308105469,74.4140396118164,28.671918869018555,18.828323364257812,16.991437911987305,14.4951171875,7.64565372467041,10.622563362121582,7.11399507522583,4.206358432769775,5.833040237426758,3.6979658603668213,3.121541738510132,3.0896105766296387,2.6571457386016846,2.597273349761963,2.6033544540405273,2.187138795852661,2.2890374660491943,2.5533957481384277,0.23993445932865143,0.2526322305202484,0.34477895498275757,0.5587220191955566,0.9560291171073914,0.7953299880027771,0.4822922646999359,0.4087914228439331,0.35084396600723267,0.32639503479003906,0.27845072746276855,0.2559525966644287,0.1782499998807907,0.16949106752872467,0.19062256813049316,0.17608794569969177,0.09293191879987717,0.16944994032382965,0.1941014677286148,0.23530980944633484,0.201260507106781,0.213026762008667,0.17663009464740753,0.1725926697254181,413.40373589228767,276.3594271135441,1284.9101403280183,0.010087369489559165,0.0010036275489255786,90.0,100.0,95.0,151.0,161.0,156.0,3,pranayama
P5,-6.336608409881592,-12.910914421081543,-27.052417755126953,-34.418880462646484,-39.989131927490234,-42.76850128173828,-43.71580123901367,-44.76099395751953,-45.93877029418945,-47.571346282958984,-48.55531692504883,-49.930076599121094,-50.26152420043945,-50.887149810791016,-52.942909240722656,-53.938194274902344,-54.821468353271484,-56.11894226074219,-58.47565460205078,-60.12830352783203,-62.215763092041016,-63.27960205078125,-63.19904327392578,-62.625526428222656,-61.99175262451172,-62.332794189453125,-63.3475456237793,-63.63083267211914,-64.6534423828125,-66.18740844726562,-67.671630859375,-68.03816223144531,2.529526948928833,2.737635374069214,2.4832050800323486,2.775981903076172,2.619194984436035,2.887147903442383,3.157183885574341,3.3313233852386475,3.750190258026123,3.9360058307647705,3.989684581756592,4.1378021240234375,5.4420037269592285,5.854969501495361,5.523432731628418,5.224896430969238,4.875707149505615,4.918493270874023,4.921411037445068,5.048110008239746,4.529160976409912,4.749658107757568,4.969696521759033,5.159494876861572,4.95993709564209,5.11436128616333,5.024828910827637,4.376103401184082,3.542377233505249,2.6613001823425293,1.9755170345306396,2.2593233585357666,-291.8046569824219,71.9958724975586,23.523223876953125,18.372068405151367,15.978983879089355,17.296281814575195,7.457582473754883,10.515499114990234,7.532583236694336,4.716059684753418,17.069669723510742,8.04043960571289,8.77405834197998,4.110479831695557,3.907405138015747,3.5452892780303955,2.539342164993286,2.394122362136841,2.1987900733947754,2.5144126415252686,0.2935795187950134,0.29387548565864563,0.3692859411239624,0.5639039278030396,0.9457805752754211,0.8031491637229919,0.5024952292442322,0.4333094656467438,0.3977431356906891,0.38994690775871277,0.3330358862876892,0.31050920486450195,0.20147767663002014,0.1736483871936798,0.17832301557064056,0.17657680809497833,0.11807136237621307,0.17372334003448486,0.1910482943058014,0.2317386120557785,0.21658062934875488,0.25194934010505676,0.21483872830867767,0.2070963978767395,488.15617351765405,466.18635350203016,1367.7628519045784,0.010650422346287703,0.0010378219885751605,100.0,110.0,105.0,161.0,171.0,166.0,3,pranayama
P5,-6.176426887512207,-12.41303539276123,-26.627941131591797,-34.36978530883789,-40.03501892089844,-43.279483795166016,-44.87981414794922,-45.864986419677734,-48.07188034057617,-49.714332580566406,-50.74334716796875,-52.70790100097656,-53.251834869384766,-54.769996643066406,-57.23760223388672,-57.580047607421875,-58.22728729248047,-59.48624038696289,-61.54390335083008,-64.1556167602539,-65.60811614990234,-66.67205047607422,-66.90018463134766,-66.83970642089844,-66.05438232421875,-66.23155975341797,-66.80810546875,-66.33819580078125,-66.19764709472656,-66.88054656982422,-68.13408660888672,-68.84310150146484,2.4515838623046875,2.5516419410705566,2.367483615875244,3.024657964706421,2.320866584777832,2.277801513671875,2.397495746612549,2.588606834411621,2.5056512355804443,2.4595494270324707,2.6168930530548096,2.5178894996643066,2.9062399864196777,3.1309397220611572,2.6837756633758545,2.4553258419036865,2.3307669162750244,2.329542875289917,2.3859431743621826,2.273127794265747,2.259418249130249,2.2650561332702637,2.0897927284240723,2.02053165435791,1.9667184352874756,1.8235678672790527,1.6936737298965454,1.5204830169677734,1.6976243257522583,1.6028413772583008,1.2167435884475708,1.414516806602478,-304.5233459472656,76.25444793701172,30.31549072265625,17.481882095336914,17.941835403442383,15.223870277404785,8.332756996154785,10.689334869384766,6.955187797546387,4.534773349761963,6.383330821990967,3.389396905899048,3.603071928024292,3.12021541595459,2.718167781829834,2.6269328594207764,2.158328056335449,2.161895275115967,2.2653822898864746,2.2633683681488037,0.30766981840133667,0.2932317554950714,0.346498042345047,0.5422027111053467,0.9513047933578491,0.7911013960838318,0.46682122349739075,0.40226712822914124,0.3835688531398773,0.38465869426727295,0.34366342425346375,0.3276730477809906,0.22562558948993683,0.18826055526733398,0.1691497266292572,0.1517375260591507,0.10175344347953796,0.16444985568523407,0.17911885678768158,0.2228529453277588,0.22052761912345886,0.24506840109825134,0.21845142543315887,0.22152850031852722,378.3883759882154,248.98078369707076,1227.062055337717,0.009665929524361948,0.0010477413889020681,110.0,120.0,115.0,171.0,181.0,176.0,3,pranayama
P5,-8.675780296325684,-15.239611625671387,-29.473299026489258,-37.070003509521484,-42.89445877075195,-45.8180046081543,-47.46086120605469,-48.84444046020508,-50.8740119934082,-52.91151428222656,-54.12159729003906,-55.649742126464844,-56.06613540649414,-57.93873977661133,-60.88872146606445,-60.4966926574707,-60.8463134765625,-61.98685073852539,-64.082275390625,-67.53166198730469,-68.67617797851562,-69.74668884277344,-70.0230712890625,-69.65457153320312,-68.87605285644531,-68.90919494628906,-69.4007797241211,-69.30159759521484,-69.32901000976562,-69.99832916259766,-71.12693786621094,-71.88984680175781,2.6686692237854004,2.6268277168273926,2.3775973320007324,2.9472827911376953,2.3555407524108887,2.235093832015991,2.4126217365264893,2.683598279953003,2.5358896255493164,2.614863395690918,2.4681243896484375,2.2232160568237305,2.8573150634765625,2.7621123790740967,2.315423011779785,2.5070526599884033,2.347417116165161,2.6168437004089355,2.8181633949279785,1.9493324756622314,1.926371693611145,1.8856661319732666,1.9157198667526245,1.7245726585388184,1.7348238229751587,1.7841423749923706,1.6375082731246948,1.499587893486023,1.5504506826400757,1.417373538017273,1.1183587312698364,1.1489908695220947,-320.9916687011719,76.55377960205078,30.663219451904297,17.96112060546875,17.921546936035156,15.148004531860352,7.772582054138184,10.961577415466309,7.239818096160889,4.120275974273682,6.2603440284729,2.8699703216552734,3.7067532539367676,2.60922908782959,2.9091286659240723,2.4130184650421143,2.1605992317199707,2.1521716117858887,2.148484945297241,2.133754253387451,0.3114908039569855,0.30669569969177246,0.37547677755355835,0.5761383771896362,0.9495514035224915,0.7798781394958496,0.46490156650543213,0.4088837504386902,0.38943353295326233,0.3860374987125397,0.3400370180606842,0.3232116401195526,0.21971148252487183,0.18399129807949066,0.18208417296409607,0.16808058321475983,0.10434093326330185,0.17329484224319458,0.18539367616176605,0.22952844202518463,0.22367487847805023,0.23787063360214233,0.2083350419998169,0.21132950484752655,361.5076137556545,239.78795452073666,1192.604698738713,0.009345317937935034,0.0010895418236032128,120.0,130.0,125.0,181.0,191.0,186.0,3,pranayama
P5,-6.271115779876709,-13.018771171569824,-26.77259063720703,-34.18400573730469,-39.792659759521484,-42.87943649291992,-45.17755889892578,-45.8859748840332,-47.78561019897461,-49.68190002441406,-51.150428771972656,-53.20175552368164,-53.83604049682617,-54.98600769042969,-56.614959716796875,-56.47897720336914,-57.10403823852539,-58.88644790649414,-61.03607177734375,-64.0921401977539,-65.23464965820312,-66.12528991699219,-66.96288299560547,-67.22501373291016,-66.81167602539062,-67.18356323242188,-67.48388671875,-66.4715805053711,-66.0495834350586,-66.75416564941406,-68.1851806640625,-68.97694396972656,2.5912327766418457,2.7806665897369385,2.339871883392334,3.1087727546691895,3.236804723739624,3.1689748764038086,2.599031686782837,2.993579864501953,3.5163967609405518,3.498997211456299,3.3057479858398438,2.9162659645080566,3.807543992996216,4.24082088470459,4.493465423583984,4.463070869445801,3.9908437728881836,3.812253713607788,4.104235649108887,3.2946226596832275,2.843352794647217,3.1109206676483154,2.638746738433838,2.4040932655334473,2.095655918121338,1.6624871492385864,1.4746592044830322,2.0931897163391113,2.5354511737823486,2.312403917312622,1.630615472793579,1.6202377080917358,-304.462646484375,76.4672622680664,29.23469352722168,17.71576690673828,19.078289031982422,13.794404983520508,7.677341461181641,10.687472343444824,7.177812099456787,5.121627330780029,11.858609199523926,3.7402539253234863,6.167342662811279,3.022825241088867,3.0204477310180664,2.7611641883850098,2.408740758895874,2.304617404937744,2.325294017791748,2.298307418823242,0.34254565834999084,0.3306264877319336,0.39352574944496155,0.5879815220832825,0.9456620216369629,0.7796158790588379,0.46638888120651245,0.4208686053752899,0.4181978702545166,0.426347553730011,0.3818727135658264,0.36237064003944397,0.23437273502349854,0.20085185766220093,0.20089709758758545,0.1761665642261505,0.11531145870685577,0.1759747564792633,0.1778993010520935,0.22348132729530334,0.22380518913269043,0.25796985626220703,0.23305003345012665,0.23206143081188202,383.6150037876319,267.4164030778712,1231.31531947161,0.009438215994779583,0.0011067716404795647,130.0,140.0,135.0,191.0,201.0,196.0,3,pranayama
P5,-7.269409656524658,-13.821162223815918,-28.125455856323242,-35.72805404663086,-41.44191360473633,-44.220211029052734,-46.22260284423828,-48.0179557800293,-49.75186538696289,-51.23352813720703,-52.59747314453125,-54.240867614746094,-55.29535675048828,-56.44049835205078,-58.87051773071289,-59.1345329284668,-59.69422912597656,-61.301116943359375,-63.806148529052734,-65.35065460205078,-67.32329559326172,-68.38542175292969,-68.27468872070312,-67.90758514404297,-65.67929077148438,-65.72618103027344,-66.70199584960938,-66.39093017578125,-66.96932983398438,-67.5304946899414,-68.83902740478516,-69.32867431640625,2.742421865463257,2.8256828784942627,2.327540874481201,2.8968636989593506,2.48675537109375,2.3394017219543457,2.561276435852051,2.771275043487549,2.623378038406372,2.4457767009735107,2.487959384918213,2.56681489944458,2.779852867126465,2.872363805770874,2.7858474254608154,2.5390024185180664,2.6284825801849365,2.652515172958374,2.6569936275482178,2.6256141662597656,2.271115303039551,2.0975475311279297,1.959365725517273,1.8608880043029785,2.5225701332092285,2.6062965393066406,2.0031650066375732,2.064387559890747,1.9644060134887695,1.8201184272766113,1.5531145334243774,1.8067378997802734,-311.4134216308594,74.06250762939453,32.38037109375,17.617382049560547,17.277978897094727,16.394956588745117,7.260688781738281,10.753968238830566,7.2886176109313965,3.936333179473877,7.643077373504639,4.214004039764404,3.443967342376709,2.761686086654663,2.798491954803467,2.9920003414154053,2.413282632827759,2.19875431060791,2.3238158226013184,2.144582509994507,0.3216812014579773,0.32046496868133545,0.3871794044971466,0.5689523816108704,0.9494974613189697,0.8020542860031128,0.46288207173347473,0.39358043670654297,0.38967907428741455,0.40069782733917236,0.3556731045246124,0.3368470072746277,0.21863627433776855,0.19613519310951233,0.20083299279212952,0.1838781237602234,0.10690025240182877,0.16524633765220642,0.17621484398841858,0.22210565209388733,0.2274426370859146,0.2604850232601166,0.224689781665802,0.21431294083595276,389.3085605011439,251.82856230060904,1263.5012363450744,0.009584360498839907,0.0010916937608271837,140.0,150.0,145.0,201.0,211.0,206.0,3,pranayama
P5,-6.995245933532715,-13.735363006591797,-28.350296020507812,-36.01945877075195,-41.5863037109375,-44.526973724365234,-46.4561882019043,-48.19026565551758,-50.21372985839844,-51.899444580078125,-53.42803955078125,-55.04454040527344,-56.3479118347168,-58.06667709350586,-59.96110916137695,-59.87397766113281,-60.439796447753906,-62.06806945800781,-64.58467864990234,-66.33441162109375,-67.75826263427734,-68.6882095336914,-68.70205688476562,-68.52445220947266,-67.56095123291016,-67.88740539550781,-68.33065032958984,-67.92329406738281,-68.07867431640625,-68.6189193725586,-69.36284637451172,-69.96649169921875,2.640531539916992,2.702636957168579,2.5002264976501465,2.800447463989258,2.560145378112793,2.1829771995544434,2.1932244300842285,2.5358076095581055,2.4481098651885986,2.621091842651367,2.3185665607452393,2.388627052307129,2.8110172748565674,2.937288999557495,3.213217258453369,3.049647808074951,2.7678234577178955,2.697472095489502,2.790332078933716,2.8408005237579346,2.5420305728912354,2.4885385036468506,2.4138388633728027,2.4055278301239014,2.7792036533355713,2.5766091346740723,2.1825053691864014,2.0121402740478516,1.897539734840393,1.664494514465332,1.378763198852539,1.8381823301315308,-315.6391296386719,75.95796203613281,33.08006286621094,18.334606170654297,17.725101470947266,15.000507354736328,8.324382781982422,10.51055908203125,7.701259136199951,4.47144079208374,8.095643997192383,4.214558124542236,4.23350191116333,2.6719069480895996,2.7057011127471924,2.5312047004699707,2.239532232284546,2.1996424198150635,2.109605312347412,2.3901565074920654,0.329822301864624,0.33150073885917664,0.41049420833587646,0.6080950498580933,0.952363133430481,0.781485915184021,0.45572978258132935,0.3936432898044586,0.3751450777053833,0.3743465840816498,0.33928927779197693,0.3323315680027008,0.2390444129705429,0.20767799019813538,0.21078845858573914,0.18648579716682434,0.10473611950874329,0.16156069934368134,0.1815086305141449,0.2318192422389984,0.2303171008825302,0.25064370036125183,0.22428138554096222,0.22721828520298004,353.00678293942894,227.92221033932714,1188.5162019010193,0.009213901174593968,0.0011255257995799184,150.0,160.0,155.0,211.0,221.0,216.0,3,pranayama
P5,-7.5335469245910645,-14.303030967712402,-28.391672134399414,-36.14154052734375,-41.796085357666016,-44.75791549682617,-46.44554901123047,-47.73529052734375,-49.04417037963867,-50.77141189575195,-51.626007080078125,-53.01606750488281,-52.70824432373047,-52.83234786987305,-55.05353546142578,-55.63722229003906,-56.87129211425781,-58.73551559448242,-61.79825210571289,-62.88679885864258,-65.43170166015625,-67.13807678222656,-67.39697265625,-67.22450256347656,-66.97737121582031,-67.8242416381836,-68.2544937133789,-67.62128448486328,-67.39418029785156,-68.24822235107422,-69.61487579345703,-70.00106811523438,2.574073314666748,2.856574773788452,2.3164548873901367,2.7910447120666504,2.7222471237182617,2.4837865829467773,2.891258955001831,2.937530755996704,3.237050771713257,3.0155415534973145,3.473255157470703,3.5898759365081787,4.938155174255371,6.072549343109131,5.693288803100586,5.240153789520264,4.590462684631348,4.099002361297607,3.8152999877929688,4.711949825286865,3.727741241455078,3.2721498012542725,3.2972800731658936,3.5169835090637207,2.7535507678985596,2.316155195236206,1.9323387145996094,1.9861252307891846,2.1554152965545654,1.8830978870391846,1.326915979385376,1.670859694480896,-307.8057861328125,75.43154907226562,24.575782775878906,17.387189865112305,20.531513214111328,15.91579818725586,7.835810661315918,9.632000923156738,7.232955455780029,5.586302280426025,13.090147972106934,3.6211907863616943,8.92971134185791,2.667308807373047,3.4281880855560303,2.7881059646606445,2.366014242172241,2.702939748764038,2.417727470397949,2.4954874515533447,0.3433195650577545,0.3379523456096649,0.4074545204639435,0.6071816086769104,0.9438943266868591,0.7602957487106323,0.43906792998313904,0.3857329785823822,0.38717612624168396,0.4026448130607605,0.362481951713562,0.3517507016658783,0.22658073902130127,0.194623202085495,0.19808873534202576,0.1780153512954712,0.12143533676862717,0.17893575131893158,0.1882365196943283,0.226124107837677,0.2303900122642517,0.25371646881103516,0.2198622077703476,0.21866710484027863,399.03233339439817,299.1666364559165,1243.784507569238,0.009605885658352669,0.001128694275394082,160.0,170.0,165.0,221.0,231.0,226.0,3,pranayama
P5,-5.945694446563721,-12.627199172973633,-27.360145568847656,-34.840003967285156,-40.381080627441406,-43.221038818359375,-44.84886169433594,-46.309471130371094,-47.90891647338867,-49.412200927734375,-50.54165267944336,-52.36375427246094,-53.00343322753906,-54.661888122558594,-56.96339416503906,-57.32901382446289,-57.85737991333008,-58.869388580322266,-60.454410552978516,-63.27381896972656,-65.03704833984375,-65.72029113769531,-65.8978271484375,-65.43218994140625,-63.826820373535156,-64.84615325927734,-65.62908172607422,-64.75592041015625,-64.50584411621094,-65.54165649414062,-67.44063568115234,-68.40509796142578,2.7590279579162598,2.8042984008789062,2.4034178256988525,2.7440686225891113,2.470337152481079,2.45019268989563,2.2531001567840576,2.6673130989074707,2.547469139099121,2.7699694633483887,2.748840808868408,2.89316463470459,3.066453456878662,3.11745285987854,2.9812819957733154,2.618107318878174,2.8075170516967773,3.029226779937744,3.144749402999878,3.2813334465026855,3.1902332305908203,3.153327226638794,3.1025032997131348,3.1164710521698,3.1789345741271973,3.0806405544281006,2.8241541385650635,2.405026435852051,2.3024439811706543,2.261716842651367,1.611293077468872,1.7125245332717896,-301.4416198730469,72.96317291259766,30.190385818481445,17.97122573852539,17.083345413208008,15.952377319335938,8.12491512298584,11.376062393188477,6.977571487426758,4.556398868560791,9.47779369354248,5.276115417480469,4.320029258728027,3.353158950805664,2.959235191345215,2.7983949184417725,2.36161732673645,2.2581167221069336,2.143444538116455,2.332155227661133,0.33861827850341797,0.33108824491500854,0.3948836922645569,0.5839558839797974,0.9466345310211182,0.7735074758529663,0.45638522505760193,0.4019054174423218,0.40330880880355835,0.41832464933395386,0.3707111179828644,0.3509771525859833,0.22668996453285217,0.19304943084716797,0.18788860738277435,0.17301955819129944,0.12100649625062943,0.17030517756938934,0.17889688909053802,0.2194434106349945,0.2240617424249649,0.2598899006843567,0.22512942552566528,0.22069591283798218,398.8089325231548,254.3515942212877,1277.4315246019955,0.009781485643851508,0.001131972181610763,170.0,180.0,175.0,231.0,241.0,236.0,3,pranayama
P5,-6.423527240753174,-13.156929016113281,-27.56398582458496,-34.80583572387695,-40.88404083251953,-43.97245407104492,-45.67915344238281,-47.16291427612305,-49.40277099609375,-50.85158920288086,-52.067771911621094,-53.57673263549805,-54.96290588378906,-56.98889923095703,-58.808834075927734,-58.4528694152832,-58.76688003540039,-59.9246711730957,-62.338897705078125,-64.9489974975586,-66.4935073852539,-67.53009796142578,-67.77610778808594,-68.07257843017578,-67.5321044921875,-67.85066986083984,-68.13623809814453,-67.3222885131836,-67.12435913085938,-67.85636901855469,-68.86721801757812,-69.5452651977539,2.619521141052246,2.7217957973480225,2.4678444862365723,2.695695161819458,2.6019864082336426,2.186279773712158,2.3712356090545654,2.7516367435455322,2.777373790740967,2.8886961936950684,2.8286917209625244,2.643332004547119,3.0352470874786377,3.4202682971954346,3.66158127784729,3.5769951343536377,3.7018234729766846,3.8824896812438965,4.2324676513671875,3.7581300735473633,3.018252372741699,3.0150868892669678,2.6880714893341064,2.2807817459106445,1.8771744966506958,1.5608755350112915,1.4883337020874023,2.0232858657836914,2.474334239959717,2.232748508453369,1.4194620847702026,1.6136460304260254,-310.21612548828125,76.5322265625,30.99365997314453,18.329788208007812,18.754432678222656,14.107412338256836,8.491435050964355,11.132854461669922,7.014096260070801,4.257339954376221,10.148687362670898,3.569056987762451,5.687350749969482,2.595438003540039,2.846423864364624,2.56836199760437,2.2670938968658447,2.281365156173706,2.1936845779418945,2.4233667850494385,0.335964173078537,0.32603001594543457,0.3842822015285492,0.5640355944633484,0.9441106915473938,0.8016651272773743,0.47624659538269043,0.4076714515686035,0.4009707570075989,0.4121074974536896,0.36550766229629517,0.3488174080848694,0.23186330497264862,0.1970556229352951,0.18858718872070312,0.17925570905208588,0.112700916826725,0.16853459179401398,0.17658567428588867,0.22669491171836853,0.22898074984550476,0.2532998025417328,0.21852542459964752,0.21937869489192963,359.66517621742474,238.1392405923724,1192.1948235550183,0.009264881815545243,0.0011288266396149993,180.0,190.0,185.0,241.0,251.0,246.0,3,pranayama
P5,-7.201611518859863,-14.595091819763184,-28.569772720336914,-36.20085525512695,-42.19580078125,-45.28223419189453,-47.119606018066406,-48.56350326538086,-51.10299301147461,-52.44792175292969,-53.59392166137695,-55.19786834716797,-56.692726135253906,-58.618675231933594,-60.25398635864258,-59.858360290527344,-60.256629943847656,-61.5743293762207,-63.943946838378906,-66.3314208984375,-67.70410919189453,-68.74459075927734,-69.0749282836914,-69.04906463623047,-68.21971130371094,-68.2602310180664,-68.72428894042969,-68.45874786376953,-68.42378997802734,-69.09870910644531,-70.03211975097656,-70.7258529663086,2.766953229904175,2.8123297691345215,2.414517641067505,2.913346529006958,2.661309242248535,2.574895143508911,2.534086227416992,2.531607151031494,2.6521785259246826,2.804489850997925,2.980388879776001,2.6949286460876465,2.7553396224975586,2.8334741592407227,2.9739980697631836,3.1268022060394287,2.927891254425049,2.8374505043029785,3.0411038398742676,2.5502920150756836,2.3607594966888428,2.1145646572113037,2.2055227756500244,2.1762731075286865,2.112774610519409,2.1766245365142822,2.0014452934265137,1.7017991542816162,1.7162688970565796,1.5386971235275269,1.234735369682312,1.3369545936584473,-317.5116882324219,75.79459381103516,31.893016815185547,19.0367374420166,18.39158821105957,14.705998420715332,8.229496955871582,11.113014221191406,7.3223557472229,4.114192485809326,7.477059364318848,3.866447925567627,4.5235819816589355,3.0449275970458984,3.3174660205841064,2.7288856506347656,2.394970178604126,2.2301859855651855,2.315680742263794,2.2009236812591553,0.4085666835308075,0.38318750262260437,0.43268921971321106,0.6099732518196106,0.925899088382721,0.7570686936378479,0.4614745080471039,0.4327723979949951,0.46452316641807556,0.49469470977783203,0.45153433084487915,0.4289202094078064,0.27439045906066895,0.2241886705160141,0.20437408983707428,0.1769661009311676,0.14476801455020905,0.18672111630439758,0.17055127024650574,0.20734903216362,0.23888346552848816,0.28350311517715454,0.2619001865386963,0.26816144585609436,351.1559993404884,234.06741679959396,1180.0493483611026,0.00890688442575406,0.0012015699176117778,190.0,200.0,195.0,251.0,261.0,256.0,3,pranayama
P5,-6.767740249633789,-13.49131965637207,-28.022655487060547,-35.467655181884766,-41.01805114746094,-43.52492904663086,-45.18848419189453,-46.52223205566406,-47.81336975097656,-48.553184509277344,-49.03041076660156,-50.075958251953125,-51.292930603027344,-52.651309967041016,-53.56772232055664,-52.536476135253906,-53.64674377441406,-55.48207473754883,-57.7891731262207,-59.68217849731445,-61.55537033081055,-61.966800689697266,-61.42002487182617,-60.302005767822266,-58.85199737548828,-58.726924896240234,-59.46460723876953,-60.36705017089844,-62.515953063964844,-65.28514099121094,-67.41108703613281,-67.82933807373047,2.617976188659668,2.62397837638855,2.506696939468384,3.1655421257019043,2.6485180854797363,2.4746897220611572,2.6507375240325928,2.9083709716796875,3.215984582901001,3.2621145248413086,3.308335304260254,3.2187442779541016,3.351341724395752,3.7539188861846924,3.8715100288391113,3.2380564212799072,3.2309730052948,3.4444901943206787,3.613288164138794,3.6571874618530273,3.550481081008911,3.828526735305786,4.199768543243408,4.61392068862915,4.739516258239746,4.976840496063232,4.839415550231934,4.2458672523498535,3.407773733139038,2.621236801147461,2.1828420162200928,2.3406929969787598,-289.528564453125,64.78266143798828,23.955936431884766,21.210758209228516,14.61575984954834,20.031457901000977,5.2884440422058105,11.934647560119629,7.728346824645996,3.7035305500030518,13.508963584899902,7.475950241088867,4.817160129547119,3.305392265319824,3.9151151180267334,3.8347198963165283,2.522968053817749,2.2375664710998535,2.3839569091796875,2.22540283203125,0.33016663789749146,0.3233954906463623,0.38433730602264404,0.5583107471466064,0.9463261365890503,0.8087779879570007,0.4932873845100403,0.4115811586380005,0.39102867245674133,0.3902156949043274,0.35136303305625916,0.33882108330726624,0.216526597738266,0.18675348162651062,0.17925697565078735,0.17636975646018982,0.11142569780349731,0.15948382019996643,0.17756387591362,0.2132282555103302,0.2129473090171814,0.24373559653759003,0.216227725148201,0.21170228719711304,546.1036450819216,486.89519966284803,1490.9058862729662,0.01090079393851508,0.0011653632391244173,200.0,210.0,205.0,261.0,271.0,266.0,3,pranayama
P5,-7.895287036895752,-14.481352806091309,-28.438425064086914,-35.55967712402344,-41.28216552734375,-43.802001953125,-44.633609771728516,-45.153377532958984,-46.43998336791992,-47.40919876098633,-48.4419059753418,-49.19786834716797,-49.057777404785156,-49.68598556518555,-51.46725845336914,-51.93437194824219,-53.184600830078125,-54.60199737548828,-56.849552154541016,-58.56143569946289,-60.63404083251953,-60.97774887084961,-60.34941482543945,-59.369667053222656,-58.24890899658203,-58.28718948364258,-59.0843505859375,-60.04563522338867,-62.06462860107422,-65.08255004882812,-67.47679138183594,-67.96782684326172,2.615630626678467,2.8902435302734375,2.737194061279297,3.094663619995117,2.83685302734375,2.7690718173980713,3.1971044540405273,3.507944107055664,3.5719988346099854,3.8374507427215576,3.580453395843506,3.8473775386810303,4.582722187042236,4.829193592071533,4.746178150177002,4.420517444610596,4.084000110626221,4.105502605438232,4.172735691070557,4.074326992034912,4.367467880249023,4.98057222366333,5.397433280944824,5.7920918464660645,6.075345516204834,6.608344078063965,6.537993907928467,5.829385757446289,4.911306858062744,3.653792381286621,2.696117877960205,2.8657097816467285,-285.9657287597656,64.21321868896484,20.37672233581543,19.711681365966797,13.620384216308594,20.487751007080078,5.353958606719971,11.156254768371582,7.359989166259766,4.7968831062316895,16.969823837280273,10.763957023620605,6.201888084411621,4.793329238891602,5.108879089355469,3.7301151752471924,2.698183536529541,2.9432904720306396,2.147901773452759,2.5564346313476562,0.32767388224601746,0.32382190227508545,0.39725831151008606,0.5945714712142944,0.9522663354873657,0.7831319570541382,0.45487573742866516,0.38838258385658264,0.3849887251853943,0.40222373604774475,0.358429878950119,0.34130144119262695,0.22902041673660278,0.19293659925460815,0.18417635560035706,0.16598118841648102,0.1073748767375946,0.164443239569664,0.1788209080696106,0.21596315503120422,0.22428449988365173,0.26276257634162903,0.22887176275253296,0.22477760910987854,643.9153568547183,915.360976925029,1585.4760578299026,0.011983849332946635,0.0011181589215993881,210.0,220.0,215.0,271.0,281.0,276.0,3,pranayama
P5,-7.193808078765869,-14.580381393432617,-28.62120246887207,-36.05950927734375,-41.745548248291016,-44.55522537231445,-46.273773193359375,-47.580101013183594,-49.20404815673828,-50.46479797363281,-51.487483978271484,-52.56298828125,-52.443119049072266,-53.582763671875,-56.023887634277344,-56.50566864013672,-57.472049713134766,-58.64754104614258,-60.925926208496094,-63.135074615478516,-64.93010711669922,-65.72901153564453,-65.51055145263672,-64.80077362060547,-63.44733810424805,-63.66634750366211,-64.33561706542969,-64.68586730957031,-65.50458526611328,-67.15069580078125,-68.67925262451172,-69.07852935791016,2.659001588821411,2.820225238800049,2.435441732406616,3.027308464050293,2.4581964015960693,2.4173760414123535,2.5967748165130615,2.796801805496216,2.920382261276245,2.9787604808807373,2.7377493381500244,2.8597447872161865,3.343222141265869,4.039424896240234,3.8841257095336914,3.3258278369903564,3.143491506576538,3.0509231090545654,3.012214183807373,3.1579482555389404,2.930286169052124,3.0128870010375977,3.268048048019409,3.8995940685272217,3.9237375259399414,4.023339748382568,3.9085493087768555,2.8988656997680664,2.335664987564087,1.9815003871917725,1.936927318572998,2.1464614868164062,-303.45196533203125,70.42939758300781,26.98158836364746,18.704431533813477,16.874526977539062,18.249732971191406,6.9172186851501465,10.479364395141602,7.155284404754639,4.432582378387451,10.656329154968262,5.798987865447998,5.00150203704834,3.8974883556365967,4.02214241027832,3.1815218925476074,2.537653923034668,2.4735219478607178,2.4027256965637207,2.329862356185913,0.36527588963508606,0.35666945576667786,0.4167119562625885,0.5875514149665833,0.9229732155799866,0.7910402417182922,0.49478185176849365,0.4340303838253021,0.43336331844329834,0.4468351900577545,0.4002361595630646,0.38117146492004395,0.25283297896385193,0.20705223083496094,0.1887020766735077,0.17811068892478943,0.13991543650627136,0.1774011254310608,0.17012394964694977,0.22011172771453857,0.2310960590839386,0.26972225308418274,0.24537844955921173,0.24821101129055023,439.94010400685204,293.02142999564967,1343.0490679698805,0.009568499854988399,0.0011628263164311647,220.0,230.0,225.0,281.0,291.0,286.0,3,pranayama
P5,-7.8252339363098145,-14.790766716003418,-28.927513122558594,-36.43284225463867,-42.44641876220703,-45.08542251586914,-46.636817932128906,-48.54164505004883,-50.79692459106445,-52.27958679199219,-53.294410705566406,-54.33290481567383,-54.19383239746094,-56.74586868286133,-59.857887268066406,-58.73602294921875,-59.37922668457031,-60.72966384887695,-63.10112762451172,-66.35221099853516,-67.87771606445312,-68.49894714355469,-68.84895324707031,-68.49853515625,-67.05121612548828,-67.73680114746094,-68.05757141113281,-67.59229278564453,-67.35902404785156,-68.27694702148438,-69.8206558227539,-70.64191436767578,2.6737773418426514,2.7195918560028076,2.40128755569458,2.8463611602783203,2.5958356857299805,2.370867967605591,2.4910659790039062,2.868375301361084,3.073145866394043,3.025806188583374,2.8350677490234375,3.0295252799987793,3.448265314102173,3.365144968032837,3.4608922004699707,3.1298584938049316,3.1905901432037354,3.3158140182495117,3.355896234512329,3.5481178760528564,3.4584245681762695,3.62174654006958,3.7787210941314697,4.36099100112915,4.7962446212768555,4.740427494049072,4.906632423400879,3.8612401485443115,2.933004379272461,2.1458377838134766,1.5431736707687378,1.7147690057754517,-314.7945556640625,74.68181610107422,30.231891632080078,17.619779586791992,18.561452865600586,15.987344741821289,7.361391544342041,10.754692077636719,6.880965709686279,4.256942272186279,12.340487480163574,6.607205867767334,4.3477606773376465,3.734557628631592,4.153796195983887,3.322272777557373,2.5858540534973145,2.2117531299591064,2.296088457107544,2.510838747024536,0.35770559310913086,0.3520756959915161,0.42700672149658203,0.6295678615570068,0.9503517150878906,0.7555586695671082,0.4473646581172943,0.39728567004203796,0.3989681303501129,0.4114014804363251,0.3762374818325043,0.3663395345211029,0.24542118608951569,0.2001020908355713,0.19195087254047394,0.16479648649692535,0.10178028792142868,0.165880024433136,0.1788366287946701,0.22222468256950378,0.24113427102565765,0.2753714323043823,0.2483779788017273,0.24529491364955902,392.52104222334356,306.7607127320186,1249.1371086301247,0.009637606946055685,0.0011547493049874902,230.0,240.0,235.0,291.0,301.0,296.0,3,pranayama
P5,-7.03603982925415,-14.008251190185547,-28.15907859802246,-35.74458312988281,-40.9224967956543,-43.57433319091797,-44.720977783203125,-45.8310661315918,-47.21623611450195,-47.99123764038086,-49.04523849487305,-50.59914779663086,-50.854190826416016,-51.625335693359375,-52.409820556640625,-53.27071762084961,-54.49979019165039,-55.749542236328125,-57.74856185913086,-59.58841323852539,-60.615570068359375,-61.196067810058594,-61.2017936706543,-60.75091552734375,-59.885196685791016,-59.63650894165039,-59.391719818115234,-60.1865119934082,-61.81258773803711,-64.21077728271484,-66.36779022216797,-67.05886840820312,2.765794515609741,2.6940948963165283,2.4394352436065674,2.9596006870269775,2.5956013202667236,2.4758236408233643,2.626065254211426,2.896040439605713,3.2309539318084717,3.405818223953247,3.5017049312591553,3.657585382461548,4.063988208770752,4.7084503173828125,5.02290153503418,4.49289608001709,4.114487648010254,4.340234279632568,4.478169918060303,4.518520355224609,4.457038879394531,4.607549667358398,4.583724498748779,5.027277946472168,5.242935657501221,5.621465682983398,5.59873104095459,5.143652439117432,4.400045394897461,3.5689985752105713,2.8372230529785156,2.9808247089385986,-288.6603088378906,64.27570343017578,24.130512237548828,19.738412857055664,14.804583549499512,18.79857063293457,6.224911689758301,11.465520858764648,6.953028678894043,5.5797038078308105,16.935222625732422,8.476516723632812,5.771183490753174,3.206524133682251,3.582909345626831,3.7136270999908447,2.5642991065979004,2.4940967559814453,2.476384401321411,2.56559681892395,0.37092629075050354,0.363837867975235,0.42376941442489624,0.5956748127937317,0.9407103061676025,0.7813031673431396,0.45303112268447876,0.38759690523147583,0.39652717113494873,0.42125406861305237,0.3877047896385193,0.37862303853034973,0.24405018985271454,0.20800411701202393,0.19478394091129303,0.1799788475036621,0.12346821278333664,0.17770473659038544,0.17519977688789368,0.21182212233543396,0.21644677221775055,0.2456243932247162,0.22482414543628693,0.23112481832504272,586.6682916744489,599.5573181010731,1556.0848291447173,0.010846414588167054,0.0011579925194382668,240.0,250.0,245.0,301.0,311.0,306.0,3,pranayama
P5,-6.266514301300049,-13.164583206176758,-27.555856704711914,-35.20270919799805,-40.27866744995117,-42.826393127441406,-44.386497497558594,-45.6802864074707,-47.29714584350586,-48.07868576049805,-48.54697799682617,-49.893043518066406,-51.07744598388672,-52.813262939453125,-54.0106086730957,-52.99095153808594,-53.24345779418945,-55.85315704345703,-58.92629623413086,-60.98915481567383,-62.3050651550293,-63.317684173583984,-63.45786666870117,-62.9610481262207,-61.9146842956543,-61.77852249145508,-62.313507080078125,-62.71073913574219,-63.64777755737305,-65.54763793945312,-67.0944595336914,-67.5323486328125,2.686384439468384,2.7985403537750244,2.390465021133423,2.87727689743042,3.067253828048706,3.4311578273773193,3.521505117416382,3.7945556640625,4.532255172729492,4.768266201019287,4.498950958251953,4.98182487487793,5.5537800788879395,5.793807506561279,5.801604270935059,4.590381622314453,4.112441539764404,4.772566795349121,5.3595991134643555,5.485724925994873,5.315392971038818,5.409140110015869,5.643129825592041,6.177308559417725,6.350148677825928,6.6442108154296875,6.539088249206543,5.8100786209106445,4.58597469329834,3.538566827774048,2.684502601623535,2.713671922683716,-292.3290710449219,69.71333312988281,24.523332595825195,18.45167350769043,16.903444290161133,17.51896858215332,6.41936731338501,11.579119682312012,7.859158515930176,4.0744171142578125,21.105215072631836,8.619746208190918,7.17959451675415,3.815025568008423,5.08408260345459,4.370209693908691,2.42533802986145,2.2740402221679688,2.5662789344787598,2.3303253650665283,0.3462149500846863,0.34542298316955566,0.4292268753051758,0.6401115655899048,0.942912757396698,0.7554832100868225,0.4481692612171173,0.4176620841026306,0.4319545328617096,0.44793474674224854,0.39544180035591125,0.3685778081417084,0.2346601039171219,0.19960463047027588,0.2057574838399887,0.1773909479379654,0.12906545400619507,0.17276041209697723,0.1794225126504898,0.23941780626773834,0.24894548952579498,0.2688855230808258,0.23083053529262543,0.2273402065038681,507.0441391698336,532.2847937209976,1405.465189861952,0.010813560397331787,0.00116954674012959,250.0,260.0,255.0,311.0,321.0,316.0,3,pranayama
P5,-6.4398369789123535,-13.21439266204834,-28.021787643432617,-35.311092376708984,-40.508087158203125,-43.20148849487305,-44.5300178527832,-45.86935043334961,-47.070316314697266,-47.41383743286133,-48.228023529052734,-49.03379821777344,-50.13142013549805,-51.29169845581055,-52.19565200805664,-52.38740921020508,-53.21772766113281,-54.89387893676758,-56.85504150390625,-58.904666900634766,-60.066158294677734,-60.23488998413086,-59.69459915161133,-58.682186126708984,-57.73261260986328,-57.38010787963867,-58.01188278198242,-58.90829086303711,-60.914608001708984,-64.09203338623047,-66.24099731445312,-66.40200805664062,2.6956732273101807,2.6750802993774414,2.229297637939453,2.670117139816284,2.7055842876434326,2.3782155513763428,2.9129514694213867,3.1083178520202637,3.8881986141204834,4.308633327484131,4.229038715362549,4.394280433654785,5.000214576721191,5.551968097686768,5.395113468170166,3.9981651306152344,4.055154800415039,4.80950403213501,5.157233715057373,5.016417980194092,4.954348087310791,5.536007404327393,6.126662254333496,6.823773384094238,7.235280513763428,7.473467826843262,7.093865394592285,6.008179187774658,4.711028575897217,3.2509877681732178,2.587414264678955,2.958350419998169,-284.0942687988281,62.65861129760742,23.59311866760254,20.84138298034668,13.716443061828613,20.46086883544922,6.004685878753662,11.54063606262207,7.374939918518066,4.364060878753662,20.82712745666504,9.392991065979004,6.097278118133545,3.4731016159057617,4.947343826293945,4.916807651519775,2.502441883087158,2.3596293926239014,2.3029229640960693,2.174577474594116,0.33346205949783325,0.335039883852005,0.4198910593986511,0.6114769577980042,0.9574849605560303,0.7839101552963257,0.45287564396858215,0.378141313791275,0.37945324182510376,0.40258216857910156,0.3657854497432709,0.35003286600112915,0.2151830792427063,0.1881013661623001,0.19310401380062103,0.17705796658992767,0.09815635532140732,0.16927531361579895,0.16974541544914246,0.20457755029201508,0.2138439565896988,0.24334397912025452,0.21457208693027496,0.21119539439678192,613.5757491103119,765.8026392111369,1572.7111347407922,0.011430992604408352,0.0011845723493024707,260.0,270.0,265.0,321.0,331.0,326.0,3,pranayama
P5,-6.769408702850342,-13.653068542480469,-27.95928955078125,-35.45552062988281,-41.0199089050293,-43.45894241333008,-44.437381744384766,-45.52893829345703,-47.004295349121094,-48.09635925292969,-48.84272766113281,-49.631832122802734,-49.807769775390625,-50.272010803222656,-51.92390441894531,-52.92349624633789,-53.370079040527344,-54.768898010253906,-56.893028259277344,-58.82578659057617,-60.48383712768555,-60.8637809753418,-60.469215393066406,-59.53261947631836,-58.34857940673828,-58.357322692871094,-59.20909881591797,-59.957157135009766,-61.55220413208008,-64.21806335449219,-66.40821075439453,-66.55677795410156,2.5971179008483887,2.7871735095977783,2.411468029022217,2.9663801193237305,2.62774395942688,2.5224449634552,3.013195037841797,3.6881752014160156,3.927591323852539,4.057505130767822,4.1713690757751465,4.646401405334473,5.308760166168213,5.937431812286377,5.754875659942627,5.323188304901123,5.190741062164307,5.143930912017822,4.924994945526123,4.730169296264648,4.515302658081055,4.763115882873535,5.136361598968506,5.559887409210205,5.53778600692749,5.589043140411377,5.5353312492370605,4.752734184265137,3.810816526412964,2.7911598682403564,2.065666675567627,2.278707265853882,-285.777099609375,63.66016387939453,22.887372970581055,20.226499557495117,14.7415189743042,19.75860023498535,6.033580780029297,11.012731552124023,7.46822452545166,4.860896110534668,18.912078857421875,6.933660507202148,8.24918270111084,3.692023277282715,3.8031859397888184,4.03942346572876,2.943671941757202,2.604001045227051,2.4716410636901855,2.2862703800201416,0.35185015201568604,0.3422830104827881,0.39521217346191406,0.560576856136322,0.9281910061836243,0.8011112809181213,0.48074302077293396,0.40014398097991943,0.3926933705806732,0.4039362370967865,0.3655295670032501,0.356554239988327,0.24818754196166992,0.20934602618217468,0.18879492580890656,0.18274633586406708,0.12756651639938354,0.1693255454301834,0.16644184291362762,0.20873549580574036,0.22196877002716064,0.26410049200057983,0.23937757313251495,0.23922431468963623,595.0718727093805,662.8329602305685,1562.6750420307396,0.011232734556264501,0.001166780130006373,270.0,280.0,275.0,331.0,341.0,336.0,3,pranayama
P5,-7.445239067077637,-13.946666717529297,-28.528045654296875,-36.14474868774414,-41.97629928588867,-44.84122085571289,-46.77943801879883,-48.104736328125,-50.322715759277344,-51.76791000366211,-53.240081787109375,-54.158668518066406,-53.85810470581055,-56.97767639160156,-59.87044143676758,-58.88220977783203,-59.4039192199707,-60.473106384277344,-62.21697235107422,-65.74667358398438,-67.57333374023438,-68.23259735107422,-68.59516143798828,-68.65872192382812,-67.80960845947266,-68.13075256347656,-68.5167236328125,-67.90377807617188,-67.65032958984375,-68.45966339111328,-69.8055419921875,-70.52748107910156,2.644897937774658,2.670541524887085,2.2833926677703857,2.837131977081299,2.57454776763916,2.3612613677978516,2.5866870880126953,3.009641408920288,3.1806416511535645,2.830749750137329,2.7116763591766357,2.578629970550537,2.7862343788146973,2.7555127143859863,3.0056281089782715,2.7197251319885254,2.62060546875,2.34993839263916,2.3710217475891113,2.6939237117767334,2.955491065979004,2.92391037940979,2.9076895713806152,3.0580222606658936,3.0541152954101562,3.410317897796631,3.310727119445801,2.595900058746338,2.0594706535339355,1.669604778289795,1.24445641040802,1.434371829032898,-314.0523986816406,75.83191680908203,30.042098999023438,18.069623947143555,18.94505500793457,15.123198509216309,8.220311164855957,11.136302947998047,6.624305725097656,4.156957149505615,8.472846984863281,5.282589912414551,3.5968077182769775,3.732558012008667,3.450925350189209,3.0749332904815674,2.3281428813934326,2.221949577331543,2.3147084712982178,2.315526247024536,0.3506430685520172,0.34142357110977173,0.40119487047195435,0.581739604473114,0.9568476676940918,0.7843500375747681,0.44215551018714905,0.36375752091407776,0.36802008748054504,0.39452603459358215,0.3651069104671478,0.35705411434173584,0.2359253466129303,0.200200155377388,0.19243010878562927,0.1789618879556656,0.09395581483840942,0.17492200434207916,0.1687033325433731,0.20222076773643494,0.21894100308418274,0.2535761296749115,0.22876271605491638,0.22639131546020508,369.1964892877133,244.15954448230858,1209.5779697050627,0.009324925681554524,0.0011626797495409846,280.0,290.0,285.0,341.0,351.0,346.0,3,pranayama
P5,-6.964422225952148,-13.543685913085938,-27.74610710144043,-35.0233039855957,-40.78108215332031,-43.58707809448242,-45.449607849121094,-46.103538513183594,-47.813568115234375,-48.981788635253906,-49.93940353393555,-51.833229064941406,-52.091983795166016,-53.210960388183594,-54.31018829345703,-54.816036224365234,-56.255332946777344,-57.95911407470703,-60.02625274658203,-62.651329040527344,-63.96322250366211,-64.51325988769531,-64.94943237304688,-64.56829833984375,-63.629600524902344,-63.936580657958984,-64.2884292602539,-64.2116470336914,-64.86375427246094,-66.52296447753906,-68.13078308105469,-68.67802429199219,2.60807466506958,2.921130895614624,2.32993221282959,2.915344476699829,2.8734047412872314,2.641195297241211,2.5828423500061035,3.132141590118408,3.7963151931762695,3.59993577003479,3.6287529468536377,3.720632553100586,4.545952796936035,5.222048282623291,5.831999778747559,5.624028205871582,4.742284297943115,4.070401191711426,4.251600742340088,4.19745397567749,3.766653060913086,3.9190714359283447,3.9573278427124023,4.450964450836182,4.66781759262085,4.845095157623291,4.7285966873168945,4.014037609100342,3.1495633125305176,2.3066604137420654,1.6913166046142578,1.939228892326355,-298.9902038574219,71.84502410888672,26.07035255432129,18.0634765625,17.14509391784668,17.26646614074707,6.953195571899414,10.653796195983887,7.344552040100098,4.996960639953613,15.313233375549316,6.853714942932129,7.39336633682251,4.172373294830322,3.842430591583252,3.977781295776367,3.15874981880188,2.4490482807159424,2.4463706016540527,2.4789743423461914,0.3208159804344177,0.3227750062942505,0.39912334084510803,0.5959091782569885,0.9457359313964844,0.7581897377967834,0.436983197927475,0.39159539341926575,0.38815122842788696,0.3945789337158203,0.3483186364173889,0.3305954933166504,0.2311437577009201,0.20082436501979828,0.19899459183216095,0.18081499636173248,0.12271662801504135,0.174246683716774,0.17059683799743652,0.21626287698745728,0.22146914899349213,0.24986092746257782,0.22460490465164185,0.22594809532165527,456.06426948945756,344.9808992531903,1348.6473316333781,0.009925364341647331,0.0010963920503854752,290.0,300.0,295.0,351.0,361.0,356.0,3,pranayama
P5,-8.955843925476074,-15.952774047851562,-30.244752883911133,-37.10451126098633,-42.95083999633789,-45.8009033203125,-47.6331672668457,-48.83847427368164,-50.658905029296875,-51.38773727416992,-52.17129898071289,-53.437252044677734,-52.88258743286133,-52.43293380737305,-53.98728942871094,-56.09934997558594,-57.56229019165039,-60.39957809448242,-62.298866271972656,-63.66972732543945,-64.05493927001953,-65.98127746582031,-67.62187194824219,-68.46646881103516,-67.42794036865234,-67.7171630859375,-68.59857177734375,-68.13320922851562,-68.4481201171875,-69.67634582519531,-71.10966491699219,-71.74542999267578,2.8836846351623535,2.8190622329711914,2.5532639026641846,3.4229612350463867,3.350311756134033,3.4597904682159424,3.277325391769409,3.9078192710876465,4.601681232452393,4.868424892425537,5.5210089683532715,5.646721839904785,7.137472152709961,8.883092880249023,8.878396034240723,6.949307441711426,6.465725421905518,5.702231407165527,6.34359073638916,6.721564769744873,7.453557014465332,6.847935676574707,5.638970375061035,4.657665729522705,4.631507873535156,4.523947238922119,3.8551766872406006,3.877394199371338,3.8213930130004883,3.1084039211273193,2.1885056495666504,2.101963520050049,-311.73687744140625,74.39306640625,21.92279624938965,17.986724853515625,19.702856063842773,16.98737335205078,8.02424430847168,8.65628719329834,5.923629283905029,6.988945007324219,22.22225570678711,6.321389675140381,12.822522163391113,4.0181121826171875,3.64975905418396,3.4641761779785156,3.2616207599639893,3.5747556686401367,3.0795223712921143,3.6962435245513916,0.341765820980072,0.3461490273475647,0.4297596514225006,0.6220211982727051,0.9432631731033325,0.7694182395935059,0.4585646688938141,0.3924870193004608,0.38788071274757385,0.39986926317214966,0.3619392216205597,0.34864357113838196,0.22806678712368011,0.190237358212471,0.19539813697338104,0.17872242629528046,0.12864361703395844,0.17296306788921356,0.1877429038286209,0.22052277624607086,0.22326740622520447,0.2505457401275635,0.22762231528759003,0.22730539739131927,428.7944994254174,412.7030728864559,1254.206316883481,0.010093034005220417,0.001227102242410183,300.0,310.0,305.0,361.0,371.0,366.0,3,pranayama
P5,-5.883295059204102,-13.010504722595215,-27.19186019897461,-34.761688232421875,-40.641883850097656,-43.77245330810547,-45.476749420166016,-47.15903091430664,-49.46974563598633,-50.85050964355469,-50.85068893432617,-52.68632125854492,-54.300662994384766,-55.882049560546875,-56.920108795166016,-54.90625,-56.25461196899414,-59.427879333496094,-62.448020935058594,-63.818634033203125,-65.335693359375,-66.75443267822266,-67.2708511352539,-67.68669128417969,-67.01565551757812,-67.27376556396484,-67.62445068359375,-66.57987213134766,-66.55154418945312,-67.15442657470703,-68.48705291748047,-69.22949981689453,2.6730153560638428,2.6114330291748047,2.3451013565063477,2.835258722305298,2.7901124954223633,2.5432968139648438,2.5969903469085693,2.8398146629333496,2.9414474964141846,2.7363734245300293,2.8405189514160156,2.7111315727233887,2.9199163913726807,3.7124104499816895,3.6363728046417236,3.4978249073028564,3.162264108657837,2.852691411972046,3.072422981262207,3.418102741241455,3.825028657913208,3.3390283584594727,2.423431634902954,1.9482207298278809,1.9777076244354248,1.7387834787368774,1.5012632608413696,1.7337032556533813,1.9741405248641968,1.6464647054672241,1.1724462509155273,1.333802342414856,-306.296875,75.95121002197266,28.74920654296875,18.15848731994629,20.463964462280273,14.983417510986328,7.5781636238098145,10.657867431640625,7.492691993713379,5.000165939331055,8.033075332641602,3.786212205886841,5.532517433166504,3.6594200134277344,3.2090864181518555,2.6381633281707764,2.6263012886047363,2.634986162185669,2.709561824798584,2.463196277618408,0.3883953094482422,0.36864954233169556,0.4294831156730652,0.6216936111450195,0.937565267086029,0.7415376901626587,0.44354817271232605,0.4208778738975525,0.4448610842227936,0.46886640787124634,0.42540672421455383,0.4060298204421997,0.2533645033836365,0.19947879016399384,0.18958663940429688,0.17684781551361084,0.1307791769504547,0.18047967553138733,0.1686500906944275,0.2166804075241089,0.24181751906871796,0.27945613861083984,0.2504587471485138,0.2516235411167145,367.6235787200712,249.78016014718676,1202.6150688159462,0.009090414733178655,0.0011686357902362943,310.0,320.0,315.0,371.0,381.0,376.0,3,pranayama
P5,-7.616598606109619,-14.115498542785645,-28.54779052734375,-35.55366897583008,-41.49032974243164,-44.20277786254883,-45.19280242919922,-46.0132942199707,-47.51266860961914,-49.21498489379883,-50.22050094604492,-51.07024383544922,-50.7983283996582,-51.773765563964844,-53.85737228393555,-54.60423278808594,-55.68277359008789,-56.95173645019531,-59.41885757446289,-61.97164535522461,-63.72222900390625,-64.9974594116211,-65.14569854736328,-64.8182373046875,-64.33344268798828,-64.90480041503906,-65.61434936523438,-65.15022277832031,-65.8405990600586,-66.80062866210938,-68.84477996826172,-69.26564025878906,2.430447816848755,2.6822054386138916,2.361513137817383,2.8425087928771973,2.781343698501587,2.5225820541381836,2.970682144165039,3.5428950786590576,4.535728454589844,4.095158576965332,4.476067543029785,5.032358169555664,6.645225524902344,7.542680740356445,7.000716686248779,6.424928188323975,5.707282066345215,6.125662803649902,6.033801555633545,5.545403480529785,4.95326566696167,4.591372966766357,4.413951396942139,4.788950443267822,4.672856330871582,4.3615007400512695,4.256021976470947,3.921221971511841,3.3931283950805664,2.8213093280792236,1.8800692558288574,2.2586121559143066,-299.6803283691406,72.68551635742188,22.95247459411621,17.346067428588867,18.00895118713379,16.834131240844727,7.347112655639648,10.384374618530273,7.224615097045898,5.300051212310791,19.506032943725586,6.0652031898498535,10.973433494567871,3.522825002670288,3.467376232147217,3.2013561725616455,2.783932685852051,2.307380437850952,2.218195915222168,2.5569956302642822,0.3451993465423584,0.33039426803588867,0.38885048031806946,0.5870881080627441,0.954157292842865,0.7790443301200867,0.45485809445381165,0.40093934535980225,0.39848220348358154,0.411878764629364,0.37485000491142273,0.3608718514442444,0.23120804131031036,0.1894233226776123,0.17774908244609833,0.1614684760570526,0.10660513490438461,0.1711668074131012,0.17879962921142578,0.21793515980243683,0.2242853343486786,0.25414207577705383,0.23111678659915924,0.23022165894508362,462.6157847650066,428.1160500652552,1334.2607021074268,0.009996737238979118,0.0011255954159423709,320.0,330.0,325.0,381.0,391.0,386.0,3,pranayama
P5,-7.66769552230835,-14.359912872314453,-28.507896423339844,-36.021949768066406,-41.99587631225586,-44.5052375793457,-45.90024185180664,-47.351417541503906,-49.30738067626953,-50.30288314819336,-51.42902755737305,-52.48059844970703,-52.98603439331055,-54.335899353027344,-56.331478118896484,-56.03044891357422,-56.36265563964844,-57.20741653442383,-59.04587936401367,-61.8565788269043,-63.8015251159668,-64.19114685058594,-64.07282257080078,-63.54474639892578,-62.425880432128906,-62.51280212402344,-63.05961608886719,-63.597286224365234,-64.76524353027344,-66.5815200805664,-68.1081314086914,-68.76424407958984,2.6916863918304443,2.8493247032165527,2.3971972465515137,2.8921096324920654,2.6283655166625977,2.5170748233795166,2.5621142387390137,2.881350040435791,3.380669116973877,3.5599288940429688,3.6825737953186035,3.5957536697387695,3.59523344039917,4.247201442718506,4.622704029083252,3.716967821121216,3.476266384124756,3.7159171104431152,4.047513484954834,4.3188371658325195,4.40708589553833,4.197098731994629,4.658368110656738,5.0550537109375,5.117888927459717,5.026258945465088,4.839946746826172,4.321262836456299,3.4694201946258545,2.5649261474609375,2.1913161277770996,2.348633289337158,-300.41632080078125,67.89573669433594,26.282215118408203,20.612218856811523,16.20401954650879,17.242198944091797,6.586496353149414,11.4996919631958,7.247290134429932,3.8686442375183105,15.195924758911133,7.336923122406006,5.416446685791016,3.5971226692199707,3.8002724647521973,3.9636545181274414,2.6968367099761963,2.3625316619873047,2.2346343994140625,2.3115057945251465,0.32873040437698364,0.3318529725074768,0.4169529676437378,0.6074361801147461,0.9498940110206604,0.7774071097373962,0.4562932550907135,0.38288894295692444,0.3774092197418213,0.3961579203605652,0.35637807846069336,0.34057262539863586,0.22354580461978912,0.19305451214313507,0.19192436337471008,0.17640742659568787,0.11205828934907913,0.18053875863552094,0.17160987854003906,0.20553471148014069,0.21593426167964935,0.25755774974823,0.22550642490386963,0.2224353551864624,489.91402709677214,383.20108577436196,1414.1003451613744,0.010222184962296984,0.0011044908314943314,330.0,340.0,335.0,391.0,401.0,396.0,3,pranayama
P5,-6.67192268371582,-13.139975547790527,-28.02296257019043,-35.4261474609375,-41.72657012939453,-44.23261642456055,-46.081024169921875,-47.81425857543945,-49.783016204833984,-51.29282760620117,-52.225074768066406,-53.85561752319336,-54.43626022338867,-56.35918426513672,-58.13295364379883,-58.07931137084961,-58.86598587036133,-60.408470153808594,-62.35917663574219,-64.85335540771484,-66.24329376220703,-66.8589096069336,-67.1243667602539,-66.71172332763672,-65.46881103515625,-66.06841278076172,-66.54646301269531,-66.26988983154297,-66.34375762939453,-67.42343139648438,-68.78620147705078,-69.5035400390625,2.475851535797119,2.613398313522339,2.3387444019317627,2.8595566749572754,2.3890433311462402,2.247145414352417,2.346860885620117,2.5326571464538574,2.4034318923950195,2.438560724258423,2.4790027141571045,2.225487470626831,2.8081469535827637,3.118030548095703,3.142198085784912,2.8393523693084717,2.898414373397827,3.2640087604522705,3.2976317405700684,3.133373737335205,3.258556604385376,3.3515000343322754,3.2420618534088135,3.316175699234009,3.247121572494507,3.142756223678589,3.055497169494629,2.507952928543091,2.12725567817688,1.8284432888031006,1.5440183877944946,1.5329666137695312,-308.8492736816406,73.63752746582031,30.851482391357422,18.99334144592285,17.768312454223633,16.354604721069336,7.88735294342041,10.738677978515625,7.307530879974365,4.577749252319336,9.135828018188477,4.8468170166015625,4.479333877563477,3.7028911113739014,3.4432480335235596,2.94115948677063,2.478205442428589,2.317295789718628,2.1030921936035156,2.18916916847229,0.3087291419506073,0.3089134991168976,0.38574400544166565,0.5957023501396179,0.9526057243347168,0.7698601484298706,0.43662288784980774,0.39444270730018616,0.39127475023269653,0.394808292388916,0.34124302864074707,0.32008612155914307,0.2208765596151352,0.1812027394771576,0.1778566539287567,0.1608516126871109,0.11042358726263046,0.17540331184864044,0.1765269935131073,0.2299225628376007,0.22987033426761627,0.2523305416107178,0.21509715914726257,0.2153574377298355,384.36519298060455,246.00810252320187,1245.0985531927947,0.009605885658352669,0.0011544122826308012,340.0,350.0,345.0,401.0,411.0,406.0,3,pranayama
P5,-7.3318352699279785,-14.277228355407715,-28.513559341430664,-35.86771011352539,-42.03036117553711,-44.56414031982422,-46.12700653076172,-47.14166259765625,-48.85615921020508,-50.027488708496094,-50.91455078125,-52.519813537597656,-53.27497100830078,-54.41128921508789,-55.38793182373047,-55.41592025756836,-56.635902404785156,-58.06898880004883,-60.192447662353516,-62.27530288696289,-63.703712463378906,-64.42957305908203,-64.50920867919922,-63.848121643066406,-62.86450958251953,-63.19677734375,-63.863426208496094,-64.04156494140625,-64.73997497558594,-66.15282440185547,-67.63644409179688,-68.15788269042969,2.6533350944519043,2.643171787261963,2.4202301502227783,2.8734049797058105,2.542278528213501,2.4747207164764404,2.4593288898468018,2.938920021057129,3.0623440742492676,3.465003728866577,3.6507554054260254,3.5882997512817383,4.462810039520264,4.930256366729736,5.350974082946777,4.999528884887695,4.577803134918213,4.450974941253662,4.655820369720459,4.628689765930176,4.476655006408691,4.7815704345703125,4.687400817871094,4.724897384643555,4.6502685546875,4.634576320648193,4.425562858581543,4.0579376220703125,3.7095556259155273,3.149790048599243,2.7489306926727295,2.9436802864074707,-300.6933288574219,68.58918762207031,26.795806884765625,19.367191314697266,16.85890769958496,17.169126510620117,7.314970970153809,10.876119613647461,7.834965705871582,4.586153030395508,16.33524513244629,6.947835445404053,6.892580509185791,3.9553799629211426,3.6035854816436768,3.4708750247955322,2.9396536350250244,2.4386212825775146,2.227836847305298,2.552488327026367,0.36319416761398315,0.34437936544418335,0.4011826515197754,0.5941123962402344,0.932625412940979,0.7749705910682678,0.46064233779907227,0.4238581359386444,0.435125470161438,0.45274659991264343,0.40677693486213684,0.38594141602516174,0.2301739603281021,0.17999950051307678,0.17423196136951447,0.1703786998987198,0.14270682632923126,0.1732238084077835,0.16899187862873077,0.22270797193050385,0.24192185699939728,0.2758081257343292,0.24153047800064087,0.23470620810985565,489.33851015979354,393.1433303726798,1421.2405625967456,0.010282228828306265,0.0011643993202596903,350.0,360.0,355.0,411.0,421.0,416.0,3,pranayama
P5,-7.406424522399902,-14.323087692260742,-28.73090171813965,-36.42692184448242,-42.42622375488281,-45.125728607177734,-47.23313522338867,-48.80448532104492,-50.88520050048828,-52.443824768066406,-52.430419921875,-54.517967224121094,-56.71640396118164,-58.64853286743164,-59.4423942565918,-57.09932327270508,-57.41231918334961,-60.624237060546875,-64.01998138427734,-66.18180847167969,-67.85528564453125,-69.02931213378906,-69.36213684082031,-69.41270446777344,-68.60013580322266,-68.78671264648438,-68.83574676513672,-68.19657897949219,-68.18195343017578,-68.97029876708984,-70.02941131591797,-70.5006103515625,2.7837750911712646,2.802807331085205,2.326453685760498,2.6924257278442383,2.5583412647247314,2.4643685817718506,2.5101802349090576,2.8386707305908203,2.5900464057922363,2.671055793762207,2.944763422012329,2.6744091510772705,2.75920033454895,2.5897090435028076,3.090829372406006,3.3690147399902344,3.6428110599517822,2.957461357116699,2.914271116256714,2.771207809448242,2.4354116916656494,2.325538158416748,2.1670525074005127,2.036846876144409,1.9693266153335571,1.8476628065109253,1.7931396961212158,1.8742873668670654,1.9667949676513672,1.7138679027557373,1.3661348819732666,1.5833638906478882,-316.1934509277344,76.02637481689453,29.928491592407227,18.08757972717285,20.40584945678711,14.707109451293945,7.0933003425598145,11.66479206085205,8.31326675415039,3.8711142539978027,7.928620338439941,4.1201910972595215,4.160257816314697,2.722618579864502,3.3624696731567383,2.579754590988159,2.4291832447052,2.2072885036468506,2.294680595397949,2.2704215049743652,0.380870521068573,0.36598777770996094,0.4224235415458679,0.6016844511032104,0.9303141832351685,0.7715588808059692,0.45719113945961,0.40732961893081665,0.4230691194534302,0.4474116265773773,0.4036067724227905,0.3906383812427521,0.25047218799591064,0.212773397564888,0.20235507190227509,0.17828421294689178,0.13031266629695892,0.1874605119228363,0.18645650148391724,0.22303645312786102,0.24200686812400818,0.27931252121925354,0.24260976910591125,0.2395535409450531,359.31776299096833,240.3125453161253,1191.4239970610004,0.009405361803944315,0.0011835024924948812,360.0,370.0,365.0,421.0,431.0,426.0,3,pranayama
P5,-8.34642219543457,-15.091253280639648,-29.40315055847168,-36.804832458496094,-43.23430633544922,-45.70590591430664,-46.80632019042969,-48.152587890625,-49.768978118896484,-51.46623229980469,-52.37678527832031,-53.89677429199219,-54.42009735107422,-55.45846176147461,-57.41505813598633,-57.67131423950195,-58.73081588745117,-60.471900939941406,-63.21107482910156,-65.08920288085938,-67.08114624023438,-68.32666778564453,-68.50506591796875,-68.26749420166016,-67.24569702148438,-68.18958282470703,-68.64385986328125,-68.03048706054688,-68.1358871459961,-69.01181030273438,-70.46736145019531,-70.79767608642578,2.7457358837127686,2.8750457763671875,2.3880364894866943,2.957754611968994,2.6063778400421143,2.3394687175750732,2.7113802433013916,3.2184388637542725,3.6589534282684326,3.497448205947876,3.631230115890503,3.8775792121887207,5.2844977378845215,6.366021633148193,6.057356834411621,5.421010971069336,4.852808952331543,4.806562423706055,4.540159225463867,4.384761333465576,3.428797960281372,3.3349454402923584,3.1116418838500977,2.967700958251953,3.037484645843506,2.5119986534118652,2.276223659515381,2.4301390647888184,2.5556652545928955,2.522799015045166,1.8900506496429443,2.2868154048919678,-313.99505615234375,75.21865844726562,26.999862670898438,17.042808532714844,18.718238830566406,16.08565902709961,7.94478702545166,10.57824993133545,7.713659286499023,5.037189960479736,14.485023498535156,4.017378807067871,8.648866653442383,3.3928070068359375,3.7558701038360596,3.116962194442749,2.549520492553711,2.3179233074188232,2.3835179805755615,2.4198148250579834,0.34098896384239197,0.3344278931617737,0.39245837926864624,0.5704403519630432,0.9432188272476196,0.8115520477294922,0.4758027493953705,0.39771145582199097,0.3848346471786499,0.3917442858219147,0.3547689914703369,0.3473101556301117,0.2493268847465515,0.20705264806747437,0.19442883133888245,0.17741182446479797,0.12386468052864075,0.16895781457424164,0.17686140537261963,0.20726342499256134,0.21620461344718933,0.24814406037330627,0.2316160798072815,0.23928731679916382,401.56825957599807,294.59520238181557,1253.6662158471759,0.009431418575986079,0.0011629139771685004,370.0,380.0,375.0,431.0,441.0,436.0,3,pranayama
P5,-6.859770774841309,-13.420980453491211,-27.73872947692871,-35.55495834350586,-41.66318893432617,-44.2724723815918,-46.20028305053711,-47.60527038574219,-49.38628387451172,-50.654239654541016,-51.788211822509766,-53.95444107055664,-54.51875305175781,-56.1841926574707,-58.82701110839844,-58.8840446472168,-59.83039474487305,-60.63793182373047,-62.53887939453125,-65.3914794921875,-67.31169891357422,-68.05477905273438,-68.18008422851562,-67.9433822631836,-65.42236328125,-66.85801696777344,-67.57254791259766,-66.11382293701172,-65.26441955566406,-66.41796112060547,-68.59236145019531,-69.57918548583984,2.549072504043579,2.7507858276367188,2.493004083633423,2.888528347015381,2.452113628387451,2.407081127166748,2.4725122451782227,2.577489137649536,2.800288677215576,2.8873138427734375,2.6711325645446777,2.587167501449585,3.75180983543396,4.132072448730469,3.8266782760620117,3.03669810295105,2.571826219558716,2.8793880939483643,3.156461715698242,2.760441303253174,2.3490562438964844,2.26051664352417,2.1650736331939697,2.453608274459839,4.175622940063477,2.686678647994995,2.277653455734253,2.8242666721343994,3.7278354167938232,3.26751971244812,1.838139295578003,1.734336256980896,-309.9288024902344,74.27207946777344,32.18996810913086,16.988943099975586,17.97181510925293,16.078691482543945,8.013293266296387,11.63537311553955,6.675017833709717,4.483597755432129,9.64747428894043,4.614731311798096,4.334381580352783,3.5666027069091797,3.1293046474456787,3.144376754760742,2.4663846492767334,2.3393805027008057,2.246095895767212,2.415160655975342,0.3471379578113556,0.33448514342308044,0.3792458474636078,0.5562477111816406,0.9343114495277405,0.7853893637657166,0.4519534111022949,0.4006965160369873,0.41225484013557434,0.43540310859680176,0.3900955021381378,0.3676603436470032,0.24318929016590118,0.20224684476852417,0.17772887647151947,0.16225852072238922,0.14326277375221252,0.180714949965477,0.1700110137462616,0.22203786671161652,0.2327062338590622,0.26739948987960815,0.23949401080608368,0.24178269505500793,388.66670562972797,255.00108758700696,1262.3053659728853,0.00941215922273782,0.0011472143232822418,380.0,390.0,385.0,441.0,451.0,446.0,3,pranayama
P5,-7.57699728012085,-14.634543418884277,-28.946060180664062,-36.43977355957031,-42.95243453979492,-45.743438720703125,-47.58617401123047,-48.72309875488281,-50.405517578125,-52.24822235107422,-53.08572769165039,-55.16608810424805,-55.97579574584961,-57.683441162109375,-59.908138275146484,-60.285030364990234,-61.020938873291016,-62.312564849853516,-64.37734985351562,-67.33792877197266,-68.69920349121094,-69.4498062133789,-69.9873275756836,-69.57059478759766,-67.59191131591797,-68.645751953125,-69.41922760009766,-68.35714721679688,-67.05786895751953,-67.71048736572266,-69.90145111083984,-70.93126678466797,2.6706478595733643,2.7735700607299805,2.5378732681274414,2.9081790447235107,2.4034976959228516,2.3544132709503174,2.3517630100250244,2.4634885787963867,2.652043342590332,2.846235990524292,2.5845184326171875,2.5295770168304443,3.446439266204834,4.023553371429443,3.7891056537628174,2.9758384227752686,2.6949164867401123,2.950810670852661,3.1840755939483643,2.8608474731445312,2.506801128387451,2.456517219543457,2.286498546600342,2.5648066997528076,3.590657949447632,2.617091655731201,2.084026336669922,2.4408559799194336,3.095775604248047,3.0390255451202393,1.84658944606781,1.6947789192199707,-318.1505126953125,75.50662994384766,32.47965621948242,16.70607566833496,18.57984733581543,15.924036979675293,8.474113464355469,11.325868606567383,7.0483880043029785,4.743302822113037,10.029123306274414,4.479321479797363,4.107660293579102,2.8455302715301514,2.667030096054077,2.912952184677124,2.4183261394500732,2.250249147415161,2.062511682510376,2.228001117706299,0.354857861995697,0.3622675836086273,0.44403642416000366,0.6216829419136047,0.9378659129142761,0.7743892073631287,0.45320770144462585,0.3838375210762024,0.3829682767391205,0.3993797302246094,0.3633297383785248,0.35626307129859924,0.24455216526985168,0.21180488169193268,0.2116631120443344,0.189938485622406,0.1209496334195137,0.1707230508327484,0.18346981704235077,0.21685688197612762,0.23084481060504913,0.26470741629600525,0.23195107281208038,0.2331039160490036,364.4400670965434,241.3117658787703,1213.502750300462,0.009226363109048724,0.001207901630550623,390.0,400.0,395.0,451.0,461.0,456.0,1,chanting
P5,-6.2717084884643555,-13.2652006149292,-27.706403732299805,-35.12187194824219,-40.7807502746582,-43.59638214111328,-45.781578063964844,-46.83039855957031,-48.55149841308594,-50.15510940551758,-51.11442184448242,-53.104793548583984,-53.326419830322266,-54.520416259765625,-55.705291748046875,-55.13595199584961,-56.52036666870117,-58.45345687866211,-60.63309860229492,-62.900108337402344,-64.7439956665039,-65.70742797851562,-66.35275268554688,-66.35871887207031,-65.5130386352539,-66.2490005493164,-66.6962661743164,-65.78768157958984,-65.28014373779297,-66.19983673095703,-67.73563385009766,-68.13131713867188,2.5758039951324463,2.9039363861083984,2.362212657928467,2.7381458282470703,2.6134321689605713,2.5739047527313232,2.4748282432556152,2.784153938293457,2.9881362915039062,2.9449310302734375,3.1027557849884033,2.778069496154785,3.7123305797576904,4.800652503967285,5.159184455871582,5.215175151824951,4.4790358543396,4.1460723876953125,4.196249485015869,3.954965114593506,3.5274157524108887,3.70290470123291,3.262129545211792,3.392721176147461,3.442540407180786,2.960752010345459,2.7214388847351074,2.800429105758667,3.289654493331909,3.0149526596069336,2.1932971477508545,2.5152692794799805,-303.0361022949219,73.3427505493164,27.890077590942383,18.065223693847656,19.926616668701172,14.927090644836426,7.663768291473389,10.592292785644531,7.5990447998046875,5.273742198944092,13.147703170776367,5.1425580978393555,6.775881290435791,3.416609525680542,3.6762137413024902,2.8486385345458984,2.594217300415039,2.424947738647461,2.3770885467529297,2.6140499114990234,0.3598005771636963,0.3589509129524231,0.4282974898815155,0.6022107601165771,0.9430149793624878,0.7871816754341125,0.451464980840683,0.37847962975502014,0.38724127411842346,0.4104597866535187,0.37244483828544617,0.3624069392681122,0.24968835711479187,0.21024686098098755,0.19989712536334991,0.1848841905593872,0.12623094022274017,0.1686757653951645,0.15893101692199707,0.20600798726081848,0.22134113311767578,0.25227388739585876,0.23080936074256897,0.2384188324213028,413.15336772107656,283.7786397911833,1296.6085589274346,0.009204837949535962,0.0011734763393178582,400.0,410.0,405.0,461.0,471.0,466.0,1,chanting
P5,-7.348221778869629,-13.809682846069336,-28.4670467376709,-35.4631233215332,-41.38775634765625,-44.7620735168457,-46.54418182373047,-47.971336364746094,-50.12565994262695,-51.359962463378906,-51.028358459472656,-53.094886779785156,-54.38771057128906,-55.722503662109375,-56.75664520263672,-54.4680061340332,-55.581504821777344,-59.25149917602539,-62.43327713012695,-63.799560546875,-66.3033447265625,-67.77806854248047,-68.2147445678711,-68.4146499633789,-66.6834945678711,-67.16918182373047,-67.40038299560547,-66.41358184814453,-66.94855499267578,-67.59974670410156,-69.22108459472656,-69.63982391357422,2.6509933471679688,2.586698532104492,2.5246331691741943,2.9294261932373047,3.374206781387329,2.531639814376831,2.7142529487609863,2.9091858863830566,2.682020664215088,2.5960440635681152,2.804882049560547,2.474170207977295,2.719433069229126,3.0053460597991943,3.2717175483703613,3.7536890506744385,3.8543479442596436,2.99289870262146,2.8477783203125,2.7632622718811035,2.51055908203125,2.3805606365203857,2.122434139251709,1.9312288761138916,2.201530694961548,2.0827865600585938,2.0253634452819824,2.2087695598602295,2.157095432281494,2.047417402267456,1.5222300291061401,1.7091237306594849,-308.572509765625,74.7269058227539,27.176584243774414,17.463647842407227,21.084823608398438,15.784571647644043,6.19718074798584,11.153746604919434,7.597629070281982,4.182387351989746,7.936933517456055,4.316038131713867,3.918375253677368,3.052607536315918,3.325197458267212,2.4292054176330566,2.9201557636260986,2.7220613956451416,2.8366482257843018,2.4884517192840576,0.3139267861843109,0.30637091398239136,0.36800146102905273,0.5517663955688477,0.9394258856773376,0.793628990650177,0.4738489091396332,0.4077845811843872,0.3935318887233734,0.40011799335479736,0.35591065883636475,0.334157258272171,0.21659846603870392,0.18517771363258362,0.17878152430057526,0.16670410335063934,0.11914362758398056,0.17055769264698029,0.17579105496406555,0.2199568897485733,0.22375647723674774,0.25589993596076965,0.2271563708782196,0.22057940065860748,393.36630964258273,262.4203002646462,1253.3565626821714,0.009954819823085846,0.0011291728587821126,410.0,420.0,415.0,471.0,481.0,476.0,1,chanting
P5,-6.7009968757629395,-13.57885456085205,-28.19274139404297,-35.42028045654297,-40.930511474609375,-43.92988967895508,-45.64771270751953,-47.07571792602539,-48.65554428100586,-49.9700813293457,-50.79732894897461,-52.378421783447266,-52.59900665283203,-52.90180969238281,-54.86738586425781,-56.140499114990234,-57.22783660888672,-58.38669204711914,-60.91029357910156,-63.55775451660156,-65.32830047607422,-66.6480712890625,-67.13805389404297,-67.09793853759766,-66.29759979248047,-67.22259521484375,-67.84403228759766,-66.91883087158203,-66.80943298339844,-67.23876190185547,-68.82444763183594,-69.24114227294922,2.6573007106781006,2.630129098892212,2.410881519317627,3.0015199184417725,2.697387218475342,2.5465636253356934,2.4421370029449463,2.938952684402466,3.3670592308044434,3.5693912506103516,3.8684089183807373,3.829359531402588,4.826852321624756,5.420037746429443,5.568418502807617,5.405127048492432,5.0266313552856445,5.303555488586426,5.053287029266357,4.506368160247803,3.812436580657959,3.3965883255004883,3.451659679412842,3.928997755050659,4.001840114593506,3.5016088485717773,2.835391044616699,2.891862154006958,2.7578253746032715,2.6955995559692383,1.7713392972946167,2.18634033203125,-305.2011413574219,75.6561279296875,26.033687591552734,16.87063980102539,20.021203994750977,15.719039916992188,8.079554557800293,9.894030570983887,7.1181321144104,5.242383003234863,15.040825843811035,4.653866291046143,8.380023956298828,3.0079307556152344,3.114748954772949,3.1898961067199707,2.7933602333068848,2.5016520023345947,2.680967092514038,2.6261210441589355,0.3633856177330017,0.34463757276535034,0.3983297348022461,0.5788189172744751,0.9354985952377319,0.7923301458358765,0.47373485565185547,0.4277302026748657,0.4351648688316345,0.45304274559020996,0.4097229540348053,0.3879218101501465,0.24881424009799957,0.20433157682418823,0.19221661984920502,0.1792919635772705,0.13157029449939728,0.17205965518951416,0.16620804369449615,0.22009460628032684,0.24011406302452087,0.2812264561653137,0.249515101313591,0.24634990096092224,399.6290409601106,301.21503860933876,1249.1939465321461,0.009477867604408352,0.0011707883095368743,420.0,430.0,425.0,481.0,491.0,486.0,1,chanting
P5,-7.924497127532959,-14.674498558044434,-28.871479034423828,-36.141807556152344,-42.28219985961914,-45.02239990234375,-46.84382629394531,-47.689552307128906,-49.33768844604492,-50.24305725097656,-51.57330322265625,-52.994789123535156,-53.42378616333008,-54.86024475097656,-57.06044387817383,-57.547813415527344,-58.140380859375,-58.99036407470703,-60.790225982666016,-63.389156341552734,-65.07616424560547,-65.72415924072266,-65.74607849121094,-65.04235076904297,-63.475486755371094,-63.995399475097656,-64.31976318359375,-64.05677032470703,-64.43763732910156,-65.87117004394531,-68.53695678710938,-69.42575073242188,2.6365184783935547,2.514525890350342,2.433755874633789,2.911968946456909,2.7614123821258545,2.666088342666626,2.672929048538208,3.204087257385254,3.817955255508423,4.200631618499756,3.968454360961914,4.179309368133545,5.142719268798828,5.851593971252441,6.014650344848633,5.340633392333984,5.30839204788208,5.36438512802124,5.8645100593566895,5.875662326812744,5.588748455047607,5.821415424346924,6.150976181030273,7.0884294509887695,7.586881160736084,7.445318698883057,7.232948303222656,6.145991802215576,5.137653827667236,4.179112911224365,2.666715383529663,2.656697988510132,-304.67626953125,69.07014465332031,28.392301559448242,18.536161422729492,16.299381256103516,17.648595809936523,7.184804916381836,11.798727035522461,6.409686088562012,4.478327751159668,22.165056228637695,9.922285079956055,7.519537925720215,3.8138279914855957,4.329563617706299,4.651551246643066,3.023723840713501,2.5336995124816895,2.4729042053222656,2.3891665935516357,0.35753732919692993,0.34874922037124634,0.40833359956741333,0.6049871444702148,0.9598393440246582,0.7699882984161377,0.4478101134300232,0.4040776789188385,0.41569337248802185,0.43530920147895813,0.38888534903526306,0.3707584738731384,0.22620515525341034,0.19076430797576904,0.18884724378585815,0.16847962141036987,0.09119781851768494,0.1666702926158905,0.18163463473320007,0.21731287240982056,0.21384727954864502,0.24242520332336426,0.21466763317584991,0.21814300119876862,507.0867922969833,539.4042402298434,1421.0715958604515,0.0108407500725058,0.001139944652095437,430.0,440.0,435.0,491.0,501.0,496.0,1,chanting
P5,-6.280361652374268,-13.727116584777832,-27.056201934814453,-33.750003814697266,-39.50634765625,-41.91134262084961,-43.95807647705078,-43.812992095947266,-45.89633560180664,-47.19757080078125,-48.14684295654297,-50.30516815185547,-50.03615951538086,-51.47629928588867,-53.04180908203125,-53.56293487548828,-54.3252067565918,-55.317413330078125,-56.44660949707031,-58.63755416870117,-60.626914978027344,-61.91748046875,-62.81028747558594,-62.31929397583008,-60.92338943481445,-61.6879997253418,-61.58362579345703,-60.68008041381836,-60.84963607788086,-62.519859313964844,-65.05293273925781,-65.54122161865234,2.656256675720215,3.1091742515563965,2.4570600986480713,3.442117929458618,4.0236945152282715,4.217933654785156,4.463172435760498,5.111891269683838,5.463977813720703,4.675659656524658,4.901785373687744,4.827754020690918,5.400016784667969,5.445490837097168,5.982352256774902,5.653032302856445,5.8774614334106445,6.286474704742432,6.957331657409668,7.942962169647217,7.364754676818848,6.26129674911499,5.479973316192627,5.595450401306152,5.505669593811035,5.180159091949463,6.400083065032959,7.073793411254883,6.376104831695557,5.73699951171875,5.064683437347412,5.473714828491211,-286.5382385253906,67.2770004272461,25.69479751586914,17.445554733276367,16.69144058227539,15.14374828338623,7.011499881744385,11.936249732971191,5.809733867645264,5.254669666290283,26.13377571105957,8.492171287536621,6.869277477264404,4.008798122406006,4.209721088409424,4.664302349090576,2.9057860374450684,2.769524097442627,3.0463085174560547,2.5393176078796387,0.38671746850013733,0.37647244334220886,0.44786903262138367,0.6368066072463989,0.9367503523826599,0.7665230631828308,0.4851554036140442,0.4424963891506195,0.43535006046295166,0.438922256231308,0.4026147127151489,0.3940403461456299,0.25120413303375244,0.21057550609111786,0.20389509201049805,0.1785583198070526,0.1282428354024887,0.18189135193824768,0.1938418298959732,0.23331956565380096,0.23571744561195374,0.2652214765548706,0.2440497875213623,0.24529802799224854,595.1117242144134,787.9353746737239,1547.4756474181459,0.011909077726218097,0.0011676772264763713,440.0,450.0,445.0,501.0,511.0,506.0,1,chanting
P5,-7.094085216522217,-12.43022346496582,-21.469879150390625,-33.44673156738281,-32.18159866333008,-32.6434440612793,-33.64293670654297,-31.31732177734375,-30.177059173583984,-33.3109245300293,-35.33456802368164,-37.23810577392578,-41.786293029785156,-46.74176025390625,-50.39216995239258,-54.791358947753906,-55.91022872924805,-56.08378219604492,-51.18717956542969,-50.06532669067383,-57.5191764831543,-62.42026138305664,-64.66624450683594,-68.05021667480469,-67.17874908447266,-64.769775390625,-63.83612060546875,-66.13790893554688,-63.4078369140625,-61.166954040527344,-62.74857711791992,-64.9470443725586,2.561197280883789,2.771841049194336,4.214842319488525,3.41583251953125,7.766807556152344,8.738211631774902,10.027997016906738,10.424253463745117,12.020352363586426,11.544122695922852,12.65783405303955,13.312896728515625,11.966924667358398,9.322426795959473,8.663219451904297,5.440271377563477,4.287918567657471,4.648366451263428,8.043609619140625,8.889135360717773,4.893395900726318,5.625500679016113,5.200761795043945,3.2496519088745117,3.849412441253662,3.8484489917755127,4.654425144195557,3.923990488052368,4.4713215827941895,6.061251640319824,6.309418678283691,4.797567844390869,-267.656494140625,88.69145202636719,19.057857513427734,0.7622500658035278,8.602581977844238,3.859013795852661,15.748723983764648,16.422943115234375,0.22473767399787903,4.496170997619629,32.8160285949707,8.254678726196289,10.564616203308105,14.484330177307129,6.942783355712891,6.084176063537598,6.092478275299072,3.9811336994171143,4.814619541168213,3.4935288429260254,0.8201984763145447,0.7313222289085388,0.4937000274658203,0.3631878197193146,0.5410447120666504,0.4389917552471161,0.2645440101623535,0.2615754008293152,0.26729369163513184,0.28958752751350403,0.3330174684524536,0.4489346146583557,0.2655671238899231,0.24308012425899506,0.1778685450553894,0.18159279227256775,0.28285205364227295,0.26755914092063904,0.185360848903656,0.17479491233825684,0.16550032794475555,0.1887427419424057,0.16772271692752838,0.16425848007202148,620.339986400404,830.1524434454757,1388.642264811323,0.020322016386310905,0.0015010494971647859,450.0,460.0,455.0,511.0,521.0,516.0,1,chanting
P5,-6.360805988311768,-11.980558395385742,-21.6924991607666,-30.087203979492188,-29.277816772460938,-30.105297088623047,-31.33287811279297,-32.97496795654297,-34.02546691894531,-35.66274642944336,-35.743995666503906,-37.62652587890625,-43.45338821411133,-47.423728942871094,-49.283851623535156,-51.776615142822266,-52.7071418762207,-52.475406646728516,-47.44483947753906,-48.98188400268555,-55.63893127441406,-57.411346435546875,-59.55765151977539,-64.54341125488281,-61.64949035644531,-62.229557037353516,-63.71094512939453,-61.19194030761719,-57.706214904785156,-59.405052185058594,-60.48208236694336,-62.054832458496094,2.851210117340088,4.047945499420166,6.209403991699219,5.874296188354492,11.580072402954102,12.680912971496582,13.676945686340332,12.9170560836792,14.454744338989258,14.452258110046387,15.62763500213623,16.277875900268555,11.09460163116455,9.292837142944336,9.173905372619629,5.828670501708984,5.675642490386963,6.940540790557861,10.459148406982422,11.228225708007812,8.082026481628418,8.675536155700684,8.45617961883545,7.050082683563232,8.203408241271973,7.2589921951293945,8.659087181091309,8.420489311218262,8.994607925415039,8.72001838684082,8.263877868652344,7.626283645629883,-257.3866882324219,81.46967315673828,20.49815559387207,6.8280534744262695,9.702339172363281,2.124413251876831,12.006939888000488,13.31635856628418,-0.49810704588890076,4.019567012786865,45.081878662109375,20.001489639282227,7.893124103546143,14.354752540588379,9.739715576171875,8.394306182861328,6.913206100463867,2.91812801361084,6.161440372467041,3.058825969696045,0.579055905342102,0.6528286933898926,0.5147688388824463,0.49691471457481384,0.6837988495826721,0.5825473070144653,0.3185375928878784,0.29750338196754456,0.2998619079589844,0.28533440828323364,0.2899210751056671,0.3584173023700714,0.30039629340171814,0.3200836181640625,0.19800792634487152,0.2258927822113037,0.30660808086395264,0.2660962641239166,0.23467710614204407,0.22832490503787994,0.21311970055103302,0.23262500762939453,0.18924367427825928,0.18954306840896606,793.9324318106269,1468.6793634897042,1576.3086045066898,0.02507794373549884,0.001448065391741693,460.0,470.0,465.0,521.0,531.0,526.0,1,chanting
P5,-5.297247886657715,-10.619339942932129,-20.446056365966797,-29.063520431518555,-30.165952682495117,-32.61625289916992,-35.365394592285156,-34.59918975830078,-36.25419998168945,-38.89714050292969,-40.53508377075195,-42.9573974609375,-49.17387771606445,-52.152034759521484,-55.26438522338867,-56.27715301513672,-56.30691146850586,-57.04596710205078,-54.45524978637695,-56.02777099609375,-60.58522415161133,-64.63919830322266,-67.20335388183594,-68.08350372314453,-67.65259552001953,-65.63465118408203,-65.45899200439453,-67.32499694824219,-64.19927215576172,-63.36851119995117,-64.66552734375,-66.80754089355469,2.398772954940796,2.699322462081909,4.241858959197998,4.971221446990967,11.065644264221191,11.989914894104004,11.466853141784668,10.701603889465332,11.742706298828125,11.378144264221191,12.44322395324707,12.94741439819336,8.521309852600098,6.838354110717773,6.052958011627197,3.2006702423095703,3.1372156143188477,3.2448105812072754,6.092738628387451,8.221226692199707,4.508950233459473,3.6783158779144287,2.9324934482574463,2.1701478958129883,2.208714008331299,3.2975897789001465,3.539762496948242,1.981967568397522,4.235665321350098,5.823192596435547,5.375470161437988,3.7554562091827393,-279.1557312011719,90.36949920654297,28.47910499572754,8.878829002380371,11.331445693969727,3.868134021759033,10.470233917236328,14.489361763000488,1.8004891872406006,2.054088830947876,29.728090286254883,11.66796588897705,6.034101486206055,14.11888313293457,8.334638595581055,7.713116645812988,3.504753351211548,3.087791919708252,6.076909065246582,2.8523213863372803,0.6597929000854492,0.804909884929657,0.5762712955474854,0.45233651995658875,0.6581298112869263,0.5434750318527222,0.29059118032455444,0.27209872007369995,0.27338743209838867,0.2487798035144806,0.24307158589363098,0.3306121230125427,0.27704721689224243,0.2720433473587036,0.2079963982105255,0.22311826050281525,0.2770823836326599,0.25541263818740845,0.19003160297870636,0.19856372475624084,0.18230436742305756,0.18524202704429626,0.14368310570716858,0.14936648309230804,456.38045772227144,538.6548248078597,1213.5055337199512,0.015632930321925753,0.0014046917203813791,470.0,480.0,475.0,531.0,541.0,536.0,1,chanting
P5,-6.33298397064209,-11.070582389831543,-20.585891723632812,-28.422033309936523,-24.637256622314453,-23.60681915283203,-24.024873733520508,-27.025371551513672,-27.694026947021484,-29.176103591918945,-29.0200252532959,-30.273324966430664,-38.749210357666016,-44.2752799987793,-46.126670837402344,-50.515289306640625,-51.81270980834961,-50.6765022277832,-44.98781967163086,-46.078277587890625,-53.61314010620117,-55.66511535644531,-56.6678581237793,-61.322872161865234,-61.2132682800293,-61.102577209472656,-61.04866027832031,-57.898162841796875,-56.9227180480957,-57.229434967041016,-58.72909164428711,-62.17399978637695,3.077693462371826,3.858079671859741,6.549860000610352,5.579045295715332,10.453620910644531,11.734188079833984,12.93454360961914,11.267965316772461,12.10857105255127,12.149423599243164,12.863632202148438,13.013188362121582,8.01506519317627,5.393280506134033,4.8011555671691895,4.733301639556885,4.951611042022705,5.384212970733643,6.916235446929932,6.912846565246582,5.823866367340088,6.43511962890625,6.319221496582031,6.527470111846924,7.3228678703308105,6.490067481994629,7.570739269256592,8.358375549316406,6.494650840759277,5.696490287780762,5.749127388000488,4.793118000030518,-240.18260192871094,87.15074920654297,17.587608337402344,0.6152456998825073,2.613668441772461,0.10456185787916183,12.215158462524414,13.6815824508667,-2.7658421993255615,4.589871406555176,28.317157745361328,25.118215560913086,4.574763774871826,13.421143531799316,8.60218334197998,10.084845542907715,7.325397968292236,3.282658815383911,5.919974327087402,3.5308938026428223,0.7265603542327881,0.5826916694641113,0.4036882519721985,0.4937066435813904,0.7354543209075928,0.3964260518550873,0.2068992704153061,0.26290398836135864,0.2368413358926773,0.23223727941513062,0.29247671365737915,0.43699851632118225,0.3407740592956543,0.25474587082862854,0.15610827505588531,0.26529955863952637,0.2522461712360382,0.23825639486312866,0.18567344546318054,0.16739723086357117,0.20881393551826477,0.2013568878173828,0.16109824180603027,0.1762642115354538,874.0301625372563,1668.798261673434,1598.4245598889977,0.029359184672273782,0.0016264274017885327,480.0,490.0,485.0,541.0,551.0,546.0,1,chanting
P5,-6.7926459312438965,-11.992452621459961,-20.43980598449707,-29.1329345703125,-31.313793182373047,-34.40233612060547,-41.147647857666016,-39.500221252441406,-40.98596954345703,-43.06880187988281,-45.43627166748047,-48.37939453125,-52.65682601928711,-55.02594757080078,-57.4152946472168,-57.65928268432617,-57.6895751953125,-58.6735954284668,-58.345767974853516,-60.27219009399414,-63.40053939819336,-66.53628540039062,-67.08930969238281,-66.42278289794922,-65.6388168334961,-65.14222717285156,-65.4676513671875,-66.05461120605469,-64.51719665527344,-64.76846313476562,-67.7555923461914,-69.03153228759766,2.3402798175811768,2.9593851566314697,6.140994071960449,5.707941055297852,11.788908004760742,11.233007431030273,7.093179225921631,8.558243751525879,10.015022277832031,9.196185111999512,9.774566650390625,10.31224536895752,5.953653812408447,5.363318920135498,5.017460823059082,4.328791618347168,4.350717544555664,4.876812934875488,5.9444379806518555,6.814745903015137,5.05753755569458,4.341719627380371,4.153210639953613,5.054373264312744,5.359963417053223,5.000535488128662,4.965672969818115,5.128194808959961,4.829761981964111,5.772521495819092,3.861870288848877,3.2624824047088623,-290.29486083984375,85.63751983642578,32.51103973388672,14.569250106811523,11.492753982543945,8.652972221374512,6.536616325378418,12.220198631286621,2.594998359680176,0.7440444231033325,26.04452133178711,13.25346851348877,5.710959434509277,11.233898162841797,6.962527275085449,7.046267509460449,3.974423885345459,4.115985870361328,7.011227607727051,3.649489641189575,0.7805300354957581,0.545933187007904,0.35384130477905273,0.5611086487770081,0.5656632781028748,0.3486538827419281,0.24756012856960297,0.2628856897354126,0.2609936594963074,0.24188894033432007,0.26932793855667114,0.5227887034416199,0.31460195779800415,0.2563317120075226,0.19797389209270477,0.3204057514667511,0.3188911974430084,0.21582934260368347,0.20125851035118103,0.20321570336818695,0.22432030737400055,0.20509542524814606,0.1868794560432434,0.21155548095703125,453.8059828874597,482.2238435324826,1245.2167600399011,0.014899941995359628,0.0013513911981135607,490.0,500.0,495.0,551.0,561.0,556.0,1,chanting
P5,-5.8425726890563965,-11.022823333740234,-21.803298950195312,-27.296405792236328,-25.305679321289062,-23.501171112060547,-23.96779441833496,-25.62793731689453,-25.972209930419922,-28.706716537475586,-28.8438777923584,-30.68970489501953,-40.9133186340332,-46.17116928100586,-48.35517120361328,-52.14668655395508,-53.32625961303711,-52.95375442504883,-46.80179214477539,-46.863136291503906,-55.48906707763672,-57.35732650756836,-58.61688995361328,-62.30101776123047,-62.5064697265625,-63.04065704345703,-61.18634796142578,-58.37077713012695,-58.499305725097656,-58.904075622558594,-59.88739776611328,-63.362796783447266,2.603949785232544,3.323793411254883,5.284334659576416,5.245416164398193,8.054227828979492,9.381929397583008,10.5341157913208,9.646172523498535,10.64391040802002,10.460678100585938,11.122434616088867,11.693570137023926,7.436339378356934,5.249253749847412,4.980909824371338,5.0170416831970215,4.988158226013184,5.658169269561768,7.1155171394348145,7.1205315589904785,6.588842868804932,7.370526313781738,6.764355182647705,5.093347549438477,6.010379314422607,6.236259460449219,6.555178642272949,7.482569217681885,5.73594331741333,4.626707553863525,5.089653015136719,4.722692012786865,-244.94772338867188,90.61100769042969,19.98429298400879,-0.4718238413333893,0.2942078709602356,-0.66963130235672,12.565502166748047,15.589265823364258,-1.9585291147232056,4.552793979644775,28.232534408569336,18.773921966552734,5.916262149810791,10.546832084655762,9.023032188415527,6.906932353973389,6.20609188079834,3.1147868633270264,5.475095748901367,3.643139600753784,0.7867310047149658,0.7087529897689819,0.49579834938049316,0.4282420575618744,0.6921685338020325,0.46632859110832214,0.2214321345090866,0.29220402240753174,0.25412076711654663,0.21768826246261597,0.3086344301700592,0.41794559359550476,0.3005412817001343,0.26415199041366577,0.17490436136722565,0.2089194804430008,0.2536582946777344,0.23964761197566986,0.17073197662830353,0.16749940812587738,0.15574142336845398,0.16050483286380768,0.15056687593460083,0.1419864147901535,756.9235074906481,1303.2334188297564,1496.5711584481958,0.025480124347447796,0.001632106606848538,500.0,510.0,505.0,561.0,571.0,566.0,1,chanting
P5,-6.269473075866699,-12.28831672668457,-23.261138916015625,-30.227174758911133,-35.8443603515625,-38.438697814941406,-41.02524948120117,-39.09426498413086,-41.640174865722656,-44.17239761352539,-46.503028869628906,-49.85730743408203,-52.846397399902344,-54.89862823486328,-56.68510437011719,-55.76145553588867,-55.61445617675781,-56.83658981323242,-56.28083419799805,-58.83272933959961,-61.487483978271484,-64.51908874511719,-65.57842254638672,-65.3254623413086,-64.50088500976562,-64.53065490722656,-64.21537780761719,-63.63057327270508,-62.725582122802734,-63.62548828125,-65.98607635498047,-66.69074249267578,2.492523670196533,2.813873052597046,4.6873931884765625,5.331796169281006,5.31427526473999,6.155878067016602,6.8502421379089355,8.489583969116211,8.471213340759277,7.908126354217529,8.063285827636719,7.207042217254639,5.258188724517822,5.657310962677002,6.439952373504639,6.130635738372803,6.56911039352417,7.320305824279785,8.174300193786621,9.18503475189209,8.047235488891602,6.927003860473633,6.513700485229492,6.686534881591797,6.689786911010742,6.361841201782227,7.770884037017822,8.273032188415527,7.514736175537109,7.3462605476379395,6.3488569259643555,6.17962646484375,-288.0034484863281,78.35272216796875,30.220808029174805,15.699319839477539,13.787206649780273,8.302722930908203,7.4146504402160645,14.514264106750488,5.191378116607666,3.098064422607422,30.306659698486328,14.925474166870117,7.383803367614746,7.836341381072998,6.477550983428955,5.574257850646973,3.943113327026367,3.9657185077667236,3.277451515197754,3.0566461086273193,0.6089236736297607,0.7297235131263733,0.5830346345901489,0.5368432402610779,0.7537423968315125,0.596001386642456,0.34895414113998413,0.33822619915008545,0.35882046818733215,0.3500320613384247,0.32199400663375854,0.39781200885772705,0.2726026177406311,0.3039676547050476,0.19376665353775024,0.20511120557785034,0.2644890546798706,0.23115678131580353,0.16733305156230927,0.20264381170272827,0.21202677488327026,0.2374473512172699,0.20836196839809418,0.19904933869838715,568.4996559239595,962.6990510803364,1388.9315133114424,0.014206605278422274,0.0012646495597437024,510.0,520.0,515.0,571.0,581.0,576.0,1,chanting
P5,-5.153470516204834,-9.52877140045166,-16.592025756835938,-25.968564987182617,-22.103540420532227,-21.818204879760742,-22.495840072631836,-22.578655242919922,-24.00773048400879,-26.585933685302734,-27.27398109436035,-28.81748390197754,-39.70206069946289,-46.149532318115234,-48.32525634765625,-53.26728057861328,-54.72486877441406,-54.590301513671875,-48.0084228515625,-48.6656494140625,-58.17018127441406,-60.28925323486328,-60.49050521850586,-65.42485046386719,-66.4894790649414,-66.77999114990234,-66.74596405029297,-63.4439811706543,-60.120460510253906,-58.654327392578125,-60.1867790222168,-64.3275146484375,2.1868255138397217,2.9389026165008545,4.796198844909668,5.0035505294799805,8.486807823181152,9.726861000061035,11.293490409851074,9.588810920715332,10.567288398742676,10.40923023223877,10.10080337524414,11.276872634887695,9.151991844177246,6.660068035125732,7.545079708099365,5.529666900634766,4.4492716789245605,4.7823872566223145,8.399870872497559,8.339933395385742,6.206070423126221,7.866173267364502,8.127161026000977,4.955684185028076,3.045292615890503,2.47717022895813,3.2837138175964355,6.08665132522583,4.88918399810791,3.9209017753601074,5.0777907371521,3.303882598876953,-247.04205322265625,102.04459381103516,22.093793869018555,-4.662871837615967,1.8655365705490112,-3.2814652919769287,15.003657341003418,13.937950134277344,-2.4047789573669434,3.8852379322052,32.740108489990234,9.964324951171875,8.585118293762207,7.998475074768066,7.482544898986816,7.099153518676758,3.649785280227661,3.264592170715332,4.318665981292725,3.831421136856079,0.6084491610527039,0.94785475730896,0.6732633709907532,0.31699180603027344,0.36898770928382874,0.44288012385368347,0.18270139396190643,0.16599710285663605,0.26105958223342896,0.16775916516780853,0.20140284299850464,0.3020264804363251,0.1800023913383484,0.17194384336471558,0.16144859790802002,0.15829548239707947,0.2157079130411148,0.2032395601272583,0.13861095905303955,0.12379788607358932,0.12440887838602066,0.13713639974594116,0.11825825273990631,0.11781181395053864,623.3310858151697,892.2789819279292,1288.9818007443846,0.02507454502610209,0.0017355188028886914,520.0,530.0,525.0,581.0,591.0,586.0,1,chanting
P5,-7.40091609954834,-13.1791410446167,-21.692543029785156,-31.743066787719727,-36.92226791381836,-39.81709671020508,-43.830406188964844,-42.167396545410156,-43.306861877441406,-45.525390625,-49.21401596069336,-52.60945510864258,-53.71088790893555,-55.927005767822266,-57.741310119628906,-56.50458526611328,-56.47847366333008,-57.71249771118164,-57.76333999633789,-60.03133010864258,-62.08125305175781,-65.50101470947266,-66.61320495605469,-66.18084716796875,-65.37908172607422,-65.6001968383789,-65.37525939941406,-64.3819351196289,-63.59703063964844,-64.82748413085938,-66.99478149414062,-67.58944702148438,2.473799467086792,3.1446080207824707,7.1382036209106445,4.720907211303711,4.8487868309021,4.93092155456543,4.88330602645874,6.08189058303833,7.047056198120117,6.904232978820801,5.869792938232422,5.455587387084961,5.832931041717529,6.047068119049072,6.525470733642578,6.404068946838379,6.822149276733398,7.767702102661133,8.550061225891113,9.0213041305542,7.69499397277832,6.795655727386475,6.466705799102783,7.351712226867676,7.6543450355529785,6.986954212188721,7.976799964904785,8.52603530883789,7.285122394561768,6.796757221221924,6.016306400299072,6.3592095375061035,-294.75738525390625,77.38227081298828,30.928808212280273,17.61463165283203,15.590890884399414,9.183703422546387,7.196761608123779,13.857154846191406,4.914911270141602,2.823371410369873,29.062572479248047,15.166010856628418,8.770345687866211,5.36325740814209,3.9796879291534424,5.569448947906494,3.907930850982666,3.6172099113464355,2.933798313140869,2.613891363143921,0.41587918996810913,0.6623890399932861,0.5917903780937195,0.4885692298412323,0.7039976119995117,0.5827619433403015,0.35550540685653687,0.3067004084587097,0.31498080492019653,0.32574984431266785,0.28288450837135315,0.29626980423927307,0.21400590240955353,0.337934672832489,0.24452544748783112,0.2084885686635971,0.31231385469436646,0.2860545814037323,0.2026825249195099,0.20349043607711792,0.2063284069299698,0.24018815159797668,0.2097540944814682,0.18769586086273193,560.8835751698387,883.7106656032482,1391.5538265224861,0.014155624637470998,0.0012571518309414387,530.0,540.0,535.0,591.0,601.0,596.0,1,chanting
P5,-6.972677707672119,-10.285236358642578,-13.695589065551758,-27.567562103271484,-19.107091903686523,-19.460956573486328,-21.82099151611328,-22.56063461303711,-24.477548599243164,-26.202669143676758,-26.444971084594727,-29.488548278808594,-40.040122985839844,-44.66971969604492,-48.49635696411133,-54.22426223754883,-55.07558822631836,-55.34724426269531,-49.611541748046875,-47.847999572753906,-55.748931884765625,-60.2151985168457,-60.33280944824219,-64.75489044189453,-65.87625122070312,-65.84062194824219,-66.20622253417969,-64.58294677734375,-61.0103874206543,-57.101497650146484,-59.47370910644531,-64.54191589355469,2.299567699432373,2.387606143951416,4.6301422119140625,4.550167083740234,7.35946798324585,7.6463727951049805,8.732067108154297,8.031579971313477,8.609659194946289,8.145353317260742,8.10658073425293,10.789958953857422,9.604701042175293,6.577475070953369,6.699948787689209,5.323977947235107,4.746923923492432,5.241635799407959,9.281128883361816,9.804177284240723,6.637350559234619,8.25991439819336,8.917473793029785,5.8738250732421875,4.029349327087402,3.683194398880005,4.008270740509033,6.754342079162598,6.375364780426025,4.750323295593262,5.623229026794434,4.331129550933838,-245.5574188232422,102.31306457519531,22.899776458740234,-4.4672393798828125,-0.008426675572991371,-4.531732559204102,14.673745155334473,11.312820434570312,-4.017831802368164,3.5290799140930176,30.568931579589844,7.933359622955322,10.328666687011719,6.163356781005859,5.113722801208496,6.203747272491455,5.265873432159424,3.2432236671447754,4.48690128326416,3.7950713634490967,0.9630700945854187,0.5493856072425842,0.20805716514587402,0.2425023466348648,0.34102264046669006,0.12408316135406494,0.09990226477384567,0.196333110332489,0.10979938507080078,0.1190626323223114,0.1977347731590271,0.4520585238933563,0.15462671220302582,0.1589849889278412,0.1169249638915062,0.19045597314834595,0.2194351851940155,0.11646484583616257,0.0986592173576355,0.12018004059791565,0.09169555455446243,0.09682127833366394,0.11830759793519974,0.1626606285572052,684.8434923011507,964.0230183258411,1362.322111871516,0.029617486586426916,0.001895067049190402,540.0,550.0,545.0,601.0,611.0,606.0,1,chanting
P5,-7.026719093322754,-11.728866577148438,-18.43470001220703,-29.91844367980957,-32.06437301635742,-33.423038482666016,-37.47956848144531,-38.204986572265625,-40.17618942260742,-41.883880615234375,-44.220298767089844,-46.89445877075195,-49.897674560546875,-52.69948959350586,-54.9874382019043,-54.223419189453125,-54.9041748046875,-55.783851623535156,-54.560791015625,-56.92644119262695,-60.25374221801758,-62.49330139160156,-64.02356719970703,-65.3551025390625,-65.66976928710938,-66.56708526611328,-65.42630767822266,-62.758663177490234,-62.525238037109375,-64.28557586669922,-65.49857330322266,-66.73831939697266,3.0785443782806396,4.411746978759766,9.797961235046387,6.745059013366699,10.724462509155273,11.882722854614258,13.016863822937012,12.72439956665039,13.702288627624512,13.942461967468262,14.737961769104004,14.54094123840332,10.078927040100098,8.871140480041504,9.142803192138672,7.848369598388672,7.320350170135498,8.430636405944824,10.857436180114746,11.880568504333496,9.623178482055664,9.313908576965332,9.424772262573242,7.909653186798096,7.541811466217041,7.040738582611084,8.22563362121582,10.14931583404541,8.744762420654297,7.667800426483154,7.642747402191162,6.856631755828857,-280.5506286621094,83.77247619628906,28.069759368896484,14.534587860107422,13.360931396484375,5.629417419433594,7.532702445983887,12.070613861083984,1.8344471454620361,3.5210623741149902,45.68378448486328,19.179813385009766,10.999958038330078,11.928929328918457,9.188575744628906,7.993520259857178,5.762807369232178,4.2199931144714355,5.866374492645264,3.8671469688415527,0.6339421272277832,0.6189941167831421,0.4062331020832062,0.5417505502700806,0.5504809021949768,0.34297892451286316,0.25974181294441223,0.27844008803367615,0.2682955265045166,0.23932422697544098,0.2510359585285187,0.3443804681301117,0.3266642987728119,0.28477782011032104,0.22333766520023346,0.3725045621395111,0.3418126702308655,0.26886793971061707,0.24850483238697052,0.23314499855041504,0.25744733214378357,0.23161427676677704,0.2041982263326645,0.20742808282375336,608.5665405856752,1003.467250036253,1349.1815011500776,0.02023478284512761,0.0015857842518016696,550.0,560.0,555.0,611.0,621.0,616.0,1,chanting
P5,-5.469240665435791,-8.652776718139648,-10.946319580078125,-26.3565616607666,-20.374380111694336,-21.371627807617188,-24.35820960998535,-23.65357208251953,-25.978439331054688,-28.9332275390625,-30.334453582763672,-32.3787841796875,-42.79735565185547,-45.94542694091797,-48.710411071777344,-53.231483459472656,-54.316810607910156,-54.74655532836914,-50.36188507080078,-50.884521484375,-57.25228500366211,-61.1463623046875,-62.36714172363281,-65.88798522949219,-67.43511962890625,-66.65912628173828,-67.35604095458984,-66.36592864990234,-61.672977447509766,-59.01878356933594,-61.32612991333008,-64.44780731201172,1.9968503713607788,1.616693377494812,1.853554368019104,3.6183252334594727,7.182900905609131,8.601086616516113,11.87258243560791,10.634137153625488,10.673531532287598,11.236274719238281,13.120999336242676,15.345556259155273,9.680436134338379,7.617027759552002,8.618819236755371,4.4750847816467285,3.7992916107177734,4.688503265380859,8.547174453735352,10.545804977416992,6.2697978019714355,6.825363636016846,8.468907356262207,5.161523818969727,3.1408441066741943,3.10390043258667,3.026395797729492,3.381155014038086,4.101382255554199,5.066773414611816,6.385621070861816,4.197589874267578,-251.1533203125,104.0647201538086,25.09442901611328,-0.6903203725814819,4.867485523223877,-3.5117862224578857,12.858189582824707,11.314943313598633,-1.427052617073059,3.295457363128662,32.76328659057617,7.597656726837158,11.636747360229492,12.583365440368652,8.190442085266113,6.84202766418457,6.939820289611816,3.3724963665008545,3.5828700065612793,3.2308998107910156,0.982431948184967,0.6202706098556519,0.22790595889091492,0.21735477447509766,0.28208982944488525,0.10490641742944717,0.09130105376243591,0.18971706926822662,0.0982571542263031,0.10742700099945068,0.18478554487228394,0.4432188868522644,0.07248435169458389,0.19352102279663086,0.09449031949043274,0.10879067331552505,0.1528080552816391,0.0577186681330204,0.052458275109529495,0.11801660805940628,0.04999656602740288,0.0644945502281189,0.11274770647287369,0.146945983171463,576.0523770043652,796.6785545968678,1229.8469441372742,0.026456686847447796,0.001848279731348157,560.0,570.0,565.0,621.0,631.0,626.0,1,chanting
P5,-6.352997779846191,-11.604414939880371,-19.37963104248047,-30.567157745361328,-30.301006317138672,-31.519622802734375,-33.77256774902344,-35.03604507446289,-36.5062370300293,-37.76181411743164,-38.43812942504883,-40.88975524902344,-46.385711669921875,-50.45686340332031,-51.44483184814453,-52.525875091552734,-53.6119270324707,-54.18231201171875,-51.02033615112305,-52.930992126464844,-57.99033737182617,-59.74756622314453,-60.261962890625,-62.91015625,-63.01547622680664,-63.784767150878906,-64.03946685791016,-60.96101760864258,-60.71275329589844,-62.26280212402344,-62.63393783569336,-64.94127655029297,3.077462673187256,4.392090797424316,8.33462142944336,5.37230920791626,11.284756660461426,12.387173652648926,13.837394714355469,13.55209732055664,14.785002708435059,15.700506210327148,16.4227352142334,15.855785369873047,10.236510276794434,8.620635032653809,9.031285285949707,7.18374490737915,7.011951446533203,8.277888298034668,11.037162780761719,12.145021438598633,9.21876049041748,8.828243255615234,9.444449424743652,7.542083740234375,7.601330757141113,7.034578323364258,7.602836608886719,9.2748384475708,8.660157203674316,7.5578789710998535,7.932603359222412,6.997984409332275,-266.57037353515625,82.90548706054688,23.689594268798828,10.711421966552734,9.633068084716797,5.076268196105957,10.330594062805176,12.644783020019531,1.484218716621399,3.361821174621582,46.78907775878906,18.517436981201172,9.903848648071289,13.31088638305664,11.362618446350098,8.409088134765625,6.846497535705566,3.8682687282562256,5.291731357574463,3.3303048610687256,0.4288087785243988,0.7120579481124878,0.5914031267166138,0.42430177330970764,0.5492687225341797,0.5363963842391968,0.3265060484409332,0.2507793605327606,0.2564818859100342,0.23385198414325714,0.21577076613903046,0.265041321516037,0.2120579481124878,0.33188411593437195,0.21522073447704315,0.24450065195560455,0.3716108202934265,0.31961387395858765,0.2557132840156555,0.2364967167377472,0.2011643797159195,0.21098780632019043,0.1832851767539978,0.1694875955581665,685.5200458592851,1153.400295461137,1424.2904853373122,0.022107471722737818,0.0015144937206059694,570.0,580.0,575.0,631.0,641.0,636.0,1,chanting
P5,-5.5774760246276855,-9.119518280029297,-11.187556266784668,-27.918968200683594,-23.995153427124023,-25.50733184814453,-30.73929214477539,-31.045461654663086,-32.5109977722168,-34.360721588134766,-35.82033920288086,-39.783687591552734,-46.424583435058594,-49.69096374511719,-53.607357025146484,-55.989097595214844,-56.66630935668945,-57.67390441894531,-54.77256774902344,-55.34701919555664,-61.40530776977539,-65.8404769897461,-66.69612884521484,-67.6959228515625,-67.16522979736328,-66.4783935546875,-65.98684692382812,-67.22211456298828,-65.03795623779297,-61.845252990722656,-64.27535247802734,-67.09248352050781,2.204266309738159,1.9116557836532593,2.7052018642425537,4.534737586975098,7.9551191329956055,9.004252433776855,11.507378578186035,11.969544410705566,12.371346473693848,12.225709915161133,12.847994804382324,13.870999336242676,10.102801322937012,7.536532402038574,7.2623395919799805,3.535867929458618,2.9248034954071045,3.291062593460083,6.130867004394531,8.883254051208496,4.603122234344482,3.3766446113586426,4.246340751647949,2.614915370941162,2.5210719108581543,3.0557291507720947,3.348440170288086,2.4173450469970703,3.6697537899017334,5.840548992156982,5.460892200469971,3.644939661026001,-269.49249267578125,100.4484634399414,30.75244903564453,4.930107593536377,8.098441123962402,2.5427565574645996,9.691238403320312,11.917486190795898,-0.3932839334011078,0.40003371238708496,28.964649200439453,9.108429908752441,9.100160598754883,15.256248474121094,9.6276273727417,6.172913551330566,5.37204647064209,4.126646995544434,3.556128740310669,3.762632131576538,0.9512351155281067,0.6978980898857117,0.23143379390239716,0.24214816093444824,0.2833937108516693,0.15663200616836548,0.11062651872634888,0.1473928987979889,0.1100398525595665,0.10987982898950577,0.16455884277820587,0.42305299639701843,0.1239248737692833,0.21520556509494781,0.12519368529319763,0.16116470098495483,0.20492218434810638,0.14510521292686462,0.09370161592960358,0.09735725075006485,0.07997556775808334,0.07824671268463135,0.09813330322504044,0.18039554357528687,482.92584432899565,642.5737633229409,1152.4830647580784,0.021570475638051045,0.0016467776149511337,580.0,590.0,585.0,641.0,651.0,646.0,1,chanting
P5,-6.925588607788086,-12.49869441986084,-21.445493698120117,-32.22824478149414,-29.16043472290039,-29.810209274291992,-30.214284896850586,-32.076515197753906,-32.59268569946289,-33.68340301513672,-34.81584167480469,-39.01784896850586,-42.853546142578125,-47.98333740234375,-49.38621139526367,-52.396846771240234,-53.15646743774414,-53.772613525390625,-49.40794372558594,-49.78681182861328,-55.90397644042969,-58.503639221191406,-59.60072708129883,-63.7765998840332,-63.224708557128906,-63.04365921020508,-64.68042755126953,-61.32649230957031,-59.06515884399414,-59.192466735839844,-59.761253356933594,-63.39667892456055,3.003094434738159,4.61974573135376,8.235645294189453,5.279430866241455,13.083306312561035,14.442604064941406,15.61762523651123,13.6412992477417,15.137760162353516,15.469709396362305,16.01197052001953,14.195446014404297,10.474873542785645,8.196921348571777,8.498960494995117,6.885879039764404,6.977118015289307,7.403362274169922,10.546477317810059,11.440008163452148,8.450562477111816,7.936875820159912,8.00265121459961,7.277429103851318,7.914531230926514,7.024269104003906,7.4821624755859375,8.132340431213379,7.897299289703369,8.294394493103027,8.820743560791016,6.84522819519043,-258.9228515625,83.153564453125,20.70494270324707,4.615235328674316,7.615461349487305,1.525980830192566,12.811802864074707,13.444737434387207,0.7859817147254944,5.386560916900635,46.18767166137695,19.411352157592773,7.271963119506836,14.208659172058105,10.001656532287598,10.381911277770996,7.009758949279785,3.3627166748046875,5.411273002624512,3.0186476707458496,0.43192392587661743,0.682888925075531,0.4798857569694519,0.431680828332901,0.587740957736969,0.558275043964386,0.2991344928741455,0.2705870270729065,0.3138875365257263,0.2996300756931305,0.2876168489456177,0.3310675024986267,0.21551382541656494,0.33177852630615234,0.18366031348705292,0.2956981956958771,0.387712687253952,0.26487329602241516,0.2442055642604828,0.2491859644651413,0.23310498893260956,0.28013405203819275,0.22876358032226562,0.20211122930049896,766.6227871268569,1249.0257033062644,1548.2704935742163,0.02467009860788863,0.0015863062581047416,590.0,600.0,595.0,651.0,661.0,656.0,1,chanting
P5,-6.55449104309082,-10.231940269470215,-13.395654678344727,-30.60968589782715,-28.947546005249023,-30.71529769897461,-36.517513275146484,-36.842803955078125,-39.370826721191406,-41.554080963134766,-43.16268539428711,-47.64730453491211,-51.91244125366211,-54.933021545410156,-57.8889045715332,-57.71727752685547,-58.103946685791016,-60.162349700927734,-59.70005416870117,-60.73789978027344,-64.33828735351562,-67.6314468383789,-68.2684555053711,-68.86904907226562,-68.10319519042969,-66.97303771972656,-66.6344985961914,-68.22645568847656,-66.14456176757812,-64.92634582519531,-66.71131134033203,-69.06481170654297,2.2812106609344482,2.7472729682922363,6.396437168121338,4.578505039215088,10.580952644348145,11.44828987121582,10.529101371765137,10.340829849243164,11.042147636413574,11.597360610961914,13.091398239135742,11.1376371383667,7.93181037902832,6.915213108062744,5.968644142150879,3.9558675289154053,3.7178516387939453,3.4602625370025635,5.532871246337891,8.144539833068848,5.303499221801758,3.7727866172790527,4.099707126617432,3.1597113609313965,3.169776439666748,4.292665481567383,4.978019714355469,2.6403892040252686,4.297794342041016,6.396886825561523,5.693309307098389,3.4215800762176514,-288.6051330566406,93.90291595458984,35.38813400268555,11.741097450256348,11.237384796142578,5.940478324890137,7.08052921295166,11.374837875366211,2.5295541286468506,1.1890803575515747,29.889204025268555,8.496477127075195,7.108742713928223,13.068076133728027,9.721349716186523,6.887193202972412,3.5063400268554688,3.400416612625122,4.888481616973877,3.7237586975097656,0.36007389426231384,0.8990292549133301,0.6967684030532837,0.2484976351261139,0.29829806089401245,0.31357595324516296,0.17864586412906647,0.12954875826835632,0.14804542064666748,0.14816036820411682,0.13025641441345215,0.16417233645915985,0.1696513593196869,0.203129380941391,0.22236672043800354,0.17365241050720215,0.2742424011230469,0.28028857707977295,0.1771586686372757,0.1466875970363617,0.157666876912117,0.17888225615024567,0.16285663843154907,0.1535869687795639,422.84315663347604,478.40182488036544,1123.7110917202685,0.01902597520301624,0.0015763436676934361,600.0,610.0,605.0,661.0,671.0,666.0,1,chanting
P5,-6.676803112030029,-11.168899536132812,-17.873939514160156,-30.700485229492188,-21.771799087524414,-22.07322120666504,-25.248859405517578,-26.241933822631836,-27.303207397460938,-29.026731491088867,-30.761394500732422,-35.7176399230957,-41.70270919799805,-45.7415885925293,-47.98796463012695,-51.64352798461914,-52.478878021240234,-52.87287521362305,-48.129539489746094,-47.35541534423828,-54.494117736816406,-58.45947265625,-59.045650482177734,-62.074947357177734,-62.92005157470703,-63.03581619262695,-63.31321716308594,-60.69979476928711,-58.6252555847168,-57.630863189697266,-58.5924186706543,-62.870361328125,2.942124128341675,4.369256496429443,8.625947952270508,5.101463794708252,12.358567237854004,12.89698314666748,13.352330207824707,11.720595359802246,13.14069938659668,13.593586921691895,13.169743537902832,12.401799201965332,9.176356315612793,7.114051342010498,7.054018020629883,6.2065887451171875,6.148123741149902,6.667181968688965,9.113986015319824,9.41197681427002,7.04417610168457,7.989436626434326,8.269743919372559,6.587113857269287,6.61612606048584,5.791772365570068,6.408613681793213,8.624903678894043,7.842048645019531,5.931354999542236,6.281401634216309,6.011443138122559,-246.46902465820312,90.68202209472656,21.709333419799805,1.0977565050125122,2.8349130153656006,-2.957217216491699,11.050324440002441,12.69032096862793,-0.5505117774009705,4.965636253356934,36.27062225341797,22.86324119567871,9.490157127380371,11.643260955810547,8.962569236755371,8.577166557312012,5.765176773071289,3.1427814960479736,5.143529415130615,3.735621452331543,0.3989289104938507,0.7942810654640198,0.43645524978637695,0.2881430983543396,0.41832444071769714,0.44208720326423645,0.2042456418275833,0.17124022543430328,0.2333836704492569,0.20356051623821259,0.21582622826099396,0.27551043033599854,0.19141343235969543,0.32077139616012573,0.14456135034561157,0.2504754066467285,0.369223952293396,0.2860405147075653,0.21503016352653503,0.19992420077323914,0.19752749800682068,0.24081066250801086,0.21828071773052216,0.1986485719680786,795.7196929496193,1390.1656077798723,1529.2804628842657,0.028248939602668215,0.0018759197555482388,610.0,620.0,615.0,671.0,681.0,676.0,1,chanting
P5,-6.274523735046387,-11.241519927978516,-17.85533332824707,-28.43366813659668,-32.1607780456543,-34.06479263305664,-39.11853790283203,-39.072322845458984,-41.101463317871094,-43.63270950317383,-47.7591438293457,-51.38300323486328,-52.423065185546875,-54.64527130126953,-56.49028396606445,-55.39411544799805,-55.20170974731445,-56.39503860473633,-56.21221923828125,-59.19835662841797,-61.360172271728516,-63.685909271240234,-65.45916748046875,-65.16975402832031,-64.60087585449219,-65.13603210449219,-65.00239562988281,-64.23208618164062,-63.25090789794922,-64.03565979003906,-66.61322021484375,-67.16307830810547,2.6254639625549316,3.276010751724243,8.270236015319824,5.788625240325928,7.317804336547852,7.972385406494141,6.854963302612305,8.915264129638672,9.38257884979248,8.717489242553711,6.676766395568848,4.995685577392578,5.39808988571167,5.956667423248291,6.505566120147705,6.496262550354004,6.691711902618408,7.836099624633789,8.674309730529785,9.027591705322266,8.165963172912598,6.925410747528076,6.65029764175415,7.317062854766846,7.846549987792969,7.3360490798950195,7.690256118774414,8.197286605834961,7.927626132965088,7.622849941253662,6.11437463760376,6.475735664367676,-285.2763977050781,83.19146728515625,32.33132553100586,18.110340118408203,13.804012298583984,6.257742404937744,4.9977545738220215,11.726883888244629,4.185672283172607,2.6806447505950928,31.030872344970703,17.33095932006836,9.615778923034668,5.865414619445801,7.878979206085205,5.505243301391602,3.892876386642456,4.335318088531494,3.4326424598693848,3.423163652420044,0.3499292731285095,0.727524995803833,0.6789800524711609,0.42868566513061523,0.5668571591377258,0.48355191946029663,0.28529298305511475,0.22778576612472534,0.23401613533496857,0.23701035976409912,0.20124280452728271,0.22581161558628082,0.18166731297969818,0.32904985547065735,0.26203304529190063,0.2240017056465149,0.35677775740623474,0.3217848539352417,0.21102863550186157,0.20479623973369598,0.19325417280197144,0.21077997982501984,0.18299947679042816,0.1721370965242386,549.6520320901747,882.0369711608179,1323.0578193382394,0.016691061847447796,0.0013806886272504926,620.0,630.0,625.0,681.0,691.0,686.0,1,chanting
P5,-5.368576526641846,-9.252453804016113,-13.898309707641602,-29.392030715942383,-18.014101028442383,-18.373443603515625,-24.085126876831055,-22.461078643798828,-23.30874252319336,-24.886167526245117,-26.843544006347656,-32.408164978027344,-40.38594055175781,-45.29018020629883,-47.470428466796875,-52.564640045166016,-53.58055114746094,-54.35045623779297,-49.06840896606445,-48.83518600463867,-57.29563903808594,-60.49054718017578,-60.04576873779297,-63.585960388183594,-63.8178825378418,-63.46914291381836,-64.0546875,-63.62751770019531,-59.8940315246582,-57.67535400390625,-60.129234313964844,-64.04570007324219,2.173034191131592,2.8588852882385254,4.656782150268555,4.778511047363281,7.883398532867432,8.493029594421387,12.613136291503906,10.6156005859375,11.08552074432373,11.898113250732422,12.769404411315918,13.494462966918945,11.102988243103027,8.440293312072754,9.485528945922852,7.021976947784424,5.9913859367370605,6.504438877105713,10.671475410461426,10.458134651184082,7.0844902992248535,8.442946434020996,9.174578666687012,6.378138542175293,6.500229358673096,5.968033313751221,5.067386627197266,6.267686367034912,6.74251127243042,4.951533317565918,6.799020767211914,4.734194278717041,-243.59280395507812,100.89134979248047,23.591777801513672,-3.2473020553588867,-0.13550329208374023,-2.415534496307373,11.96205997467041,12.981329917907715,-0.5062554478645325,2.995173931121826,39.514854431152344,8.420655250549316,12.253226280212402,11.15451717376709,7.5083231925964355,6.215706825256348,5.204061985015869,3.142665386199951,3.5578811168670654,3.6917736530303955,0.9248540997505188,0.809346616268158,0.2875141501426697,0.2612161934375763,0.3561120629310608,0.17655056715011597,0.10475204139947891,0.2145836353302002,0.16472995281219482,0.1242247149348259,0.2675166726112366,0.3373659551143646,0.15833665430545807,0.17123307287693024,0.157766193151474,0.19067449867725372,0.181924507021904,0.13277752697467804,0.11757960170507431,0.12416768074035645,0.10750018060207367,0.097771555185318,0.1713779717683792,0.1269661784172058,638.3118716101767,863.4514686956206,1295.7739284910595,0.028211553799303943,0.0019469340331852436,630.0,640.0,635.0,691.0,701.0,696.0,1,chanting
P5,-6.956992149353027,-11.853607177734375,-18.91644859313965,-30.839889526367188,-31.48176383972168,-33.173099517822266,-37.031044006347656,-38.11540222167969,-40.510650634765625,-41.951663970947266,-42.45726776123047,-45.127410888671875,-47.95061492919922,-51.26511764526367,-52.67494201660156,-53.36026382446289,-53.701759338378906,-54.95365524291992,-53.15796661376953,-54.91990661621094,-58.556671142578125,-60.82939529418945,-61.098880767822266,-63.070640563964844,-61.173988342285156,-61.58772277832031,-63.06700134277344,-62.45940399169922,-61.234031677246094,-63.149044036865234,-63.85059356689453,-65.33020782470703,2.9066202640533447,4.034034729003906,8.932907104492188,5.8472819328308105,11.212553977966309,12.848912239074707,15.089401245117188,14.487728118896484,14.493849754333496,14.183789253234863,15.389232635498047,14.525714874267578,11.143468856811523,9.262909889221191,9.223536491394043,7.523861885070801,7.376665115356445,8.451080322265625,11.430242538452148,12.431446075439453,9.452717781066895,8.61754322052002,8.743459701538086,6.641647815704346,7.659637451171875,6.912096977233887,6.757602214813232,7.596144676208496,8.971322059631348,8.360483169555664,8.8717679977417,7.734111309051514,-273.2626647949219,79.15435791015625,26.107585906982422,15.349724769592285,11.520587921142578,8.050960540771484,7.588801383972168,10.563271522521973,2.4874298572540283,2.226113796234131,46.68034362792969,17.819520950317383,10.876752853393555,14.015881538391113,9.641449928283691,10.772238731384277,6.622687339782715,3.8714683055877686,4.31980562210083,3.431800365447998,0.39867350459098816,0.6972836256027222,0.4938618838787079,0.4683670103549957,0.6025917530059814,0.4999331533908844,0.2575669288635254,0.24426448345184326,0.2796151638031006,0.23756146430969238,0.21382524073123932,0.24946431815624237,0.21972043812274933,0.33610379695892334,0.22613219916820526,0.2889710068702698,0.36912301182746887,0.27087992429733276,0.21178342401981354,0.20790886878967285,0.19523918628692627,0.21256008744239807,0.18615998327732086,0.1798647940158844,662.8803777540902,1012.3852935578597,1434.491360068095,0.021023283425174014,0.0015578350285068154,640.0,650.0,645.0,701.0,711.0,706.0,1,chanting
P5,-5.960464000701904,-9.553095817565918,-12.776869773864746,-26.64798927307129,-19.28593635559082,-19.990507125854492,-31.13631820678711,-30.46737289428711,-32.67514419555664,-35.046913146972656,-36.26253128051758,-41.8548698425293,-47.08964538574219,-49.509273529052734,-53.394073486328125,-56.2465934753418,-56.63247299194336,-57.87501525878906,-55.48683166503906,-56.21976089477539,-60.95524597167969,-64.87071228027344,-66.11141967773438,-68.78425598144531,-68.17747497558594,-66.23912048339844,-65.4654541015625,-67.70069885253906,-65.755615234375,-62.76007843017578,-64.47058868408203,-67.51168060302734,2.143409490585327,1.907606601715088,3.104360818862915,3.9708175659179688,8.638875007629395,9.176702499389648,11.488361358642578,11.623841285705566,11.635072708129883,11.559303283691406,12.674230575561523,11.012483596801758,9.462210655212402,8.185598373413086,8.17567253112793,4.554701805114746,4.491362571716309,4.910957336425781,8.291319847106934,9.703412055969238,6.460607528686523,5.806156158447266,6.5831074714660645,2.953395366668701,3.171583414077759,5.112974643707275,5.885591506958008,2.8668324947357178,3.859952688217163,5.965796947479248,6.626029014587402,3.9142825603485107,-269.2156982421875,102.71199035644531,32.01806640625,5.935449600219727,6.677168846130371,-0.15230679512023926,6.446689605712891,8.862465858459473,-1.8165390491485596,0.8569841384887695,32.89704513549805,7.5248188972473145,9.602758407592773,12.588973045349121,8.710236549377441,6.801234245300293,4.041208267211914,3.600289821624756,4.331169605255127,4.420379638671875,0.32661283016204834,0.9975081086158752,0.5344671607017517,0.18103443086147308,0.1916833519935608,0.19443540275096893,0.08266247063875198,0.0731486976146698,0.12802474200725555,0.09009581804275513,0.07006411254405975,0.11901383846998215,0.11256275326013565,0.02218928374350071,0.18066199123859406,0.11286928504705429,0.12610888481140137,0.13121861219406128,0.05940214544534683,0.05786830559372902,0.10341231524944305,0.07378210127353668,0.05090085789561272,0.06683435291051865,491.30598203937757,620.2411837478248,1137.267901056987,0.023973363181554526,0.0017087372252717614,650.0,660.0,655.0,711.0,721.0,716.0,1,chanting
P5,-7.183053970336914,-12.004426956176758,-20.22833824157715,-31.012720108032227,-25.79754066467285,-26.755292892456055,-30.451871871948242,-30.89836883544922,-33.12732696533203,-34.72811508178711,-35.02073669433594,-39.43259048461914,-44.90544509887695,-49.16688919067383,-50.518070220947266,-52.83700180053711,-53.75081253051758,-54.30926513671875,-50.690101623535156,-50.85640335083008,-57.27558898925781,-60.434730529785156,-60.77680969238281,-64.01131439208984,-63.9847297668457,-63.88408660888672,-63.949501037597656,-61.02573776245117,-59.69308853149414,-60.58998107910156,-61.32987594604492,-64.79818725585938,3.153999090194702,4.319337844848633,7.769871234893799,5.439313888549805,12.856095314025879,14.3878173828125,14.181689262390137,13.668939590454102,13.993599891662598,14.246021270751953,15.217400550842285,13.362017631530762,9.56716251373291,7.941466808319092,8.262341499328613,7.111277103424072,6.674004554748535,7.40934944152832,10.150556564331055,10.685583114624023,8.074650764465332,8.369189262390137,8.384037017822266,6.781071186065674,7.548003673553467,6.269869327545166,6.2876296043396,8.587427139282227,8.439962387084961,7.3961052894592285,7.63305139541626,5.9783124923706055,-260.8212585449219,86.88449096679688,23.586658477783203,5.521988391876221,6.344897270202637,0.8940803408622742,9.393562316894531,12.945636749267578,-0.2483043223619461,4.310980796813965,43.374755859375,19.36338233947754,8.46150016784668,13.74892807006836,10.131240844726562,8.87105941772461,5.375511646270752,3.3780126571655273,4.867091655731201,3.9299793243408203,0.3735261559486389,0.7551417946815491,0.4983135759830475,0.36876070499420166,0.49218234419822693,0.45821505784988403,0.24257369339466095,0.2127368003129959,0.25589796900749207,0.21947331726551056,0.19140134751796722,0.2428014576435089,0.18687379360198975,0.324489563703537,0.16581998765468597,0.27456143498420715,0.39589083194732666,0.30037254095077515,0.2312142699956894,0.23846961557865143,0.2113010436296463,0.226164773106575,0.2014547437429428,0.18846017122268677,718.0038409584587,1152.051347701566,1473.2610537630183,0.024499030234918794,0.001676167012192309,660.0,670.0,665.0,721.0,731.0,726.0,1,chanting
P5,-5.723686218261719,-9.656529426574707,-13.280937194824219,-27.484169006347656,-28.31743049621582,-30.39434051513672,-38.53854751586914,-37.27351379394531,-39.426788330078125,-41.291778564453125,-45.29063034057617,-50.97805404663086,-53.19435119628906,-55.13069152832031,-57.57082748413086,-56.686702728271484,-56.85423278808594,-58.001224517822266,-58.023990631103516,-60.2665901184082,-62.55360794067383,-66.19005584716797,-67.50921630859375,-66.94143676757812,-66.20648956298828,-66.26602935791016,-66.14270782470703,-65.95974731445312,-65.14332580566406,-64.75642395019531,-67.1762466430664,-68.10778045654297,2.280172824859619,3.0451159477233887,8.095793724060059,5.477139949798584,9.442517280578613,10.402383804321289,6.173668384552002,10.593417167663574,10.719901084899902,10.074769020080566,9.597391128540039,5.742664813995361,4.416692733764648,4.561041831970215,4.807483673095703,4.811406135559082,4.838216781616211,5.381466388702393,5.989815711975098,6.553690433502197,5.71046257019043,4.749897480010986,4.5182085037231445,5.30724573135376,5.514343738555908,5.281954288482666,5.115877151489258,5.622088432312012,5.140193462371826,5.456707954406738,4.305455684661865,4.695075035095215,-285.73089599609375,91.48554229736328,36.09177780151367,16.229482650756836,12.338801383972168,5.1375813484191895,5.104126930236816,11.581038475036621,3.201183319091797,0.6961297988891602,22.66863441467285,16.15926170349121,8.1223783493042,10.3787841796875,8.574105262756348,8.078393936157227,3.1498186588287354,4.435867786407471,3.636432409286499,3.5236730575561523,0.48560675978660583,0.8704897165298462,0.40120929479599,0.31917446851730347,0.37204980850219727,0.28609174489974976,0.17069628834724426,0.16359306871891022,0.17413106560707092,0.15439464151859283,0.14099043607711792,0.18953967094421387,0.19582626223564148,0.26096171140670776,0.17360469698905945,0.27819809317588806,0.3521901071071625,0.2852919101715088,0.20637336373329163,0.2084081470966339,0.19053426384925842,0.18852102756500244,0.16446490585803986,0.1504916250705719,447.98057344116273,580.7469910092807,1150.235552195061,0.018270328813805106,0.0015056130941957235,670.0,680.0,675.0,731.0,741.0,736.0,1,chanting
P5,-5.878358364105225,-10.238883972167969,-19.701099395751953,-29.83694076538086,-22.443010330200195,-22.668426513671875,-29.339027404785156,-27.81535530090332,-29.240528106689453,-30.04237937927246,-29.64909553527832,-36.03416442871094,-44.3414192199707,-48.22135925292969,-50.64151382446289,-53.59052276611328,-54.17171096801758,-54.44009017944336,-50.37862014770508,-50.00141525268555,-57.3390007019043,-60.24863052368164,-60.469905853271484,-64.27111053466797,-64.49718475341797,-64.51350402832031,-64.8149185180664,-61.30223083496094,-59.47056198120117,-59.20565414428711,-60.24879455566406,-64.20515441894531,2.6814208030700684,3.645660400390625,6.688973903656006,4.222574234008789,8.70376205444336,9.009578704833984,10.657228469848633,9.597835540771484,10.064287185668945,10.456158638000488,11.296232223510742,12.078254699707031,9.178032875061035,6.760578632354736,6.932201385498047,6.3042755126953125,6.269289493560791,6.737037181854248,9.054886817932129,9.002531051635742,7.3209052085876465,8.459061622619629,8.220454216003418,5.822389602661133,6.12414026260376,5.560157299041748,5.378518104553223,7.82417106628418,6.9128098487854,4.928114891052246,6.256124496459961,4.914927005767822,-254.42771911621094,92.5413818359375,24.56394386291504,1.2636874914169312,3.4485530853271484,-1.0585901737213135,12.224803924560547,14.080669403076172,-1.152866005897522,3.14778995513916,32.85650634765625,16.946918487548828,9.132964134216309,9.954606056213379,7.061102390289307,5.672205448150635,6.680354118347168,3.22639799118042,4.326898574829102,5.064236640930176,0.4271278381347656,0.8652018904685974,0.5721108317375183,0.34097427129745483,0.3988358974456787,0.34944766759872437,0.17235781252384186,0.14899824559688568,0.2047310173511505,0.17883308231830597,0.1621505469083786,0.23831848800182343,0.17326240241527557,0.2775704562664032,0.16740195453166962,0.19731740653514862,0.31164178252220154,0.2473464012145996,0.16284672915935516,0.1655639261007309,0.17557892203330994,0.19775842130184174,0.16459952294826508,0.13381445407867432,681.6912855861974,1066.8428142220127,1433.5725034882553,0.0235383283787703,0.0016449830727651715,680.0,690.0,685.0,741.0,751.0,746.0,1,chanting
P5,-7.347685813903809,-12.501357078552246,-19.516801834106445,-29.795339584350586,-32.46416091918945,-34.69253158569336,-39.553218841552734,-40.64058303833008,-42.3704948425293,-44.18498229980469,-45.97195816040039,-48.5368766784668,-50.40644836425781,-53.040008544921875,-54.51165008544922,-54.56023025512695,-55.045387268066406,-55.79043960571289,-54.440673828125,-56.7078742980957,-59.70168685913086,-62.667903900146484,-64.0655517578125,-64.89813995361328,-64.30320739746094,-64.82408142089844,-64.60126495361328,-62.475189208984375,-62.66109085083008,-65.02337646484375,-66.4885025024414,-67.43960571289062,3.0507521629333496,4.214205265045166,8.305525779724121,5.658584117889404,9.210537910461426,10.59078311920166,11.482316017150879,11.092198371887207,12.012974739074707,11.864768981933594,12.69474983215332,11.763301849365234,9.27800178527832,8.303360939025879,8.643084526062012,7.42858362197876,7.132444381713867,8.392376899719238,10.112878799438477,10.969369888305664,9.210186004638672,8.915458679199219,8.602993965148926,7.695200443267822,8.138383865356445,7.525160312652588,7.8341779708862305,10.027409553527832,9.43071174621582,7.694380283355713,7.244905948638916,7.145832061767578,-283.0598449707031,80.53166961669922,27.59296989440918,17.698183059692383,14.058112144470215,7.606914520263672,5.95584774017334,11.363456726074219,1.2309074401855469,2.789532423019409,40.958343505859375,18.724477767944336,10.634908676147461,11.56155014038086,8.374775886535645,7.238304615020752,4.411252498626709,4.569859027862549,5.193504333496094,4.389372825622559,0.3877714276313782,0.7469020485877991,0.6563589572906494,0.4692457616329193,0.5753573179244995,0.4944610297679901,0.2820226848125458,0.2299085110425949,0.2458566129207611,0.2531214654445648,0.22277137637138367,0.26152774691581726,0.2168615311384201,0.3156965970993042,0.23901619017124176,0.25241461396217346,0.3486120402812958,0.29714906215667725,0.21385717391967773,0.2066354900598526,0.20419403910636902,0.22887755930423737,0.1997850239276886,0.19341745972633362,628.0241623643869,1013.3595336064385,1374.0781705555132,0.019557306772041764,0.0015240834327414632,690.0,700.0,695.0,751.0,761.0,756.0,1,chanting
P5,-6.296939373016357,-9.961200714111328,-13.640701293945312,-30.128633499145508,-24.773693084716797,-25.205242156982422,-33.63069534301758,-33.74671173095703,-34.51046371459961,-36.47184371948242,-37.91424560546875,-43.39189910888672,-48.84366989135742,-52.61698532104492,-54.79490661621094,-57.07487869262695,-57.29917526245117,-58.545677185058594,-55.373165130615234,-55.201637268066406,-61.58979034423828,-64.02279663085938,-63.98846435546875,-66.75318908691406,-67.54773712158203,-67.37237548828125,-67.02096557617188,-64.8140869140625,-62.966758728027344,-63.28834533691406,-64.44288635253906,-67.82079315185547,2.3508617877960205,2.319054126739502,3.658158779144287,3.5835587978363037,7.087920665740967,8.136456489562988,12.271443367004395,10.672133445739746,10.1614351272583,10.923205375671387,13.270612716674805,12.817056655883789,10.020663261413574,7.222619533538818,7.296428680419922,5.565465927124023,5.306108474731445,4.998697280883789,8.12490463256836,7.755093097686768,5.071981906890869,6.60238790512085,6.858005046844482,3.7697055339813232,3.275947332382202,2.857959508895874,2.821150064468384,5.391190528869629,6.277002334594727,5.4578447341918945,6.794787406921387,4.576667785644531,-274.1895751953125,95.31244659423828,31.84077262878418,8.868988990783691,7.459202289581299,1.730120062828064,9.573732376098633,11.801220893859863,-0.8162241578102112,2.5399887561798096,32.53094482421875,7.15286922454834,8.878436088562012,13.066253662109375,6.291576862335205,7.256510257720947,5.370856761932373,3.4626383781433105,4.683802604675293,4.969602108001709,0.43334200978279114,0.9985194802284241,0.5287712216377258,0.23787054419517517,0.24182955920696259,0.2207270860671997,0.10086555033922195,0.08855333179235458,0.12043867260217667,0.09456116706132889,0.08749926090240479,0.16605521738529205,0.1589474231004715,0.013726825825870037,0.150953009724617,0.12340548634529114,0.14242780208587646,0.1326645165681839,0.06902208179235458,0.06207513064146042,0.07443230599164963,0.05840563401579857,0.04976126551628113,0.07741277664899826,493.7043500315979,584.6439512035963,1212.4791945374836,0.019943626740139213,0.0016355369007214904,700.0,710.0,705.0,761.0,771.0,766.0,1,chanting
P5,-7.134486198425293,-12.291792869567871,-20.469402313232422,-31.39745330810547,-28.630111694335938,-29.7261962890625,-31.4851131439209,-33.296592712402344,-34.95233154296875,-36.592525482177734,-37.51534652709961,-41.307334899902344,-46.165225982666016,-49.94161605834961,-51.23543930053711,-52.970947265625,-53.88719940185547,-54.95157241821289,-51.1650505065918,-52.19797897338867,-57.63368225097656,-59.763214111328125,-60.40535354614258,-63.907352447509766,-63.981910705566406,-64.42438507080078,-64.59716796875,-60.83246994018555,-60.192726135253906,-61.85731887817383,-62.65180587768555,-65.26044464111328,3.1559126377105713,4.494687080383301,8.06806755065918,5.4361572265625,12.228409767150879,13.980568885803223,16.26984405517578,15.398469924926758,15.611252784729004,15.946449279785156,16.223112106323242,14.776224136352539,10.250497817993164,8.882068634033203,9.152883529663086,7.598899841308594,7.386316776275635,8.117355346679688,11.134781837463379,12.236854553222656,9.440767288208008,8.846301078796387,9.26177978515625,7.641569137573242,8.238177299499512,7.409845352172852,7.795047760009766,9.964152336120605,9.40190315246582,8.2291841506958,8.253486633300781,7.349475383758545,-265.663818359375,84.57813262939453,23.467607498168945,8.443511962890625,7.647139549255371,2.4750256538391113,9.711827278137207,12.780498504638672,0.7804058194160461,5.171320915222168,48.187583923339844,20.468856811523438,9.793100357055664,14.622358322143555,11.751721382141113,9.995706558227539,5.748798847198486,3.979487895965576,4.609078407287598,4.17809534072876,0.40875086188316345,0.7258026599884033,0.5345816016197205,0.40344202518463135,0.5490765571594238,0.5269281268119812,0.2749883532524109,0.24614009261131287,0.3087250590324402,0.2765192687511444,0.24602849781513214,0.2992382347583771,0.20078237354755402,0.3226023018360138,0.2123839110136032,0.25931647419929504,0.3658362030982971,0.2602035105228424,0.22202207148075104,0.234600231051445,0.21936437487602234,0.2588765323162079,0.2227039337158203,0.1895589530467987,724.837265111506,1231.5393434599769,1447.4338253445285,0.024561339907192576,0.0016537383198738098,710.0,720.0,715.0,771.0,781.0,776.0,1,chanting
P5,-5.337170600891113,-10.468929290771484,-17.55439567565918,-29.03497314453125,-28.804290771484375,-32.08059310913086,-38.3419075012207,-38.04234313964844,-39.543025970458984,-41.8861083984375,-43.56888961791992,-48.92600631713867,-52.66661071777344,-55.148563385009766,-58.12017059326172,-58.35201644897461,-58.43952178955078,-59.77920150756836,-59.806312561035156,-60.97917175292969,-63.862239837646484,-66.8331298828125,-67.46527862548828,-68.47167205810547,-67.9058837890625,-67.13258361816406,-67.36213684082031,-67.10550689697266,-65.85755920410156,-65.43890380859375,-67.19486236572266,-68.54241180419922,2.290539264678955,2.8365495204925537,6.018095970153809,4.622100353240967,9.446690559387207,11.31210994720459,9.812191009521484,9.92845630645752,10.090482711791992,10.175712585449219,12.273689270019531,9.386905670166016,5.5178046226501465,5.133686065673828,4.42770528793335,2.814648151397705,2.6099932193756104,2.562863826751709,3.6814136505126953,5.639011859893799,3.273575782775879,2.8149380683898926,3.4105942249298096,2.2367172241210938,1.913123607635498,2.7547333240509033,2.5837490558624268,2.12896728515625,2.8935632705688477,4.151829242706299,3.706571340560913,2.651785135269165,-289.9230651855469,91.92243957519531,35.273529052734375,13.068306922912598,11.375289916992188,6.137440204620361,7.873298168182373,11.497526168823242,2.662379741668701,1.549161434173584,23.63019561767578,11.083454132080078,4.832860469818115,11.097541809082031,9.40989875793457,6.65601110458374,3.4454259872436523,3.330169200897217,4.0235700607299805,3.5816445350646973,0.3866911828517914,0.8687753081321716,0.7565915584564209,0.4407092034816742,0.4719141721725464,0.38300949335098267,0.23156489431858063,0.21019667387008667,0.22987672686576843,0.23237238824367523,0.19212697446346283,0.23073381185531616,0.16825582087039948,0.22606399655342102,0.19792084395885468,0.21985726058483124,0.3087955117225647,0.26456257700920105,0.17779871821403503,0.1852569580078125,0.17746438086032867,0.18764887750148773,0.15893474221229553,0.14945799112319946,390.21775842149736,424.71870015226216,1117.8343417053352,0.014287041400812064,0.0014192948583513498,720.0,730.0,725.0,781.0,791.0,786.0,1,chanting
P5,-5.924831867218018,-10.04874324798584,-14.708305358886719,-24.792348861694336,-18.7164249420166,-17.63165283203125,-24.13994789123535,-24.651622772216797,-25.400548934936523,-27.184738159179688,-26.832420349121094,-32.54985809326172,-40.78189468383789,-44.941558837890625,-48.172237396240234,-51.62767028808594,-52.34738540649414,-51.9906005859375,-46.85560607910156,-47.13324737548828,-55.589866638183594,-57.51910400390625,-58.331478118896484,-63.34272766113281,-64.61450958251953,-64.746826171875,-61.829566955566406,-56.87512969970703,-55.26701354980469,-57.191287994384766,-58.254268646240234,-62.381534576416016,2.751284122467041,4.287897109985352,8.392261505126953,6.443185806274414,10.543709754943848,11.708999633789062,12.775167465209961,10.702339172363281,11.006561279296875,12.106940269470215,13.306808471679688,11.458727836608887,10.099853515625,7.749838352203369,7.337865829467773,7.595711708068848,6.850007057189941,7.662277698516846,9.257895469665527,8.909895896911621,9.113061904907227,8.943927764892578,8.20059585571289,7.390356540679932,7.820182800292969,6.9380292892456055,7.00906229019165,8.914621353149414,7.201079845428467,5.9424967765808105,6.56498384475708,6.164528846740723,-239.06837463378906,95.36713409423828,24.710411071777344,-1.271738052368164,2.4477732181549072,-3.9455010890960693,9.853891372680664,13.679511070251465,-5.762026309967041,3.8810954093933105,35.401763916015625,23.7800235748291,10.840280532836914,12.366498947143555,7.38348388671875,7.384486675262451,5.654435634613037,2.8520493507385254,6.047840118408203,4.891468048095703,0.310315877199173,0.8467445373535156,0.4852115511894226,0.30611544847488403,0.3316483199596405,0.3436222970485687,0.17595942318439484,0.1569998860359192,0.22590027749538422,0.1735703945159912,0.1545511931180954,0.1984771341085434,0.1617884635925293,0.264378160238266,0.19313834607601166,0.3140164911746979,0.36579838395118713,0.26944494247436523,0.22199687361717224,0.22214026749134064,0.22013120353221893,0.2312418669462204,0.21494963765144348,0.19676777720451355,797.7645037947317,1370.4559821816995,1476.0619348849552,0.03208494960846868,0.0019529418786987662,730.0,740.0,735.0,791.0,801.0,796.0,1,chanting
P5,-6.112072944641113,-11.304676055908203,-14.59697437286377,-26.60577392578125,-30.940587997436523,-35.2227783203125,-41.692283630371094,-40.57594680786133,-41.828792572021484,-46.73030471801758,-49.347503662109375,-52.095375061035156,-52.86678695678711,-55.169456481933594,-56.78545379638672,-56.386993408203125,-56.18656539916992,-56.98283386230469,-57.17915344238281,-58.54750061035156,-60.845733642578125,-64.17747497558594,-65.04098510742188,-64.71051788330078,-63.844139099121094,-64.1599349975586,-64.18060302734375,-63.24361038208008,-63.69511413574219,-65.04608917236328,-66.66139221191406,-67.39556121826172,2.586125612258911,3.1757540702819824,8.12652587890625,5.935830593109131,7.124377250671387,8.635552406311035,6.225427627563477,8.423648834228516,9.241717338562012,6.954829216003418,5.437361240386963,4.898458957672119,5.403876304626465,5.684921741485596,6.412927150726318,6.479248046875,6.920787811279297,8.00125789642334,8.885610580444336,9.338822364807129,8.243162155151367,6.810619831085205,6.573815822601318,7.109889984130859,7.336738109588623,6.6648969650268555,6.978914737701416,8.421231269836426,7.328971862792969,6.0501861572265625,5.212433815002441,5.727322101593018,-286.4063415527344,82.30317687988281,34.696266174316406,21.727951049804688,14.653372764587402,8.125152587890625,4.390740394592285,10.297321319580078,2.3008477687835693,1.1571370363235474,28.24437141418457,17.450883865356445,10.980123519897461,6.209864616394043,6.3182692527771,7.558802604675293,3.6116204261779785,4.112374305725098,3.1095192432403564,4.0828328132629395,0.22675617039203644,0.5439147353172302,0.8285338282585144,0.5599260926246643,0.5218468904495239,0.40541544556617737,0.2370486706495285,0.20621593296527863,0.21909987926483154,0.24382874369621277,0.19661542773246765,0.19182784855365753,0.1898624300956726,0.2709316611289978,0.2596907615661621,0.205352321267128,0.3348264694213867,0.287273645401001,0.1847272366285324,0.18872499465942383,0.1933668702840805,0.20538590848445892,0.18973417580127716,0.19041945040225983,527.6092687540103,829.4030280234919,1278.6212867645181,0.017572460484338748,0.0013614948838949203,740.0,750.0,745.0,801.0,811.0,806.0,1,chanting
P5,-5.387612819671631,-9.012921333312988,-11.590229034423828,-25.743778228759766,-19.645891189575195,-18.5687198638916,-25.648134231567383,-25.14699363708496,-25.508298873901367,-28.484338760375977,-29.972370147705078,-35.41415023803711,-43.67145538330078,-48.00889205932617,-51.407554626464844,-53.89331817626953,-55.05777359008789,-55.81930923461914,-51.592262268066406,-50.48533630371094,-58.40047836303711,-60.34056854248047,-60.51726150512695,-64.85572052001953,-66.0706787109375,-66.3883056640625,-64.2943344116211,-60.417518615722656,-58.072357177734375,-59.12195587158203,-60.20865249633789,-65.20054626464844,2.5998570919036865,3.3900363445281982,6.236399173736572,6.348094463348389,8.726505279541016,10.39331340789795,13.594969749450684,12.404022216796875,11.95244026184082,13.375296592712402,14.701964378356934,13.838212013244629,11.286392211914062,8.088861465454102,7.710780620574951,6.567436695098877,5.914806842803955,6.3837690353393555,9.923453330993652,9.5835542678833,7.226283073425293,8.912210464477539,8.821100234985352,5.2830281257629395,4.016923904418945,3.3028552532196045,4.378856182098389,7.758037567138672,7.277146816253662,5.710364818572998,6.905526638031006,4.673742771148682,-249.9530029296875,100.21703338623047,29.82227897644043,0.5357660055160522,1.6527111530303955,-2.796525001525879,10.457666397094727,13.29116153717041,-3.4802069664001465,4.10400915145874,40.259132385253906,11.044801712036133,10.47342300415039,11.490135192871094,8.155797958374023,7.542036056518555,5.852226257324219,3.7413220405578613,5.359588146209717,4.8560471534729,0.28358766436576843,0.905174732208252,0.5642601251602173,0.2539895474910736,0.2524254024028778,0.2853717505931854,0.11685469001531601,0.11097760498523712,0.23439207673072815,0.13570629060268402,0.1137504056096077,0.16422301530838013,0.13930457830429077,0.22573791444301605,0.22295242547988892,0.2032344788312912,0.24720238149166107,0.23464548587799072,0.14180168509483337,0.13622592389583588,0.18785567581653595,0.1522502452135086,0.14444582164287567,0.1338050663471222,593.9273840171563,776.8690069424304,1272.3185937269525,0.02673538101798144,0.0018970407545566559,750.0,760.0,755.0,811.0,821.0,816.0,1,chanting
P5,-6.252462387084961,-10.976521492004395,-16.82783317565918,-28.57682228088379,-32.320777893066406,-35.78618621826172,-38.63542175292969,-39.18574142456055,-40.98859786987305,-43.81020736694336,-45.17547607421875,-47.60233688354492,-49.24955749511719,-51.475276947021484,-53.63837814331055,-53.698448181152344,-53.97407150268555,-54.72162628173828,-54.06777572631836,-55.657283782958984,-57.84508514404297,-60.177249908447266,-61.46904754638672,-61.77705383300781,-61.21201705932617,-61.87371826171875,-61.04094314575195,-59.53279495239258,-60.86286926269531,-63.41228485107422,-65.38349151611328,-66.31448364257812,2.740344285964966,3.6883463859558105,9.95173168182373,6.699249267578125,9.226320266723633,10.685585975646973,12.099493026733398,11.087329864501953,11.760753631591797,12.43726634979248,13.542627334594727,12.1055269241333,9.561891555786133,8.477226257324219,8.285012245178223,7.123204231262207,6.993427753448486,8.135000228881836,9.993871688842773,10.948334693908691,9.288840293884277,8.69136905670166,8.303780555725098,7.441081523895264,7.393736839294434,6.857854843139648,7.5815958976745605,9.603493690490723,8.897989273071289,7.781729698181152,7.041979789733887,6.980134963989258,-274.62646484375,77.54360961914062,28.52241325378418,19.53730010986328,12.421771049499512,10.262338638305664,6.0588812828063965,11.63438606262207,1.660749912261963,3.170330286026001,41.75164794921875,16.288665771484375,10.147285461425781,12.841825485229492,8.004144668579102,7.6767168045043945,5.094212532043457,4.493402481079102,6.195892810821533,4.962667465209961,0.34757623076438904,0.7310203909873962,0.5959721207618713,0.5353294610977173,0.5516090989112854,0.4074355363845825,0.2438962757587433,0.24079586565494537,0.2777223587036133,0.250044047832489,0.22526928782463074,0.24830187857151031,0.216366708278656,0.30646809935569763,0.23827491700649261,0.3468567430973053,0.389796644449234,0.2681196331977844,0.21135281026363373,0.23118725419044495,0.25367701053619385,0.2520879805088043,0.2292860597372055,0.2322992980480194,621.4159166988046,934.3211871012181,1388.5989990694432,0.020618837006960558,0.001590096391737461,760.0,770.0,765.0,821.0,831.0,826.0,4,viparita_swasa
P5,-6.975764274597168,-9.910238265991211,-8.93902587890625,-23.050384521484375,-22.227418899536133,-22.46053695678711,-30.57194709777832,-29.148618698120117,-27.9632568359375,-31.877044677734375,-33.98981857299805,-39.32649230957031,-47.536773681640625,-51.10409927368164,-55.00916290283203,-56.60133743286133,-57.0720329284668,-57.81245422363281,-53.470863342285156,-54.07532501220703,-60.36543655395508,-63.15163040161133,-63.85177230834961,-66.47187805175781,-68.56398010253906,-68.64791107177734,-66.70069885253906,-63.062286376953125,-61.2396125793457,-61.680213928222656,-63.636749267578125,-67.66529846191406,2.1859047412872314,2.109006643295288,3.1347086429595947,3.4962503910064697,5.07232666015625,8.813166618347168,11.146991729736328,8.704168319702148,8.377609252929688,12.878122329711914,14.765151023864746,14.942192077636719,9.914252281188965,7.711859226226807,6.885305881500244,4.782797336578369,4.277190208435059,4.420320987701416,6.997471332550049,8.179376602172852,5.605055332183838,7.432045936584473,7.812077045440674,4.016976356506348,2.6184301376342773,2.5876240730285645,3.8671247959136963,6.868143081665039,6.742781639099121,5.663506507873535,6.070698261260986,3.998731851577759,-264.1326599121094,101.9087142944336,32.832035064697266,4.930088520050049,4.221425533294678,-1.6545177698135376,10.109102249145508,13.220134735107422,-4.1085615158081055,1.109192132949829,32.80476760864258,4.324620246887207,9.44434928894043,13.854076385498047,8.09746265411377,4.508923053741455,6.219442367553711,3.7887916564941406,6.018659591674805,4.26813268661499,0.10858386009931564,0.4799976050853729,0.9970890879631042,0.39380505681037903,0.14842240512371063,0.13954484462738037,0.09838415682315826,0.0506897009909153,0.07360126823186874,0.11826348304748535,0.052422575652599335,0.08361819386482239,0.06812368333339691,0.1887066811323166,0.027295241132378578,0.12374186515808105,0.08153695613145828,0.09225177764892578,0.07169771939516068,0.034373193979263306,0.04425545036792755,0.06903960555791855,0.028426632285118103,0.0717054158449173,530.4822918357686,676.1725547418794,1193.0458514254522,0.0262708907337587,0.0018528844229876995,770.0,780.0,775.0,831.0,841.0,836.0,4,viparita_swasa
P5,-6.837594032287598,-11.411434173583984,-17.75257110595703,-25.660146713256836,-28.650522232055664,-29.56708526611328,-31.379507064819336,-32.549739837646484,-34.03548812866211,-34.98933792114258,-36.104793548583984,-38.86943054199219,-43.378379821777344,-46.98955154418945,-49.37065124511719,-51.092525482177734,-52.170745849609375,-53.24276351928711,-50.431373596191406,-50.64011001586914,-55.51353073120117,-58.373722076416016,-59.60226821899414,-63.61720657348633,-62.89432144165039,-62.74257278442383,-63.429664611816406,-60.45427703857422,-59.14836120605469,-60.229007720947266,-60.85826110839844,-63.9873161315918,2.9043145179748535,3.9949536323547363,9.806376457214355,8.886062622070312,11.45264720916748,13.483566284179688,15.917726516723633,15.03794002532959,16.407930374145508,17.20469856262207,17.8536319732666,17.03607749938965,12.689903259277344,10.922361373901367,10.376203536987305,7.720264434814453,7.144635200500488,8.200833320617676,11.492149353027344,13.399964332580566,10.396777153015137,9.9635009765625,10.002838134765625,7.8620195388793945,8.191707611083984,7.45609712600708,7.487439155578613,9.337894439697266,9.536251068115234,9.00245189666748,9.122802734375,7.043368339538574,-257.38232421875,85.29825592041016,22.49559783935547,7.917082786560059,9.439894676208496,3.580364465713501,10.18040657043457,11.41833209991455,-1.1936571598052979,3.5745866298675537,52.61637878417969,18.87654685974121,11.507137298583984,15.430299758911133,11.681778907775879,8.666827201843262,7.024445533752441,4.246814250946045,6.841257572174072,4.265739440917969,0.28034985065460205,0.4346086084842682,0.7363385558128357,0.5312962532043457,0.5426860451698303,0.4764392375946045,0.32942596077919006,0.20836743712425232,0.2488178312778473,0.3440714180469513,0.2336505502462387,0.25151321291923523,0.18817570805549622,0.20637467503547668,0.31107062101364136,0.19272568821907043,0.40345388650894165,0.31063663959503174,0.17804314196109772,0.20222929120063782,0.21459926664829254,0.22891922295093536,0.21301351487636566,0.19067713618278503,732.1205147319512,1150.0279260622099,1448.145270536604,0.02752161579176334,0.0016443554777652025,780.0,790.0,785.0,841.0,851.0,846.0,4,viparita_swasa
P5,-9.597787857055664,-14.020909309387207,-16.126678466796875,-27.947330474853516,-29.98951530456543,-33.55405044555664,-40.795597076416016,-40.81452941894531,-41.1062126159668,-44.499900817871094,-46.137939453125,-49.03145980834961,-53.619815826416016,-56.394371032714844,-59.32868576049805,-61.34645080566406,-61.784332275390625,-62.881839752197266,-62.59278869628906,-62.29043197631836,-65.52204895019531,-69.3413314819336,-69.80885314941406,-70.48114013671875,-69.33184051513672,-68.0177001953125,-67.95902252197266,-68.10820770263672,-67.27527618408203,-67.4056167602539,-69.18023681640625,-71.25936126708984,2.2664804458618164,2.666292905807495,5.227912425994873,5.058077812194824,7.564388275146484,10.922462463378906,9.171184539794922,9.021803855895996,10.955391883850098,11.687137603759766,12.001618385314941,11.703290939331055,8.301190376281738,6.744926929473877,6.242730617523193,3.5426316261291504,3.0532803535461426,3.3025834560394287,4.864225387573242,7.321292400360107,5.02622652053833,3.8033711910247803,3.706139087677002,3.1841979026794434,3.0772805213928223,3.8668558597564697,4.060131549835205,3.276092052459717,3.8343584537506104,5.2730021476745605,5.03682804107666,3.3905630111694336,-300.0874938964844,92.1594467163086,36.3548583984375,12.677046775817871,10.116846084594727,7.614563465118408,6.461435317993164,9.647612571716309,-1.3106598854064941,-0.07072675228118896,27.38140296936035,9.418453216552734,6.744253635406494,13.452621459960938,8.33435344696045,6.032362461090088,3.9982569217681885,3.5282928943634033,5.285324573516846,3.1025638580322266,0.17602330446243286,0.45797842741012573,0.9414620399475098,0.6841022968292236,0.43071430921554565,0.32990914583206177,0.18991082906723022,0.14857378602027893,0.159306600689888,0.21169748902320862,0.1572231501340866,0.14556777477264404,0.1366964429616928,0.1977047473192215,0.13190755248069763,0.21898144483566284,0.2840728461742401,0.2505493462085724,0.14358606934547424,0.13599379360675812,0.13983869552612305,0.16566359996795654,0.13694806396961212,0.1300254911184311,452.029592428145,514.5486287340487,1192.851317341936,0.018230677204176333,0.0014915200881659985,790.0,800.0,795.0,851.0,861.0,856.0,4,viparita_swasa
P5,-7.012206077575684,-11.247634887695312,-15.792343139648438,-25.067771911621094,-24.3957462310791,-22.142133712768555,-28.175613403320312,-26.388168334960938,-26.00642204284668,-29.02872085571289,-27.88543128967285,-31.5506534576416,-40.54643249511719,-44.76856994628906,-46.90670394897461,-50.248653411865234,-50.94491195678711,-50.88905715942383,-47.2633056640625,-46.82593536376953,-53.70447540283203,-55.614830017089844,-56.700164794921875,-58.49350357055664,-57.4166145324707,-57.759925842285156,-57.45510482788086,-54.56474304199219,-54.352630615234375,-57.341819763183594,-58.62209701538086,-62.236324310302734,2.8079042434692383,3.889650821685791,9.166742324829102,7.431576251983643,11.529282569885254,13.570151329040527,13.818023681640625,12.54419994354248,13.611071586608887,13.321491241455078,14.972688674926758,14.529175758361816,11.364736557006836,8.531391143798828,7.7306742668151855,7.049444198608398,6.734045505523682,7.55845308303833,9.513914108276367,9.913345336914062,8.720136642456055,8.674886703491211,7.643529415130615,7.204935073852539,7.213317394256592,6.97203254699707,6.921633243560791,8.600626945495605,7.498646259307861,6.377076625823975,7.301019191741943,6.250355243682861,-236.41209411621094,84.89491271972656,21.792325973510742,2.560368061065674,-0.10582873225212097,3.827381134033203,9.227926254272461,14.361018180847168,-2.8460707664489746,1.572678804397583,42.96889877319336,19.646881103515625,9.579547882080078,12.67811107635498,11.047017097473145,6.510726451873779,3.9633288383483887,2.635554790496826,6.465692043304443,4.913182735443115,0.1914626657962799,0.39227160811424255,0.8166979551315308,0.481009840965271,0.4055958688259125,0.3638147711753845,0.2696302533149719,0.16083091497421265,0.18645170331001282,0.28675544261932373,0.16720819473266602,0.17365767061710358,0.17091692984104156,0.18279124796390533,0.28276851773262024,0.21420778334140778,0.4031584560871124,0.3231261372566223,0.19624416530132294,0.1955188661813736,0.18766361474990845,0.19154135882854462,0.18554633855819702,0.1882694512605667,870.9007256162337,1387.7424979154582,1617.8404326106488,0.031862900594547564,0.0017949673347175121,800.0,810.0,805.0,861.0,871.0,866.0,4,viparita_swasa
P5,-7.520632266998291,-11.644176483154297,-12.032593727111816,-24.9575252532959,-31.39666175842285,-35.741600036621094,-41.62077331542969,-42.30387496948242,-43.82434844970703,-48.300437927246094,-50.01617431640625,-52.38304901123047,-53.55942916870117,-55.41588592529297,-57.083412170410156,-56.89500427246094,-57.069053649902344,-58.4721794128418,-58.68666458129883,-60.03901672363281,-61.73389434814453,-65.06033325195312,-66.4681167602539,-66.26408386230469,-65.11235809326172,-65.52118682861328,-65.63887786865234,-64.87976837158203,-65.37809753417969,-66.69860076904297,-68.52091217041016,-69.40717315673828,2.3795971870422363,3.003721237182617,10.263352394104004,6.812122821807861,6.395903587341309,5.933260440826416,4.53281307220459,6.305243015289307,8.344696044921875,5.757223129272461,4.772798538208008,3.950657367706299,4.123076438903809,4.1043381690979,4.890382289886475,4.4584808349609375,4.30974817276001,5.0387749671936035,5.524899005889893,6.369726657867432,5.460700988769531,4.625869274139404,4.267524719238281,4.68640661239624,4.99165678024292,4.580409049987793,4.558516979217529,5.0153985023498535,4.831411838531494,4.236115455627441,3.1665782928466797,3.2745399475097656,-291.61895751953125,85.4954833984375,35.037906646728516,22.837032318115234,15.56550407409668,9.057883262634277,3.5897045135498047,8.400362014770508,0.5719189643859863,0.37024202942848206,18.834625244140625,11.40170669555664,10.206299781799316,5.9768195152282715,6.377788543701172,3.879732370376587,4.6563920974731445,4.851072788238525,3.743176221847534,4.434220790863037,0.13990408182144165,0.3192386031150818,0.845431923866272,0.5949756503105164,0.4088091552257538,0.3065095543861389,0.1730337291955948,0.14716124534606934,0.14506720006465912,0.15882989764213562,0.1361669898033142,0.1298622488975525,0.169576495885849,0.1553007811307907,0.25802475214004517,0.18865899741649628,0.39065006375312805,0.3225879967212677,0.19600176811218262,0.1949751079082489,0.18939395248889923,0.18763487040996552,0.17374739050865173,0.17263822257518768,451.64965856616755,502.80778712296984,1191.6003924365752,0.018755211354408354,0.0015743263065814972,810.0,820.0,815.0,871.0,881.0,876.0,4,viparita_swasa
P5,-7.291542053222656,-14.455329895019531,-28.356393814086914,-34.43046188354492,-40.269412994384766,-42.97838592529297,-45.092979431152344,-45.280391693115234,-46.70062255859375,-48.91691207885742,-50.32004928588867,-52.7199592590332,-53.55305480957031,-55.779258728027344,-57.13700866699219,-56.936275482177734,-56.36438751220703,-56.93337631225586,-56.84719467163086,-57.81264114379883,-61.467681884765625,-65.2447738647461,-66.76223754882812,-66.78890228271484,-65.15589904785156,-65.71813201904297,-64.75999450683594,-63.20021438598633,-63.22134017944336,-65.16637420654297,-66.89042663574219,-67.1894760131836,2.62435245513916,2.678464412689209,2.3716399669647217,3.168224573135376,3.063261032104492,3.0799083709716797,3.073002815246582,3.463531494140625,4.0122151374816895,3.726408004760742,3.597949743270874,3.035194158554077,3.382995367050171,3.575216770172119,3.6187946796417236,3.639774799346924,3.9810266494750977,4.48079252243042,5.69968843460083,6.378536224365234,5.670013904571533,4.012518882751465,2.9778859615325928,3.404937505722046,3.74611234664917,3.4014382362365723,4.392423629760742,5.677643775939941,6.376079559326172,5.720619201660156,4.883719444274902,5.420601844787598,-298.70684814453125,70.59586334228516,27.399587631225586,18.477928161621094,18.125646591186523,10.320100784301758,7.856402397155762,15.022438049316406,4.178924560546875,4.344527721405029,17.055709838867188,7.73411750793457,6.710074424743652,4.332236289978027,3.603609085083008,4.431189060211182,2.534848213195801,3.442838430404663,3.8508455753326416,2.4745514392852783,0.35771116614341736,0.3613756000995636,0.44647595286369324,0.633307158946991,0.9468244910240173,0.7732846736907959,0.45849794149398804,0.39631974697113037,0.395450621843338,0.41265320777893066,0.37401190400123596,0.3651871681213379,0.23388440907001495,0.2047601193189621,0.21133576333522797,0.1897309571504593,0.10799500346183777,0.17455223202705383,0.182349294424057,0.2183886170387268,0.21913154423236847,0.25384220480918884,0.22142697870731354,0.22377145290374756,539.7478524049627,513.9490963964618,1504.3663141481725,0.010909857163573086,0.0011588047491386533,820.0,830.0,825.0,881.0,891.0,886.0,4,viparita_swasa
P5,-7.505971908569336,-14.634586334228516,-28.679311752319336,-34.89728927612305,-41.18981170654297,-44.01979064941406,-45.83919143676758,-46.06488800048828,-48.25528335571289,-50.141231536865234,-51.53474807739258,-53.68199920654297,-54.46971893310547,-56.65630340576172,-58.62607955932617,-58.1948127746582,-57.777462005615234,-58.21552276611328,-58.36080551147461,-60.174747467041016,-63.580535888671875,-66.49393463134766,-67.15897369384766,-67.0521011352539,-66.04393768310547,-66.1723861694336,-65.79568481445312,-65.19942474365234,-65.80111694335938,-67.64531707763672,-69.03173828125,-69.7022933959961,2.8843884468078613,2.8736681938171387,2.334902763366699,2.808274269104004,2.517656087875366,2.4827077388763428,2.6716225147247314,3.0576677322387695,3.0116631984710693,2.8872480392456055,2.95339298248291,2.88266658782959,3.197481632232666,3.24385666847229,3.539522171020508,3.5464365482330322,3.617422103881836,4.429898262023926,5.354109287261963,5.363182067871094,4.429591178894043,3.7197189331054688,3.7904350757598877,4.120288848876953,4.168276309967041,4.108209133148193,4.211470127105713,4.32816219329834,4.12167501449585,3.1581716537475586,2.4435782432556152,2.7550060749053955,-305.57562255859375,72.82040405273438,27.55205726623535,20.001497268676758,17.079151153564453,12.129171371459961,7.654839992523193,14.235416412353516,5.145435333251953,3.8026845455169678,13.893242835998535,6.16872501373291,6.440961837768555,3.6340842247009277,3.446094512939453,4.008498668670654,2.6714634895324707,3.1669695377349854,2.9476664066314697,2.231801986694336,0.3593752980232239,0.35564032196998596,0.4215776026248932,0.5955113172531128,0.9297410249710083,0.792012095451355,0.4910934567451477,0.42447197437286377,0.41467157006263733,0.4244333803653717,0.38253626227378845,0.3687426447868347,0.23671166598796844,0.20154859125614166,0.19419138133525848,0.1836106777191162,0.13402940332889557,0.17485354840755463,0.19062934815883636,0.2348541021347046,0.231449156999588,0.2588973939418793,0.2315657138824463,0.23013180494308472,437.41926845470783,323.7224817829176,1320.3873898139598,0.010005800464037123,0.0011563303414732218,830.0,840.0,835.0,891.0,901.0,896.0,4,viparita_swasa
P5,-6.406470775604248,-13.366525650024414,-27.538509368896484,-34.10093688964844,-40.53601837158203,-43.17258071899414,-45.355369567871094,-45.76447296142578,-48.181671142578125,-50.007930755615234,-51.41978073120117,-53.77436065673828,-54.65460968017578,-56.80901336669922,-58.99696350097656,-58.65081024169922,-58.23451232910156,-59.037811279296875,-59.553001403808594,-61.50144577026367,-64.44682312011719,-67.21910095214844,-68.29013061523438,-68.42521667480469,-67.6398696899414,-67.82390594482422,-67.5990982055664,-66.71060943603516,-66.68262481689453,-67.80793762207031,-68.92796325683594,-69.60868072509766,2.654836654663086,2.5389602184295654,2.3583967685699463,2.8847038745880127,2.493968963623047,2.511573076248169,2.3738367557525635,2.902815580368042,2.8261938095092773,2.823840856552124,2.626096248626709,2.365211009979248,2.6518874168395996,2.600799798965454,2.646045446395874,2.5240228176116943,2.811232328414917,3.868151903152466,4.8632965087890625,4.829859733581543,3.5120513439178467,2.219888925552368,1.7803447246551514,1.7988345623016357,1.8586162328720093,1.672140121459961,2.2412493228912354,2.9702587127685547,3.197740316390991,2.5153515338897705,1.947839379310608,2.2051734924316406,-307.28118896484375,76.70602416992188,29.440608978271484,19.153961181640625,18.44872283935547,11.422375679016113,8.550626754760742,13.466937065124512,5.393856048583984,4.0662078857421875,9.447550773620605,4.094797611236572,5.2246527671813965,3.0439469814300537,2.3536479473114014,3.5249836444854736,2.2873246669769287,3.061896800994873,2.846683979034424,2.26239013671875,0.3517569601535797,0.3467111885547638,0.41204920411109924,0.585045337677002,0.9437539577484131,0.8061162233352661,0.48216983675956726,0.4012002944946289,0.3984163701534271,0.41530629992485046,0.3798671364784241,0.3657777011394501,0.21728341281414032,0.18351863324642181,0.1798439621925354,0.18315795063972473,0.11666755378246307,0.16429035365581512,0.1727515310049057,0.21115173399448395,0.21991540491580963,0.24944910407066345,0.2209683507680893,0.21300117671489716,373.95791545302325,259.17283343604987,1208.0952747639876,0.009501658570185615,0.0011490570614114404,840.0,850.0,845.0,901.0,911.0,906.0,4,viparita_swasa
P5,-6.589259147644043,-13.785983085632324,-27.522863388061523,-33.67628860473633,-40.48124694824219,-42.95756912231445,-45.1099739074707,-45.14495086669922,-46.92096710205078,-48.89360046386719,-49.56961441040039,-52.46413803100586,-53.57583999633789,-55.33176803588867,-57.147308349609375,-57.348846435546875,-56.66123962402344,-57.397369384765625,-58.127166748046875,-60.10894775390625,-62.87824630737305,-65.34322357177734,-66.13215637207031,-65.94490051269531,-64.8855972290039,-65.01658630371094,-65.08048248291016,-65.1207046508789,-65.75801086425781,-67.38472747802734,-68.79729461669922,-69.58053588867188,2.746328830718994,2.7833938598632812,2.5203094482421875,3.131396770477295,2.653519630432129,2.763167381286621,2.6392822265625,3.062952995300293,3.2804784774780273,3.299262523651123,3.4550328254699707,2.818180799484253,2.985264778137207,3.2791879177093506,3.2309415340423584,2.9366555213928223,3.4092166423797607,3.8324224948883057,4.6201701164245605,4.821274280548096,3.853682279586792,3.159888744354248,3.223853349685669,3.7244863510131836,3.98197865486145,4.058420181274414,3.804425001144409,3.594179153442383,3.380082130432129,2.4679548740386963,1.7712212800979614,1.921043038368225,-300.65069580078125,74.13995361328125,26.684982299804688,19.912277221679688,16.2546443939209,13.168115615844727,7.886386871337891,13.716048240661621,5.711984157562256,3.405881881713867,12.322105407714844,5.933125019073486,5.211857318878174,3.254323720932007,3.4563283920288086,4.426800727844238,2.384756326675415,3.1091129779815674,2.7688724994659424,2.380068302154541,0.35258278250694275,0.3487304151058197,0.42508360743522644,0.6131599545478821,0.9352713227272034,0.7671942710876465,0.464176207780838,0.41542893648147583,0.42496174573898315,0.4428744614124298,0.3930831551551819,0.37047410011291504,0.23150978982448578,0.19330435991287231,0.19304364919662476,0.18082097172737122,0.13726839423179626,0.1726514995098114,0.1835193932056427,0.2308575063943863,0.235190749168396,0.26814767718315125,0.23509126901626587,0.2312474250793457,418.0641820730804,297.46796149941997,1274.3312681792336,0.009635341139791182,0.0011699459282681346,850.0,860.0,855.0,911.0,921.0,916.0,4,viparita_swasa
P5,-8.744301795959473,-15.417710304260254,-30.154041290283203,-36.76374816894531,-42.60069274902344,-45.17793655395508,-47.655372619628906,-47.727840423583984,-49.58744812011719,-51.44230651855469,-52.201629638671875,-55.207969665527344,-56.54800033569336,-58.615501403808594,-60.5428581237793,-60.27631378173828,-59.72044372558594,-60.38189697265625,-61.064300537109375,-62.79288864135742,-65.94319915771484,-68.68936157226562,-69.80010223388672,-70.08214569091797,-69.30268096923828,-69.73332977294922,-69.51177978515625,-68.93218231201172,-69.03096008300781,-70.20327758789062,-71.3778305053711,-72.09892272949219,2.7758431434631348,2.4995384216308594,2.434950590133667,2.9781103134155273,2.6020805835723877,2.417879581451416,2.606797695159912,2.901517152786255,3.04451584815979,3.0875637531280518,3.1500492095947266,2.442685604095459,2.6900627613067627,2.8464584350585938,2.891610860824585,2.6952755451202393,3.300870656967163,3.7314887046813965,4.693368434906006,4.685925483703613,3.5644876956939697,2.519129514694214,2.0913684368133545,1.9961881637573242,2.147808790206909,1.8593919277191162,2.2102150917053223,2.695481777191162,3.022555112838745,2.457521677017212,1.9042574167251587,1.9064592123031616,-317.7258605957031,76.6676025390625,27.38481330871582,19.238847732543945,17.745174407958984,11.47800350189209,9.05705738067627,13.997346878051758,5.570492744445801,3.7509992122650146,9.831791877746582,3.8742737770080566,5.249088287353516,2.8617143630981445,2.8939170837402344,3.658202648162842,2.5275368690490723,3.252894639968872,2.7925915718078613,2.407590389251709,0.33581677079200745,0.334786057472229,0.4059825539588928,0.589493989944458,0.9383527040481567,0.8011997938156128,0.46047428250312805,0.3957241475582123,0.39781805872917175,0.4144250154495239,0.3666800558567047,0.3479732573032379,0.23426876962184906,0.20501558482646942,0.20079980790615082,0.18095827102661133,0.12602391839027405,0.1804686337709427,0.1695016771554947,0.21851707994937897,0.22532370686531067,0.25661736726760864,0.22182554006576538,0.22214803099632263,385.0723156446668,267.4413835919374,1215.2926080866896,0.009748631453016241,0.0011724767973646522,860.0,870.0,865.0,921.0,931.0,926.0,4,viparita_swasa
P5,-7.730721473693848,-12.664905548095703,-27.292165756225586,-33.73511505126953,-39.57981872558594,-42.09358215332031,-44.25303268432617,-44.29251480102539,-46.13508605957031,-47.86438751220703,-48.60200500488281,-51.955055236816406,-53.09687805175781,-55.4011116027832,-57.03778839111328,-57.15459060668945,-56.496158599853516,-57.49879455566406,-58.442012786865234,-60.124019622802734,-62.854183197021484,-65.4421157836914,-66.53685760498047,-67.15950012207031,-66.50306701660156,-66.78813171386719,-66.38919830322266,-65.53899383544922,-65.57772827148438,-66.72071075439453,-67.90095520019531,-68.72550964355469,2.679382562637329,2.6274778842926025,2.219299554824829,2.9299581050872803,2.5981452465057373,2.6700315475463867,2.5694243907928467,2.923511505126953,3.1864688396453857,3.3909924030303955,3.6893320083618164,2.8625171184539795,2.915573835372925,2.9300925731658936,3.1438989639282227,2.7472550868988037,3.414848804473877,3.694819450378418,4.527343273162842,4.418254375457764,3.5284013748168945,2.750440835952759,2.0996923446655273,1.9395015239715576,1.982803463935852,1.887969970703125,2.306385040283203,3.1995201110839844,3.6075918674468994,2.872328519821167,2.391472816467285,2.4499192237854004,-300.09375,76.08805847167969,26.93815803527832,17.528728485107422,17.037561416625977,10.978172302246094,8.781917572021484,13.435064315795898,5.1597981452941895,3.8359603881835938,10.774565696716309,4.396816253662109,5.15829610824585,3.0981645584106445,2.7512612342834473,3.516087055206299,2.756150007247925,3.3128786087036133,2.730938673019409,2.3713865280151367,0.2069869190454483,0.2037043273448944,0.2769116461277008,0.5190120339393616,0.9433425664901733,0.796715259552002,0.4335235059261322,0.3850531280040741,0.36880844831466675,0.36719733476638794,0.29993295669555664,0.2505664825439453,0.16042563319206238,0.1481625884771347,0.17108061909675598,0.1606891006231308,0.11951380223035812,0.17587855458259583,0.1833074688911438,0.23419474065303802,0.2223091423511505,0.2556608319282532,0.20375831425189972,0.17347922921180725,460.3684365567039,360.6436815726508,1343.3116902591933,0.011475175826566125,0.0009199288324452937,870.0,880.0,875.0,931.0,941.0,936.0,4,viparita_swasa
P5,-5.733605861663818,-9.439507484436035,-24.089290618896484,-30.542415618896484,-36.39244842529297,-39.159996032714844,-41.21918487548828,-41.297157287597656,-43.11131286621094,-45.12638854980469,-45.78190994262695,-49.09779739379883,-50.5090217590332,-52.675785064697266,-54.262351989746094,-54.2554817199707,-53.66810607910156,-54.585243225097656,-55.3641242980957,-57.21971893310547,-59.9696159362793,-62.733177185058594,-63.68868637084961,-64.0811538696289,-63.40924835205078,-63.649864196777344,-63.25788879394531,-62.453269958496094,-62.51564025878906,-63.68962478637695,-64.9190444946289,-65.8037109375,2.509305238723755,2.5060739517211914,2.401577949523926,2.935636043548584,2.5021064281463623,2.510387420654297,2.5049307346343994,2.8561737537384033,3.058842658996582,3.1180946826934814,3.4211344718933105,2.712031602859497,2.721735715866089,2.867389440536499,3.078524112701416,2.8801283836364746,3.476952314376831,4.0267014503479,4.806055068969727,4.8693623542785645,3.8595950603485107,2.7515876293182373,2.229900598526001,2.0478169918060303,1.9157686233520508,1.9093072414398193,2.4803175926208496,3.300079584121704,3.5013926029205322,2.799689531326294,2.264040470123291,2.220366954803467,-283.4971008300781,75.86468505859375,27.293039321899414,17.590713500976562,16.73586082458496,10.720088958740234,8.228691101074219,13.37013053894043,4.948515892028809,3.400244951248169,10.889150619506836,4.315977573394775,5.608353614807129,3.2480416297912598,2.607435464859009,3.521333694458008,2.5493547916412354,3.070871114730835,2.7051961421966553,2.3563101291656494,0.121283158659935,0.11786732822656631,0.17487122118473053,0.40684038400650024,0.9463648200035095,0.8325411081314087,0.4403676688671112,0.36802026629447937,0.3307728171348572,0.317760705947876,0.24131084978580475,0.1780412644147873,0.08002185821533203,0.07398290187120438,0.08877705782651901,0.1109442263841629,0.10391872376203537,0.1627589911222458,0.18621310591697693,0.2380349189043045,0.21701471507549286,0.2521297335624695,0.1905142217874527,0.13934624195098877,500.84170790175256,401.01219230350927,1406.3787392673537,0.01267492024361949,0.0008141961880028248,880.0,890.0,885.0,941.0,951.0,946.0,4,viparita_swasa
P5,-6.449515342712402,-9.814748764038086,-24.468433380126953,-30.662853240966797,-36.84072494506836,-39.094356536865234,-41.35242462158203,-41.41572570800781,-43.211082458496094,-45.04043197631836,-45.9299430847168,-49.15577697753906,-50.706119537353516,-53.02637481689453,-54.669803619384766,-54.343910217285156,-53.52250289916992,-54.68035888671875,-55.60725784301758,-57.541934967041016,-60.354862213134766,-62.815589904785156,-64.17882537841797,-64.87318420410156,-64.1988754272461,-64.4643783569336,-64.00555419921875,-62.806129455566406,-62.4799690246582,-63.77645492553711,-65.13150024414062,-66.00592041015625,2.3853201866149902,2.67647123336792,2.362175464630127,2.894869804382324,2.5822980403900146,2.382615804672241,2.403207540512085,2.7255196571350098,3.1027491092681885,2.9404101371765137,3.288116455078125,2.4065823554992676,2.5441675186157227,2.751704216003418,2.840357542037964,2.6116456985473633,3.35025691986084,3.5874736309051514,4.312139511108398,4.202698230743408,3.4045238494873047,2.7119555473327637,2.04925799369812,1.7566559314727783,1.7056220769882202,1.6103270053863525,2.3383870124816895,3.288733720779419,3.52030873298645,2.7987325191497803,2.2210781574249268,2.248959541320801,-285.0746154785156,76.22071838378906,26.992328643798828,16.875185012817383,17.031286239624023,9.96451187133789,8.231287956237793,13.533411979675293,4.715878009796143,3.5257420539855957,9.85197639465332,4.528470993041992,4.562124252319336,3.047451972961426,2.653089761734009,3.583472490310669,2.4413230419158936,3.00864839553833,2.7464964389801025,2.2942042350769043,0.10622169077396393,0.10956135392189026,0.18424637615680695,0.46910014748573303,0.9623695015907288,0.7916654944419861,0.3908036947250366,0.32469239830970764,0.29271021485328674,0.28207507729530334,0.21393100917339325,0.15309815108776093,0.08086513727903366,0.07537457346916199,0.09983427822589874,0.10956447571516037,0.10010995715856552,0.1717003732919693,0.18834099173545837,0.21989573538303375,0.1961439996957779,0.22218629717826843,0.1761198192834854,0.12944532930850983,510.6415949551868,416.7249356511021,1424.1199695081948,0.012795007975638052,0.0007881890633143485,890.0,900.0,895.0,951.0,961.0,956.0,4,viparita_swasa
P5,-6.994662761688232,-10.44351577758789,-25.196020126342773,-31.65121841430664,-37.237030029296875,-39.635250091552734,-41.83511734008789,-42.02244186401367,-43.664432525634766,-45.60342025756836,-46.20257568359375,-49.851531982421875,-51.29397201538086,-53.38069152832031,-54.91816329956055,-54.802207946777344,-54.14803695678711,-55.256797790527344,-55.99262237548828,-57.790313720703125,-60.74539566040039,-63.082088470458984,-64.33949279785156,-65.11480712890625,-64.55095672607422,-64.6534194946289,-64.12212371826172,-62.979217529296875,-62.80945587158203,-64.24465942382812,-65.6278305053711,-66.40119171142578,2.398292303085327,2.4157683849334717,2.253911018371582,2.94781494140625,2.5021486282348633,2.541813611984253,2.489868402481079,2.7175774574279785,3.1608781814575195,3.241246461868286,3.334752321243286,2.3560566902160645,2.6984472274780273,2.8619983196258545,2.9604830741882324,2.7409000396728516,3.310910940170288,3.6653037071228027,4.48297119140625,4.400139331817627,3.6169466972351074,2.8639793395996094,2.288691282272339,1.921322226524353,1.8891727924346924,1.7842735052108765,2.541242837905884,3.5773754119873047,3.7951667308807373,3.0309441089630127,2.297016143798828,2.3953757286071777,-287.5433044433594,75.5434799194336,26.827869415283203,16.968902587890625,16.698251724243164,10.121828079223633,8.18813705444336,13.56653118133545,4.725909233093262,3.7774174213409424,10.53875732421875,4.518377780914307,4.74467658996582,3.262216567993164,2.709216833114624,3.47090744972229,2.3772289752960205,3.0770323276519775,2.999969959259033,2.4583756923675537,0.11042196303606033,0.1109495684504509,0.18079310655593872,0.4568904936313629,0.9638732075691223,0.7924429178237915,0.3986154794692993,0.346564918756485,0.32160094380378723,0.3179434835910797,0.24250519275665283,0.17064528167247772,0.0694054439663887,0.07066719979047775,0.08966680616140366,0.10436690598726273,0.09174329787492752,0.16557617485523224,0.1838780790567398,0.2202259600162506,0.2020825296640396,0.23437899351119995,0.18094561994075775,0.12366034090518951,522.0513261400184,428.6406408606438,1445.105518426444,0.012242151247099767,0.0007955879555083811,900.0,910.0,905.0,961.0,971.0,966.0,4,viparita_swasa
P5,-7.182240962982178,-10.628334999084473,-25.398954391479492,-31.933042526245117,-37.635562896728516,-39.906394958496094,-41.94759750366211,-41.939903259277344,-43.74378204345703,-45.63897705078125,-46.29522705078125,-50.009918212890625,-51.45457458496094,-53.67838668823242,-54.85606384277344,-54.90339660644531,-54.64867401123047,-55.54123306274414,-56.518272399902344,-58.29151916503906,-61.148399353027344,-63.654319763183594,-64.88217163085938,-65.79325103759766,-64.94127655029297,-65.20082092285156,-64.53523254394531,-63.2730712890625,-63.15292739868164,-64.54521942138672,-65.84434509277344,-66.55288696289062,2.325228214263916,2.2309553623199463,2.4737343788146973,3.0041582584381104,2.498108386993408,2.3652021884918213,2.5193216800689697,2.892564058303833,3.1845812797546387,2.9932196140289307,3.4203758239746094,2.5036089420318604,2.5776619911193848,2.707202196121216,2.936359405517578,2.744624376296997,3.1799888610839844,3.7427473068237305,4.5236005783081055,4.5257978439331055,3.559739112854004,2.5886785984039307,2.0550100803375244,1.708862543106079,1.590203046798706,1.5585753917694092,2.5808351039886475,3.5200142860412598,3.5009117126464844,2.8524057865142822,2.2964446544647217,2.565589666366577,-289.1493835449219,76.08628845214844,26.909988403320312,16.296306610107422,16.857961654663086,10.135964393615723,8.242916107177734,13.674208641052246,4.927192687988281,3.9667043685913086,10.102874755859375,4.685079097747803,5.38086462020874,2.957836151123047,2.6755478382110596,3.4299228191375732,2.393488645553589,3.1310160160064697,2.858072519302368,2.353040933609009,0.10921377688646317,0.10949292778968811,0.17648296058177948,0.45174890756607056,0.9581695795059204,0.7926461696624756,0.4063296616077423,0.3506814241409302,0.31369608640670776,0.2973921000957489,0.22243019938468933,0.15862144529819489,0.07895197719335556,0.06904233992099762,0.08499161154031754,0.10405740141868591,0.0975780338048935,0.16717438399791718,0.19523027539253235,0.2343423217535019,0.19475233554840088,0.21678362786769867,0.16924110054969788,0.12103328853845596,520.0572334837428,435.7101263413573,1439.4937430883979,0.012804071200696055,0.000785397831350565,910.0,920.0,915.0,971.0,981.0,976.0,4,viparita_swasa
P5,-7.439383029937744,-10.936140060424805,-25.322668075561523,-32.03938293457031,-37.724002838134766,-40.138267517089844,-42.121456146240234,-42.11970520019531,-43.41557312011719,-44.844120025634766,-45.532283782958984,-49.38883972167969,-51.025665283203125,-53.034385681152344,-54.073272705078125,-54.375038146972656,-54.223453521728516,-54.941349029541016,-56.025672912597656,-57.551143646240234,-60.5906867980957,-63.18710708618164,-64.4112319946289,-65.0627212524414,-64.34635162353516,-64.6828384399414,-63.869178771972656,-62.1298942565918,-62.03104782104492,-63.6883430480957,-65.28228759765625,-65.86227416992188,2.428504228591919,2.288780450820923,2.3045737743377686,3.0582754611968994,2.6354053020477295,2.6460952758789062,2.8286502361297607,2.9113686084747314,3.707570791244507,3.758162021636963,3.956014633178711,3.076897382736206,2.9964828491210938,3.083639144897461,3.5425407886505127,3.2323105335235596,3.4036121368408203,3.8309645652770996,4.688379764556885,4.832321643829346,3.8430659770965576,2.8350045680999756,2.4708023071289062,2.1110329627990723,2.085899591445923,2.036402463912964,3.1049771308898926,4.302606105804443,4.383451461791992,3.6186647415161133,3.0243844985961914,3.5531699657440186,-286.6285095214844,74.41921997070312,26.239925384521484,15.606103897094727,16.89622688293457,10.537186622619629,8.402870178222656,14.04035472869873,4.520854473114014,3.8873050212860107,12.317972183227539,5.495171546936035,6.233635425567627,3.7789254188537598,2.5427279472351074,3.442100763320923,2.3243398666381836,3.072847843170166,3.2474420070648193,2.273638963699341,0.11048915982246399,0.10780078917741776,0.1634148359298706,0.392122745513916,0.9484886527061462,0.835561215877533,0.44453710317611694,0.37378212809562683,0.33773913979530334,0.3256290853023529,0.2397608458995819,0.17037896811962128,0.06296388059854507,0.06062376871705055,0.07656972855329514,0.10206487774848938,0.09613368660211563,0.15643657743930817,0.1799767166376114,0.22768011689186096,0.2051406353712082,0.23665077984333038,0.1790914535522461,0.12475111335515976,569.2142848340175,516.4221672890081,1521.244125150408,0.013224378262761021,0.0007973494939506054,920.0,930.0,925.0,981.0,991.0,986.0,4,viparita_swasa
P5,-6.754310131072998,-10.160202026367188,-24.77267074584961,-31.072933197021484,-37.04838943481445,-39.399715423583984,-41.64360046386719,-41.80890655517578,-43.16023254394531,-45.00228500366211,-45.62314987182617,-49.45355987548828,-50.913726806640625,-52.62491989135742,-53.95615768432617,-54.13384246826172,-54.08629608154297,-54.78257751464844,-55.651458740234375,-57.11067581176758,-60.18497085571289,-62.742774963378906,-63.68330383300781,-64.20175170898438,-63.49903106689453,-63.625762939453125,-62.78254699707031,-61.2647819519043,-61.36558151245117,-62.924861907958984,-64.42512512207031,-64.9470443725586,2.6487350463867188,2.4226057529449463,2.4272336959838867,2.962965726852417,2.9395086765289307,2.710885763168335,2.455127239227295,3.0292794704437256,3.5678436756134033,3.4383625984191895,3.6006760597229004,2.898858070373535,2.9696967601776123,3.228236436843872,3.608884334564209,3.3004114627838135,3.547851800918579,3.9143781661987305,4.539662837982178,4.690624713897705,3.791674852371216,3.030205726623535,2.573462963104248,2.5247433185577393,2.3820087909698486,2.211710214614868,3.2861735820770264,4.452772617340088,4.726679801940918,4.0411906242370605,3.3380560874938965,3.667642116546631,-283.6925048828125,73.64909362792969,27.628847122192383,16.29448890686035,16.786460876464844,10.667288780212402,7.975984573364258,13.643783569335938,4.538976192474365,3.841991901397705,12.517379760742188,6.009673118591309,6.321017742156982,3.6892027854919434,2.700399160385132,3.6246824264526367,2.5269458293914795,3.0838711261749268,3.1624526977539062,2.388709306716919,0.10020046681165695,0.09901028126478195,0.15939103066921234,0.44013267755508423,0.9628912806510925,0.8066470623016357,0.41587603092193604,0.3616291880607605,0.31306037306785583,0.28352510929107666,0.2016064077615738,0.14055660367012024,0.06068587303161621,0.05788492411375046,0.07261136919260025,0.09378518909215927,0.08675290644168854,0.16076211631298065,0.19666050374507904,0.24067066609859467,0.19582097232341766,0.19844619929790497,0.13563361763954163,0.09287209808826447,578.061283012756,519.4947705191415,1544.4484355281538,0.013239106003480279,0.0008050164324231446,930.0,940.0,935.0,991.0,1001.0,996.0,4,viparita_swasa
P5,-5.952122211456299,-9.253158569335938,-23.72414779663086,-30.059083938598633,-35.87195587158203,-37.61333084106445,-39.67190170288086,-39.87047576904297,-40.57909393310547,-42.140567779541016,-42.67385482788086,-47.09876251220703,-48.73408889770508,-50.51464080810547,-51.23671340942383,-51.877010345458984,-52.075740814208984,-53.07191848754883,-54.339046478271484,-55.74905776977539,-58.64111328125,-61.19893264770508,-62.247005462646484,-62.94715118408203,-62.34669494628906,-62.62424850463867,-61.55553436279297,-59.709197998046875,-59.79545974731445,-61.54175567626953,-63.26191711425781,-63.86176681518555,2.429985523223877,2.6088943481445312,2.42024827003479,2.984276294708252,2.7272839546203613,2.9215352535247803,2.958918571472168,2.866576671600342,3.8378872871398926,3.8649742603302,4.313539505004883,3.2570950984954834,3.2317988872528076,3.445155382156372,4.0215349197387695,3.3338193893432617,3.395163059234619,3.6784746646881104,4.429161548614502,4.569648265838623,3.639531135559082,2.8421754837036133,2.574761390686035,2.237035036087036,2.1761691570281982,2.1914455890655518,3.4058308601379395,4.6058125495910645,4.54224157333374,3.9007792472839355,3.5043272972106934,3.8707778453826904,-274.3287048339844,74.53736114501953,25.594850540161133,14.228724479675293,16.182886123657227,10.762146949768066,8.05634593963623,13.940114974975586,4.653440952301025,4.300382614135742,12.668806076049805,6.349588871002197,6.1593241691589355,4.5014519691467285,3.1314265727996826,3.319941997528076,2.4188594818115234,2.8593337535858154,3.2427797317504883,2.5076982975006104,0.10206171870231628,0.10436475276947021,0.17587804794311523,0.46932777762413025,0.9679708480834961,0.7838993668556213,0.3936791718006134,0.3392811715602875,0.2983444035053253,0.27582693099975586,0.20029564201831818,0.14073070883750916,0.06581302732229233,0.06641983240842819,0.08043013513088226,0.09392306208610535,0.08764567971229553,0.16647858917713165,0.1929929107427597,0.22153106331825256,0.18552806973457336,0.1983911693096161,0.13999199867248535,0.09387710690498352,596.0026469939016,587.1669831242749,1560.1301406371335,0.013793095635150812,0.0007836159784346819,940.0,950.0,945.0,1001.0,1011.0,1006.0,4,viparita_swasa
P5,-5.534350872039795,-8.872840881347656,-23.32023811340332,-29.528606414794922,-35.334171295166016,-37.708702087402344,-39.945194244384766,-40.17619323730469,-41.79619216918945,-43.19917678833008,-44.1351203918457,-47.50938415527344,-48.7763557434082,-50.450016021728516,-51.60452651977539,-52.07060623168945,-52.12334060668945,-52.70285415649414,-53.53788375854492,-54.93698501586914,-58.2040901184082,-60.581443786621094,-61.46867752075195,-61.797183990478516,-61.044517517089844,-61.37562942504883,-60.474857330322266,-59.226016998291016,-59.712432861328125,-61.45539855957031,-62.949378967285156,-63.52156066894531,2.1880416870117188,2.4180104732513428,2.1973907947540283,2.7718048095703125,2.985764265060425,2.951357364654541,2.839747428894043,3.179699659347534,3.8845276832580566,3.756791591644287,3.926081657409668,3.078169345855713,3.264538526535034,3.3213281631469727,3.743858575820923,3.22599196434021,3.4676713943481445,3.9245541095733643,4.594021320343018,4.634515285491943,3.9919917583465576,3.1231496334075928,2.577730417251587,2.660111427307129,2.761744976043701,2.6331002712249756,3.514659881591797,4.4560441970825195,4.484618663787842,3.9053990840911865,3.4589807987213135,3.8451156616210938,-273.133056640625,72.73826599121094,26.386377334594727,16.788230895996094,16.26660919189453,11.20343017578125,7.420100212097168,13.231927871704102,4.415665626525879,3.76101016998291,13.132980346679688,5.657073020935059,6.314891338348389,4.39591646194458,3.516244411468506,3.726285219192505,2.394463539123535,2.886751890182495,3.020437002182007,2.21138858795166,0.10678543150424957,0.10802894830703735,0.17774978280067444,0.46826109290122986,0.9737939834594727,0.7864173650741577,0.3883257806301117,0.336963027715683,0.3070494830608368,0.2918201684951782,0.2114384025335312,0.1481010764837265,0.0715651586651802,0.06719356030225754,0.08835812658071518,0.09833696484565735,0.07095472514629364,0.1665310263633728,0.18945546448230743,0.2247575968503952,0.19027790427207947,0.19730180501937866,0.1436442881822586,0.1043558195233345,599.8305381561892,577.8492513776102,1567.7152504547053,0.01324023890661253,0.0007912686560302973,950.0,960.0,955.0,1011.0,1021.0,1016.0,4,viparita_swasa
P5,-6.228257179260254,-9.59878158569336,-24.03476905822754,-30.37427520751953,-36.070281982421875,-38.55434799194336,-40.86105728149414,-41.21906661987305,-42.940608978271484,-44.70912551879883,-45.34504699707031,-48.26759338378906,-49.248374938964844,-51.064544677734375,-52.55678176879883,-52.81689453125,-52.63787841796875,-53.48989486694336,-54.26167678833008,-55.68637466430664,-59.03464889526367,-61.537784576416016,-62.356266021728516,-62.79420852661133,-62.15899658203125,-62.24858474731445,-61.1949348449707,-59.68718338012695,-60.20909881591797,-62.11635971069336,-63.28952407836914,-63.78219223022461,2.3756155967712402,2.3234245777130127,2.312448024749756,2.89270281791687,2.7700300216674805,2.7029261589050293,2.7649948596954346,3.2092676162719727,3.3641326427459717,3.254683494567871,3.4124059677124023,3.097491979598999,3.408308267593384,3.477126121520996,3.658578395843506,3.196690082550049,3.826723098754883,4.105388641357422,4.761229515075684,4.737050533294678,3.6702263355255127,2.9873547554016113,2.6956679821014404,2.586333751678467,2.648833990097046,2.756176471710205,3.6019089221954346,4.733704566955566,4.749462127685547,3.9983487129211426,3.7416975498199463,4.147769451141357,-277.6057434082031,72.23392486572266,26.768720626831055,16.687110900878906,17.216773986816406,11.166366577148438,7.26127815246582,13.009564399719238,4.094501495361328,3.861374616622925,13.50185489654541,5.901002407073975,6.1591949462890625,4.164303779602051,3.1574623584747314,3.6467161178588867,2.347980499267578,2.845707893371582,3.0217182636260986,2.3058419227600098,0.1063656285405159,0.10196806490421295,0.153805211186409,0.38679584860801697,0.9449992775917053,0.8156141638755798,0.41881266236305237,0.35122400522232056,0.3237621486186981,0.32247045636177063,0.24044203758239746,0.16732047498226166,0.0637773871421814,0.06221209466457367,0.06769724935293198,0.09404633939266205,0.11642267554998398,0.1663379669189453,0.1849450021982193,0.23164384067058563,0.1927035003900528,0.2286941111087799,0.1658717840909958,0.10977882891893387,613.5841690534272,613.096756724913,1589.2498830027919,0.013470218242459397,0.0007691626669839025,960.0,970.0,965.0,1021.0,1031.0,1026.0,4,viparita_swasa
P5,-6.430850028991699,-9.85062026977539,-23.816926956176758,-29.756332397460938,-35.660640716552734,-38.32391357421875,-40.62230682373047,-40.44961929321289,-42.05476379394531,-43.998050689697266,-44.87696838378906,-47.05790328979492,-47.999366760253906,-49.63195037841797,-50.57991409301758,-51.01778030395508,-51.17033386230469,-51.617523193359375,-52.53229522705078,-53.726173400878906,-56.66267013549805,-58.79344177246094,-58.853675842285156,-58.497154235839844,-57.30879211425781,-56.926048278808594,-56.69682312011719,-56.45975875854492,-57.779293060302734,-60.52741622924805,-62.49909210205078,-63.02341842651367,2.3797409534454346,2.4116718769073486,2.266533374786377,2.899470090866089,3.099916696548462,3.072450876235962,2.9169435501098633,3.110135793685913,3.3912572860717773,3.270271062850952,3.4347269535064697,3.538788318634033,3.6681294441223145,3.9627861976623535,4.279034614562988,3.94490647315979,3.9993398189544678,4.294475078582764,4.586055278778076,4.733565807342529,4.129970073699951,4.0401506423950195,4.396304130554199,5.178915977478027,5.662687301635742,5.84203577041626,5.558634281158447,5.5049004554748535,5.093048095703125,4.353410720825195,3.759614944458008,4.097508907318115,-267.8523864746094,66.1731948852539,25.26830291748047,19.015357971191406,13.9258451461792,14.007658004760742,5.392041206359863,12.838260650634766,4.479925155639648,3.345407485961914,16.909345626831055,8.19676685333252,5.895091533660889,3.9119367599487305,3.9951789379119873,5.100891590118408,3.074134588241577,2.6562163829803467,2.834195613861084,2.210127592086792,0.10766053944826126,0.1051308810710907,0.16459840536117554,0.41615551710128784,0.9537457823753357,0.8031529784202576,0.4085036516189575,0.3468458354473114,0.32094308733940125,0.3150695264339447,0.23229727149009705,0.1637841761112213,0.06709859520196915,0.06256332248449326,0.07355155795812607,0.09848658740520477,0.09636642038822174,0.17023512721061707,0.1810164600610733,0.22357597947120667,0.2002982497215271,0.23440656065940857,0.16704349219799042,0.11022704839706421,750.6919429182183,1040.8131185651102,1754.3297580668493,0.015032491661832946,0.0007673997315578163,970.0,980.0,975.0,1031.0,1041.0,1036.0,4,viparita_swasa
P5,-5.904088020324707,-9.185091018676758,-23.46395492553711,-29.737171173095703,-34.87928771972656,-37.789268493652344,-40.09114074707031,-39.97777557373047,-42.291446685791016,-44.30369186401367,-45.35380554199219,-47.79496765136719,-48.50514602661133,-50.25799560546875,-51.92857360839844,-52.06840133666992,-52.07014465332031,-52.549285888671875,-53.43330383300781,-54.48186111450195,-57.56250762939453,-59.94381332397461,-60.483829498291016,-60.64229202270508,-59.514556884765625,-59.060081481933594,-58.38551330566406,-57.802581787109375,-58.663330078125,-60.92207336425781,-62.47291946411133,-62.82109069824219,2.3614847660064697,2.3682610988616943,2.400029420852661,3.041168212890625,3.3036553859710693,3.2030141353607178,2.9287281036376953,3.190885066986084,3.4120750427246094,3.3182854652404785,3.2126100063323975,3.2732880115509033,3.275289535522461,3.5287697315216064,3.3938260078430176,3.180170774459839,3.509726047515869,3.9368960857391357,4.8343305587768555,5.068883419036865,4.163498878479004,3.5563294887542725,3.7543065547943115,4.195444583892822,4.525016784667969,4.636867046356201,4.9529218673706055,5.466423988342285,5.496510982513428,4.657598972320557,4.254271984100342,4.623299598693848,-271.2357482910156,69.43644714355469,27.316490173339844,18.0208740234375,15.212796211242676,12.066648483276367,6.027918338775635,12.792485237121582,4.171722412109375,3.7822537422180176,15.655733108520508,7.899799346923828,5.343034744262695,4.084176540374756,4.03629207611084,4.747364521026611,2.831019639968872,2.9370169639587402,3.291076421737671,2.150782585144043,0.10235052555799484,0.1030215173959732,0.16183999180793762,0.41496071219444275,0.9567157626152039,0.8116827607154846,0.4046946167945862,0.35022807121276855,0.3120608925819397,0.2925376296043396,0.20947955548763275,0.1458837389945984,0.06273764371871948,0.059424448758363724,0.06976040452718735,0.0935547947883606,0.10015910863876343,0.15573789179325104,0.1788492053747177,0.22700056433677673,0.19042247533798218,0.20682552456855774,0.14384818077087402,0.09724626690149307,678.4557559792173,816.5880243075696,1673.316840293262,0.014447913645591648,0.0007883270154707134,980.0,990.0,985.0,1041.0,1051.0,1046.0,4,viparita_swasa
P5,-7.596132278442383,-10.947056770324707,-25.297927856445312,-31.500385284423828,-36.91686248779297,-39.509483337402344,-41.85315704345703,-42.104000091552734,-44.16171646118164,-45.997005462646484,-46.97996139526367,-49.07284927368164,-49.76467514038086,-51.18425369262695,-52.6354866027832,-52.55426025390625,-52.90590286254883,-53.62697982788086,-54.31418991088867,-55.61305618286133,-58.38235855102539,-60.505977630615234,-60.95241928100586,-60.90349197387695,-60.174495697021484,-60.17951583862305,-59.724605560302734,-58.87054443359375,-59.83674240112305,-62.1712760925293,-63.65231704711914,-63.865421295166016,2.44942569732666,2.4166324138641357,2.3905417919158936,2.8284096717834473,3.215226650238037,3.076068639755249,2.882227659225464,3.4932849407196045,3.6412668228149414,3.246126890182495,3.3381011486053467,3.051365613937378,3.2965292930603027,3.648580312728882,3.845198392868042,3.4909141063690186,3.6918938159942627,4.140435218811035,4.656688213348389,4.915477275848389,4.259195804595947,3.796715497970581,3.7383625507354736,3.8617470264434814,3.9144668579101562,4.013684272766113,4.435004234313965,5.192455291748047,5.502488136291504,4.7910966873168945,4.427493095397949,4.862844467163086,-278.203125,67.51459503173828,25.970191955566406,18.733983993530273,15.533120155334473,12.536656379699707,6.164531707763672,12.007101058959961,4.566153526306152,3.9871997833251953,15.598716735839844,7.540000915527344,5.955004692077637,3.9604053497314453,3.353301525115967,4.728122711181641,2.579355001449585,2.9686315059661865,3.068181037902832,2.4109528064727783,0.10491402447223663,0.11179397255182266,0.18625716865062714,0.5185717344284058,0.9786247611045837,0.7678490281105042,0.3720458745956421,0.3314017355442047,0.3148014545440674,0.30245745182037354,0.2181621938943863,0.14658206701278687,0.06202772259712219,0.06381762772798538,0.0802479088306427,0.09338954091072083,0.06784674525260925,0.16138474643230438,0.1795581877231598,0.2060127854347229,0.19255796074867249,0.21424952149391174,0.15765434503555298,0.1004888117313385,705.7024853108686,901.3219280198666,1715.0796423669804,0.01472547491299304,0.0008004072587937117,990.0,1000.0,995.0,1051.0,1061.0,1056.0,0,breath_retention
P5,-7.14808464050293,-10.485919952392578,-24.546403884887695,-30.35755729675293,-35.754154205322266,-38.401458740234375,-40.89104080200195,-40.76063919067383,-42.596649169921875,-44.13556671142578,-45.257259368896484,-47.19505310058594,-47.70138168334961,-48.85393142700195,-50.04780960083008,-50.38389205932617,-50.565399169921875,-51.454917907714844,-52.15884017944336,-53.317203521728516,-56.17848587036133,-58.081695556640625,-58.03860855102539,-57.2308235168457,-55.58655548095703,-55.38466262817383,-55.155067443847656,-55.09650421142578,-56.510440826416016,-59.37237548828125,-61.67734146118164,-62.02727127075195,2.3709640502929688,2.5877606868743896,2.4077162742614746,2.8672871589660645,3.1937713623046875,3.2613322734832764,3.0096943378448486,3.7809109687805176,4.131250858306885,3.614130973815918,3.7113265991210938,3.804032802581787,4.031280517578125,4.107113361358643,4.3842854499816895,4.137258052825928,4.411006450653076,4.561779975891113,4.849542140960693,5.215271472930908,4.844013214111328,5.014240741729736,5.45094108581543,5.902353286743164,6.36253547668457,6.659442901611328,6.801033020019531,6.870514392852783,6.663816452026367,5.717067718505859,4.842835903167725,5.0127034187316895,-265.58099365234375,62.448204040527344,25.08009147644043,18.98554229736328,13.509939193725586,14.837187767028809,4.4185285568237305,12.287007331848145,4.58104944229126,3.463576555252075,20.26914405822754,10.715370178222656,5.530985355377197,3.9570162296295166,3.993661403656006,5.312575340270996,2.9677999019622803,2.8209753036499023,2.9079949855804443,2.497947931289673,0.10645297169685364,0.11000852286815643,0.18226800858974457,0.4567066729068756,0.9527891874313354,0.7860190868377686,0.4040018916130066,0.3548123240470886,0.3189247250556946,0.3040502369403839,0.21889963746070862,0.1514989733695984,0.07485750317573547,0.07399575412273407,0.09586954861879349,0.11349227279424667,0.10972650349140167,0.16616030037403107,0.18901444971561432,0.23125368356704712,0.20672863721847534,0.2405087649822235,0.1776806116104126,0.1198534294962883,884.9054615037851,1673.9192670569896,1900.4826397889774,0.018628326203596286,0.0007890671258792281,1000.0,1010.0,1005.0,1061.0,1071.0,1066.0,0,breath_retention
P5,-5.913069725036621,-9.096630096435547,-23.085338592529297,-29.12428855895996,-34.401580810546875,-37.18659210205078,-39.88625717163086,-39.97052764892578,-42.104736328125,-44.20536804199219,-45.652305603027344,-47.68706512451172,-48.44329071044922,-49.884883880615234,-51.1287956237793,-51.29817581176758,-51.52985763549805,-52.380828857421875,-52.92171096801758,-53.697208404541016,-57.03163146972656,-59.86430358886719,-60.50746536254883,-60.596675872802734,-59.78031539916992,-59.59405517578125,-58.75065612792969,-57.44369125366211,-57.982872009277344,-60.175254821777344,-61.939796447753906,-62.145668029785156,2.1943423748016357,2.30774188041687,2.3692569732666016,3.0237581729888916,3.399848461151123,3.5207531452178955,2.9636383056640625,3.7651426792144775,4.056204319000244,3.5859570503234863,3.360288143157959,3.422132968902588,3.2588279247283936,3.198913812637329,3.3752503395080566,3.174955368041992,3.375260829925537,4.030259609222412,4.989181041717529,5.280772686004639,4.380329132080078,3.333554267883301,3.2260334491729736,3.425706386566162,3.4808337688446045,3.6936845779418945,4.431923866271973,5.4631195068359375,5.679844856262207,4.822027683258057,4.243318557739258,4.805739402770996,-269.6570739746094,69.38845825195312,27.256593704223633,17.808950424194336,16.396329879760742,11.073966979980469,5.728551864624023,12.37176513671875,3.7209620475769043,4.219572067260742,15.126612663269043,8.071142196655273,5.703269004821777,4.321425437927246,3.538438081741333,4.8000054359436035,2.564499855041504,3.0760254859924316,3.236597776412964,2.3576037883758545,0.10114896297454834,0.10347781330347061,0.16160640120506287,0.40942123532295227,0.9664897322654724,0.8122401833534241,0.4055464267730713,0.3414745032787323,0.2996959984302521,0.28193551301956177,0.20881424844264984,0.1487279087305069,0.056996945291757584,0.06256825476884842,0.0782381147146225,0.09397868812084198,0.08088225871324539,0.1537841558456421,0.180494487285614,0.2177056074142456,0.17794200778007507,0.19196905195713043,0.1423850655555725,0.09951439499855042,694.7532241472954,841.2937527189675,1704.9942624753317,0.014534014283642692,0.0007770503871142864,1010.0,1020.0,1015.0,1071.0,1081.0,1076.0,0,breath_retention
P5,-5.654974460601807,-9.48576545715332,-23.337255477905273,-29.388652801513672,-34.94941329956055,-37.564266204833984,-40.30582046508789,-40.31611633300781,-42.517333984375,-44.32887268066406,-45.50273895263672,-47.639041900634766,-48.32772445678711,-49.85646438598633,-51.04202651977539,-51.098915100097656,-51.49245834350586,-52.66842269897461,-53.01581954956055,-53.92042541503906,-57.06495666503906,-59.68977355957031,-60.256919860839844,-60.53827667236328,-59.98850631713867,-60.17326354980469,-59.400054931640625,-58.103572845458984,-58.629051208496094,-60.54344177246094,-61.938560485839844,-62.05367660522461,2.100586175918579,2.482619285583496,2.3833465576171875,3.1240875720977783,3.103264808654785,3.015791654586792,2.846544027328491,3.6514885425567627,3.8124401569366455,3.504873514175415,3.5361990928649902,3.514998435974121,3.607999563217163,3.7775940895080566,3.858240842819214,3.807884931564331,3.9930636882781982,4.271153926849365,5.039694309234619,5.476011276245117,4.696671485900879,4.133253574371338,4.088606834411621,4.106574535369873,3.856323719024658,3.686300754547119,4.306963920593262,5.3538126945495605,5.523805618286133,4.648060321807861,4.0633087158203125,4.483922004699707,-270.60845947265625,69.46406555175781,26.52295684814453,17.87286376953125,16.832576751708984,11.213323593139648,6.644789695739746,11.795818328857422,4.150629997253418,4.250145435333252,16.363521575927734,7.417820930480957,6.546916961669922,4.086851596832275,3.410001277923584,3.9260711669921875,2.517580270767212,3.1995339393615723,3.3010921478271484,2.4579672813415527,0.10939058661460876,0.11370506882667542,0.18725310266017914,0.4680735170841217,0.9574609994888306,0.7864057421684265,0.4183993935585022,0.37905624508857727,0.34027156233787537,0.32015618681907654,0.23764847218990326,0.16518813371658325,0.06375095993280411,0.06872814148664474,0.09222839027643204,0.10553711652755737,0.10561675578355789,0.16210134327411652,0.18240436911582947,0.2307250052690506,0.2063944786787033,0.22928830981254578,0.17777948081493378,0.11988306790590286,662.320313432192,728.7065758229409,1671.7667306901194,0.013588040168213458,0.0008110369672067463,1020.0,1030.0,1025.0,1081.0,1091.0,1086.0,0,breath_retention
P5,-6.2152934074401855,-9.821053504943848,-23.71149444580078,-29.717361450195312,-35.058074951171875,-37.562557220458984,-39.957733154296875,-40.038944244384766,-42.56410598754883,-44.75144958496094,-46.16891860961914,-48.41387939453125,-49.1858024597168,-50.39939880371094,-51.63249588012695,-51.707393646240234,-51.893768310546875,-53.02592468261719,-53.36825180053711,-53.84538269042969,-57.386695861816406,-60.92448425292969,-61.68302917480469,-62.66886520385742,-62.32697677612305,-62.39242935180664,-60.82450485229492,-58.681209564208984,-58.992977142333984,-61.043731689453125,-62.514556884765625,-62.683265686035156,2.344179391860962,2.4213192462921143,2.457075595855713,3.051645040512085,3.3630878925323486,3.3505992889404297,3.0583600997924805,3.663966178894043,4.094006061553955,3.6188418865203857,3.4143776893615723,3.357553720474243,3.5800058841705322,3.5326666831970215,3.5131659507751465,3.470735788345337,3.7400660514831543,4.295887470245361,5.307186603546143,6.013639450073242,4.736272811889648,3.559262275695801,3.4988105297088623,2.9143035411834717,2.7370266914367676,2.73307204246521,4.390261650085449,5.792688369750977,6.075672149658203,5.166208744049072,4.480052947998047,4.900524139404297,-274.20928955078125,71.41426086425781,26.63162612915039,16.955345153808594,17.950048446655273,9.052324295043945,6.383858680725098,12.627771377563477,3.3697409629821777,5.254147529602051,16.480249404907227,7.322747707366943,6.52424955368042,4.012600421905518,3.030909538269043,3.8244242668151855,2.3966171741485596,3.334291934967041,3.2846996784210205,2.4286749362945557,0.12103627622127533,0.11583945155143738,0.17268794775009155,0.3946021497249603,0.9459063410758972,0.8300134539604187,0.44218865036964417,0.36364486813545227,0.3400147557258606,0.3446705937385559,0.26068148016929626,0.18518346548080444,0.0700153186917305,0.06861034780740738,0.08050085604190826,0.10588429123163223,0.11383745819330215,0.15685774385929108,0.1793878972530365,0.22014746069908142,0.20088741183280945,0.23013858497142792,0.1704079806804657,0.12292485684156418,659.538860743588,751.5137851653133,1660.139823387,0.014190744634570766,0.0007893197471275926,1030.0,1040.0,1035.0,1091.0,1101.0,1096.0,0,breath_retention
P5,-8.380074501037598,-13.447875022888184,-27.38979148864746,-33.45046615600586,-38.10525131225586,-40.50059509277344,-42.97753143310547,-43.17596435546875,-45.34551239013672,-47.329986572265625,-48.947715759277344,-51.195274353027344,-51.978328704833984,-53.707706451416016,-54.99592971801758,-54.90048599243164,-55.04777145385742,-55.834651947021484,-56.38187789916992,-57.03484344482422,-60.19760513305664,-63.46974563598633,-64.39876556396484,-65.56171417236328,-65.13909149169922,-65.34214782714844,-63.4867057800293,-61.19811248779297,-61.566131591796875,-63.836368560791016,-65.55802154541016,-65.41876983642578,2.513754367828369,2.669175386428833,2.5593199729919434,3.3509132862091064,4.022586345672607,4.136557579040527,4.040658950805664,4.893823146820068,5.242918014526367,4.727869987487793,4.511756896972656,4.410556316375732,4.70238733291626,4.811403751373291,4.791422367095947,4.594020843505859,5.0064191818237305,5.774781703948975,6.75146484375,7.431917190551758,6.536508560180664,5.214725494384766,4.893712043762207,4.469069480895996,4.472687244415283,4.229942798614502,6.171955585479736,7.471988201141357,7.103617191314697,5.89953088760376,5.079566478729248,5.596107482910156,-290.850830078125,70.67842864990234,26.693092346191406,16.698535919189453,17.39935302734375,9.177355766296387,6.8984785079956055,13.243605613708496,3.4650661945343018,5.607662677764893,23.647083282470703,8.246088981628418,7.01200532913208,4.3506760597229,3.9458119869232178,4.0256476402282715,2.649397134780884,3.2619876861572266,3.6933133602142334,2.559513568878174,0.22181378304958344,0.22203104197978973,0.2929549515247345,0.5239692330360413,0.9584783911705017,0.8029675483703613,0.4292638599872589,0.3543083071708679,0.33572667837142944,0.3422951400279999,0.29207560420036316,0.2569394111633301,0.15355579555034637,0.13628718256950378,0.15030185878276825,0.14336422085762024,0.08952271938323975,0.1653261035680771,0.18195170164108276,0.20737911760807037,0.19016563892364502,0.22183792293071747,0.1874556541442871,0.16720463335514069,652.7875393380117,851.9354517111369,1635.2156323015008,0.013565382105568445,0.0009375548688694835,1040.0,1050.0,1045.0,1101.0,1111.0,1106.0,0,breath_retention
P5,-7.166485786437988,-12.869868278503418,-27.1508846282959,-34.65702438354492,-40.28959274291992,-42.99494171142578,-44.33475112915039,-44.5627326965332,-46.610233306884766,-47.60935592651367,-48.83154296875,-50.82440948486328,-51.77127456665039,-53.386688232421875,-54.079105377197266,-54.66831588745117,-55.05109786987305,-56.479400634765625,-58.10099792480469,-59.712547302246094,-61.28657913208008,-62.504486083984375,-63.32486343383789,-63.2874755859375,-62.78364181518555,-62.93561935424805,-63.263179779052734,-62.7542839050293,-63.16056442260742,-64.86426544189453,-66.66641998291016,-66.99203491210938,2.5024197101593018,2.5966858863830566,2.3912668228149414,2.749711751937866,2.9424991607666016,2.8933613300323486,3.0555996894836426,3.53999662399292,3.9759349822998047,3.8609156608581543,4.032171249389648,4.651315212249756,5.0228986740112305,5.0708394050598145,5.583708763122559,5.405169486999512,5.494621276855469,5.552931308746338,5.63270378112793,5.513197898864746,5.640470027923584,5.811755180358887,5.8105692863464355,6.341096878051758,6.522143840789795,6.56414794921875,6.308878421783447,5.738440036773682,5.054620265960693,4.099767684936523,3.2459967136383057,3.5458590984344482,-292.5609436035156,69.69441223144531,25.568227767944336,18.67333221435547,16.267030715942383,14.851985931396484,8.13840389251709,11.91340160369873,6.613864898681641,5.036587715148926,20.460378646850586,9.960734367370605,7.788015842437744,5.003816604614258,4.8394317626953125,4.428919315338135,2.879429340362549,2.3738276958465576,2.5282223224639893,2.6563000679016113,0.26754069328308105,0.2660005986690521,0.3369949162006378,0.5553709864616394,0.9540098905563354,0.7914349436759949,0.43886107206344604,0.3761732280254364,0.3578687310218811,0.36359384655952454,0.31806159019470215,0.29121798276901245,0.19591058790683746,0.1679278165102005,0.17015546560287476,0.15702299773693085,0.10446089506149292,0.16566510498523712,0.17478133738040924,0.20747117698192596,0.19162365794181824,0.22610877454280853,0.2044423371553421,0.20166908204555511,551.0294186321828,659.0109415784513,1469.6253497267235,0.011950995142111369,0.0009955964051187038,1050.0,1060.0,1055.0,1111.0,1121.0,1116.0,2,meditation
P5,-7.4045610427856445,-13.504390716552734,-28.058029174804688,-35.688560485839844,-41.706722259521484,-44.42774963378906,-45.895992279052734,-46.335872650146484,-48.1735954284668,-49.09231948852539,-50.84232711791992,-53.10908508300781,-54.83506774902344,-55.89996337890625,-57.237239837646484,-58.04723358154297,-58.249725341796875,-59.27582931518555,-61.156288146972656,-62.802001953125,-64.10100555419922,-64.7454605102539,-64.35986328125,-63.48530960083008,-62.13825988769531,-61.92122268676758,-62.402587890625,-63.263389587402344,-64.99159240722656,-67.1125717163086,-68.55390167236328,-69.26985168457031,2.4631991386413574,2.623995542526245,2.354490041732788,2.8430416584014893,2.4352898597717285,2.3263473510742188,2.263547420501709,2.6864254474639893,2.6351850032806396,2.655061960220337,2.7269763946533203,3.40920090675354,3.4836385250091553,3.765641927719116,4.120010852813721,3.535837173461914,3.7146077156066895,3.9799771308898926,3.999161958694458,3.9959218502044678,4.0776448249816895,4.3537397384643555,4.741289138793945,5.139377593994141,5.410909652709961,5.5322136878967285,5.206386566162109,4.649299621582031,3.613842248916626,2.3546454906463623,1.71462881565094,1.893852949142456,-301.9500732421875,69.17466735839844,29.6633243560791,20.504653930664062,12.982020378112793,17.85186195373535,7.2839179039001465,12.507415771484375,7.7432942390441895,3.9107210636138916,14.817876815795898,7.819547653198242,5.18276834487915,3.2018039226531982,3.380089044570923,3.5890114307403564,2.5797839164733887,2.251668691635132,2.1145827770233154,2.076688289642334,0.30330371856689453,0.29076898097991943,0.3497811257839203,0.5495594143867493,0.955223798751831,0.8021809458732605,0.4512555003166199,0.3944609761238098,0.39128902554512024,0.40464362502098083,0.35547056794166565,0.32898545265197754,0.20687468349933624,0.17839038372039795,0.16786406934261322,0.14736425876617432,0.09656813740730286,0.16257549822330475,0.17351260781288147,0.21921539306640625,0.2280207723379135,0.2654452621936798,0.22587276995182037,0.20942698419094086,482.898245625601,387.84746139066124,1391.025327198181,0.010455563007540603,0.0010408422676846385,1060.0,1070.0,1065.0,1121.0,1131.0,1126.0,2,meditation
P5,-6.1778998374938965,-12.534383773803711,-27.178876876831055,-34.768165588378906,-40.18962860107422,-43.2305793762207,-44.8442497253418,-45.183353424072266,-47.850494384765625,-49.15951156616211,-50.41401672363281,-52.84261703491211,-54.37977600097656,-56.01929473876953,-57.168617248535156,-56.9545783996582,-56.69268798828125,-58.24761199951172,-59.95455551147461,-61.70707702636719,-63.575828552246094,-64.82022094726562,-65.70266723632812,-65.76006317138672,-64.93231964111328,-64.96529388427734,-65.28063201904297,-64.83858489990234,-65.43582916259766,-66.6908187866211,-67.76395416259766,-68.47737884521484,2.578213930130005,2.7285759449005127,2.3316752910614014,3.0398478507995605,2.516408920288086,2.4001636505126953,2.4328553676605225,2.8023600578308105,2.719001293182373,2.5454185009002686,2.4614040851593018,2.9148404598236084,3.259272813796997,3.0535802841186523,3.610764980316162,4.187044620513916,5.075870990753174,4.900648593902588,5.37693452835083,5.212903022766113,4.571585178375244,4.454753875732422,3.049787998199463,2.4879393577575684,2.4898521900177,2.585557222366333,2.5749893188476562,2.797607183456421,2.775192975997925,2.25795578956604,1.9622864723205566,2.1640422344207764,-301.1817932128906,73.37406921386719,29.096519470214844,19.711753845214844,16.88733673095703,13.722305297851562,8.153707504272461,12.599288940429688,7.201057434082031,4.4713897705078125,11.735729217529297,4.587192058563232,7.059694766998291,3.3380236625671387,4.434726715087891,4.276312828063965,2.6470189094543457,2.408478021621704,2.760082960128784,2.2917022705078125,0.3324296474456787,0.3197172284126282,0.37619391083717346,0.5689685344696045,0.9508989453315735,0.8036978244781494,0.4527343213558197,0.3943946957588196,0.394938588142395,0.40862980484962463,0.3613473176956177,0.3449440896511078,0.23405231535434723,0.1943436861038208,0.1738310605287552,0.15328986942768097,0.107533298432827,0.1635928601026535,0.1719285547733307,0.21870671212673187,0.22547121345996857,0.2509016692638397,0.21956418454647064,0.2235662341117859,412.48779077298997,291.5975406938805,1280.9937356384173,0.009861921766241299,0.001076877349987626,1070.0,1080.0,1075.0,1131.0,1141.0,1136.0,2,meditation
P5,-6.766348838806152,-13.049113273620605,-27.474245071411133,-34.57542419433594,-40.94049072265625,-43.90766525268555,-45.290191650390625,-45.86988830566406,-47.540740966796875,-48.98878860473633,-50.45838928222656,-52.717872619628906,-53.612247467041016,-54.824581146240234,-54.9566764831543,-55.367740631103516,-55.8148078918457,-57.619041442871094,-58.940128326416016,-60.72882080078125,-62.77473831176758,-65.1082992553711,-67.02776336669922,-67.86690521240234,-67.59579467773438,-67.80057525634766,-68.06419372558594,-66.67736053466797,-65.7666015625,-66.43688201904297,-67.96519470214844,-68.49230194091797,2.5370843410491943,2.524567127227783,2.4326086044311523,3.0247812271118164,2.5272598266601562,2.503167152404785,2.408295154571533,2.752514123916626,2.825007677078247,2.7754454612731934,2.8793163299560547,3.1233396530151367,3.288038730621338,3.308919668197632,3.964503049850464,4.025439739227295,4.672743320465088,4.410781383514404,4.943689346313477,4.951207160949707,4.513452529907227,4.051873683929443,2.799961566925049,2.391554594039917,2.1111698150634766,2.0538623332977295,1.9863884449005127,2.480548620223999,3.0280466079711914,2.8443615436553955,2.114879608154297,2.338815927505493,-302.4684143066406,75.33440399169922,25.50348472595215,18.09467887878418,20.956897735595703,11.661595344543457,9.099613189697266,12.263753890991211,6.389495849609375,5.715810775756836,11.789908409118652,4.1136298179626465,6.676072597503662,4.064764022827148,3.75209903717041,3.3733859062194824,2.5737195014953613,2.5052220821380615,2.419616222381592,2.638009786605835,0.3164041042327881,0.3137671649456024,0.3852311074733734,0.5749383568763733,0.9499343037605286,0.8015175461769104,0.44833987951278687,0.36915072798728943,0.3577805161476135,0.37028300762176514,0.33948221802711487,0.3309336304664612,0.21656690537929535,0.18476788699626923,0.18105794489383698,0.16699934005737305,0.10212008655071259,0.17196331918239594,0.17279566824436188,0.20545664429664612,0.20881110429763794,0.23196707665920258,0.2079259753227234,0.21226970851421356,413.9740420432609,294.4203387833527,1282.762823322954,0.009893643053944315,0.0010989021975547075,1080.0,1090.0,1085.0,1141.0,1151.0,1146.0,2,meditation
P5,-14.550520896911621,-20.988706588745117,-35.213043212890625,-41.8178596496582,-46.505577087402344,-48.70556640625,-50.38762664794922,-50.146209716796875,-51.427490234375,-52.9606819152832,-54.038272857666016,-56.22077178955078,-56.78536605834961,-57.44877624511719,-57.65191650390625,-58.61361312866211,-59.3072395324707,-59.505428314208984,-61.145713806152344,-62.51633834838867,-64.18927764892578,-66.96823120117188,-68.29084014892578,-67.364013671875,-66.53087615966797,-67.33831024169922,-67.1691665649414,-66.31211853027344,-66.72565460205078,-68.52734375,-70.36390686035156,-70.8913803100586,2.503755807876587,2.861415386199951,3.6665844917297363,5.35341215133667,7.333981037139893,7.871977806091309,7.060415267944336,8.655726432800293,9.266215324401855,8.741342544555664,9.266582489013672,9.294772148132324,10.055197715759277,10.306180000305176,10.335668563842773,10.710304260253906,11.026455879211426,12.778797149658203,12.24034309387207,13.65595531463623,14.017328262329102,11.877586364746094,11.004142761230469,12.444416999816895,12.472522735595703,11.215543746948242,12.033209800720215,12.572751998901367,11.602210998535156,10.23725700378418,10.090551376342773,10.039876937866211,-319.36614990234375,63.35050964355469,21.72469711303711,17.52997398376465,16.488332748413086,13.219618797302246,7.17333459854126,12.655247688293457,6.2592363357543945,5.4294939041137695,52.24114227294922,15.797633171081543,11.444047927856445,3.94510817527771,6.802953243255615,5.336264610290527,3.6042702198028564,2.568192958831787,3.2061688899993896,2.8386943340301514,0.3379533886909485,0.3395128846168518,0.4079733192920685,0.5843445658683777,0.9378077983856201,0.8023884892463684,0.47776153683662415,0.43155279755592346,0.44028159976005554,0.4455091655254364,0.3891759216785431,0.36026233434677124,0.21510620415210724,0.2033219337463379,0.21902810037136078,0.16747522354125977,0.12081500887870789,0.16890361905097961,0.18455350399017334,0.21098875999450684,0.2219855934381485,0.24220116436481476,0.21086005866527557,0.2086523175239563,859.5919845015202,1376.2514614450406,1647.7076724797057,0.026977822288283063,0.0011790659045800567,1090.0,1100.0,1095.0,1151.0,1161.0,1156.0,2,meditation
P5,-6.7608771324157715,-13.36822509765625,-27.392578125,-34.172508239746094,-40.158634185791016,-42.71049880981445,-44.68889617919922,-44.81059646606445,-46.832183837890625,-48.52391815185547,-49.2125129699707,-51.23873519897461,-51.60395812988281,-53.44979476928711,-54.935096740722656,-55.1624755859375,-53.85899353027344,-55.41411590576172,-56.412269592285156,-58.27907180786133,-60.16311264038086,-61.395591735839844,-62.995506286621094,-63.62690353393555,-63.34034729003906,-63.561302185058594,-63.80788803100586,-63.164794921875,-63.67435073852539,-65.32483673095703,-66.71556854248047,-67.42211151123047,2.6401655673980713,2.577683687210083,2.5246496200561523,3.028952121734619,3.0023629665374756,3.2948248386383057,2.987211227416992,3.62216854095459,3.830996513366699,3.44746732711792,3.4604685306549072,3.8145036697387695,4.448244094848633,4.618268013000488,4.823247909545898,4.663717746734619,5.856947898864746,5.634411334991455,6.414059638977051,6.426104545593262,5.7401509284973145,5.848997116088867,5.320943355560303,5.007170677185059,4.9138569831848145,4.809128284454346,4.74111270904541,4.717166900634766,4.134430408477783,3.3407468795776367,2.7111051082611084,2.7042076587677,-292.420166015625,69.6663589477539,24.07131576538086,20.7481746673584,17.141098022460938,12.932846069335938,8.538366317749023,12.29591178894043,5.6765642166137695,4.796318054199219,18.613510131835938,7.1882195472717285,7.866935729980469,4.160337924957275,4.124073028564453,4.711668491363525,2.6669089794158936,2.6625735759735107,3.0820720195770264,2.4411966800689697,0.3428521752357483,0.3307736814022064,0.386810839176178,0.5665700435638428,0.9359359741210938,0.7999003529548645,0.4469357132911682,0.3813037574291229,0.3994157612323761,0.43403661251068115,0.3911931812763214,0.36680492758750916,0.24237702786922455,0.2066318541765213,0.19832676649093628,0.17764559388160706,0.12429649382829666,0.17464862763881683,0.16524143517017365,0.19118064641952515,0.2125474214553833,0.26742079854011536,0.24014708399772644,0.23479393124580383,509.72491035795764,514.998277987239,1420.7302413541092,0.010517872679814385,0.0011339937336742878,1100.0,1110.0,1105.0,1161.0,1171.0,1166.0,2,meditation
P5,-7.335340976715088,-13.927021026611328,-27.612110137939453,-33.68178176879883,-40.4798698425293,-42.78814697265625,-44.30095291137695,-44.73432159423828,-47.34379959106445,-49.127166748046875,-49.81623840332031,-51.80678176879883,-52.17751693725586,-54.090824127197266,-54.871402740478516,-54.63235855102539,-53.23490905761719,-54.25762176513672,-54.508583068847656,-57.841758728027344,-59.23880386352539,-62.0498161315918,-65.12598419189453,-66.49164581298828,-65.94566345214844,-66.34538269042969,-66.1380386352539,-64.22966766357422,-64.59998321533203,-66.37892150878906,-67.73039245605469,-68.45468139648438,2.570377826690674,2.6764142513275146,2.4965219497680664,3.0627007484436035,3.2585253715515137,3.2283473014831543,3.2355942726135254,3.915325403213501,4.05497932434082,3.6589341163635254,3.809319496154785,3.7629761695861816,4.294567584991455,4.553813457489014,5.207647800445557,4.932991027832031,5.0237579345703125,5.561827182769775,6.297098636627197,6.0601701736450195,5.450863838195801,4.609293460845947,4.21695613861084,3.742553472518921,3.7205617427825928,3.6585302352905273,3.8596158027648926,4.787274360656738,3.9876911640167236,3.398655891418457,2.832967758178711,3.066838264465332,-295.4464416503906,72.40257263183594,21.732450485229492,20.933734893798828,20.000905990600586,9.506280899047852,7.951245307922363,13.59458065032959,4.404953956604004,5.1861748695373535,18.158674240112305,5.392765045166016,7.289781093597412,3.568925142288208,3.588266134262085,4.123313903808594,2.9083261489868164,2.738523483276367,3.0141701698303223,2.3803093433380127,0.3410053253173828,0.33504924178123474,0.40163981914520264,0.5980947017669678,0.9446129202842712,0.7957525849342346,0.4548175632953644,0.4004797339439392,0.38995251059532166,0.391990602016449,0.3568296730518341,0.3482397198677063,0.22636164724826813,0.19685524702072144,0.1975037157535553,0.17094501852989197,0.11520614475011826,0.16567519307136536,0.17512011528015137,0.22333209216594696,0.22417305409908295,0.24007828533649445,0.21043576300144196,0.21564242243766785,479.701179101858,471.23241734338745,1356.357437915748,0.010482752682714617,0.001155342673882842,1110.0,1120.0,1115.0,1171.0,1181.0,1176.0,2,meditation
P5,-5.957082748413086,-12.26794147491455,-27.16189956665039,-34.10068893432617,-40.55576705932617,-42.98509216308594,-44.299747467041016,-44.68559646606445,-46.77536392211914,-48.02273941040039,-48.94655227661133,-50.80424499511719,-51.38329315185547,-52.93165588378906,-53.52117919921875,-54.08549880981445,-54.12226867675781,-54.75364303588867,-56.03927230834961,-58.507266998291016,-60.25716781616211,-61.738014221191406,-62.2547492980957,-62.268653869628906,-61.199745178222656,-61.336692810058594,-61.75858688354492,-61.62929916381836,-62.70180892944336,-64.67988586425781,-66.53045654296875,-67.00755310058594,2.5849010944366455,2.6766815185546875,2.415152072906494,2.964715003967285,2.721909999847412,2.6031761169433594,2.56250262260437,2.983947515487671,3.183852195739746,2.9489753246307373,3.2111854553222656,3.5657801628112793,3.8436708450317383,4.070481300354004,4.439295291900635,4.1778388023376465,4.420192718505859,5.061654567718506,5.603407382965088,5.02062463760376,4.47345495223999,4.21039342880249,4.168757915496826,4.589355945587158,4.927994251251221,4.983699798583984,4.778894424438477,4.041571617126465,3.4416868686676025,2.8422298431396484,2.2763924598693848,2.5710620880126953,-289.0775146484375,67.9715805053711,24.64820098876953,21.011938095092773,16.62174415588379,15.592891693115234,7.4223713874816895,12.878670692443848,6.773805618286133,4.63112211227417,15.025221824645996,6.565194129943848,6.702308177947998,3.4324097633361816,4.968091011047363,5.5117363929748535,2.4858429431915283,2.5122311115264893,2.5565292835235596,2.3087658882141113,0.3129047751426697,0.30598074197769165,0.3674352169036865,0.5781819224357605,0.9589410424232483,0.800670325756073,0.44155529141426086,0.3857233226299286,0.3744393587112427,0.37778618931770325,0.3384269177913666,0.32464784383773804,0.22042667865753174,0.1789613962173462,0.17044375836849213,0.150228351354599,0.0948345884680748,0.15648198127746582,0.1723591834306717,0.20514872670173645,0.21017614006996155,0.24242901802062988,0.2170979082584381,0.2182205319404602,503.4286189667711,408.5563075514791,1427.9723956363136,0.010666282990139211,0.001137587707489729,1120.0,1130.0,1125.0,1181.0,1191.0,1186.0,2,meditation
P5,-6.471529006958008,-12.796863555908203,-26.87111473083496,-33.94938278198242,-40.61840057373047,-42.79001998901367,-44.09761047363281,-44.917842864990234,-46.393211364746094,-47.3453369140625,-48.39911651611328,-50.63026428222656,-51.861610412597656,-53.73804473876953,-55.257999420166016,-55.369747161865234,-55.02692794799805,-56.63862228393555,-57.50980758666992,-60.13399887084961,-61.02321243286133,-62.67596435546875,-63.803646087646484,-63.59138488769531,-62.39148712158203,-62.428192138671875,-62.81590270996094,-63.19651794433594,-64.11937713623047,-65.7979965209961,-66.9910888671875,-67.65623474121094,2.566213846206665,2.694711923599243,2.4182887077331543,3.013782501220703,2.9807932376861572,3.469909191131592,3.569197654724121,3.5380911827087402,4.052836894989014,4.667289733886719,4.427395343780518,4.312718391418457,4.519082069396973,4.563051223754883,4.679179668426514,4.613601207733154,5.282540798187256,4.889537334442139,5.508976936340332,4.981751918792725,5.245115756988525,4.654833793640137,3.9367823600769043,4.023568153381348,4.09418249130249,4.343023300170898,4.252323627471924,3.746549606323242,3.1862239837646484,2.493483066558838,2.0432040691375732,2.213054895401001,-292.9735107421875,70.7922592163086,25.78151512145996,19.49159812927246,15.473870277404785,15.181275367736816,8.406628608703613,12.734027862548828,6.552521228790283,3.8111321926116943,17.115680694580078,6.147331237792969,7.179887771606445,4.125274181365967,3.5827085971832275,3.7645697593688965,2.9523489475250244,2.7836666107177734,2.565202474594116,2.428797483444214,0.31717726588249207,0.313235878944397,0.38250094652175903,0.5844044089317322,0.9342018365859985,0.7810623645782471,0.4349539279937744,0.3824658989906311,0.3998713791370392,0.4244171679019928,0.36858510971069336,0.3382561206817627,0.21659743785858154,0.1792268455028534,0.17816667258739471,0.1672365963459015,0.12873481214046478,0.18008387088775635,0.19118280708789825,0.23789800703525543,0.2515111267566681,0.28104135394096375,0.23600919544696808,0.22008641064167023,469.2489076955258,389.52115583309165,1363.4161319011887,0.01019499528712297,0.0011124591110274196,1130.0,1140.0,1135.0,1191.0,1201.0,1196.0,2,meditation
P5,-7.013979434967041,-13.407923698425293,-27.269763946533203,-34.001827239990234,-40.61436080932617,-42.99758529663086,-44.04814529418945,-44.78472137451172,-46.214935302734375,-47.35595703125,-47.78828430175781,-49.68383026123047,-50.137657165527344,-51.73064041137695,-52.459266662597656,-52.645286560058594,-51.4868049621582,-52.896507263183594,-53.37687683105469,-56.09994888305664,-57.50067138671875,-58.96952819824219,-61.29705047607422,-62.087730407714844,-61.129974365234375,-61.502681732177734,-61.98514938354492,-61.3509407043457,-62.13954162597656,-64.24256896972656,-66.33067321777344,-66.82402801513672,2.5323386192321777,2.6025402545928955,2.383772850036621,2.9035348892211914,2.824164867401123,3.071687698364258,3.0267081260681152,3.205415964126587,3.3376898765563965,3.6652169227600098,3.789980173110962,3.8701205253601074,3.915412187576294,4.058957576751709,4.516678810119629,4.217527866363525,4.298633575439453,4.320315837860107,4.77886438369751,4.603104591369629,4.080655574798584,3.7294061183929443,3.634481906890869,3.8038973808288574,3.9352657794952393,4.142531871795654,4.016512393951416,3.697432041168213,3.350429058074951,2.9924046993255615,2.324307680130005,2.446743965148926,-284.853515625,66.5196762084961,19.93476676940918,21.62314796447754,17.368988037109375,13.565497398376465,8.08838939666748,13.1411714553833,5.334249019622803,4.722831726074219,14.339736938476562,5.809947490692139,6.208339691162109,3.7247872352600098,3.679349184036255,5.0838823318481445,2.755213499069214,2.4707987308502197,2.4272756576538086,2.664327621459961,0.3236802816390991,0.3200836777687073,0.39310476183891296,0.5856674909591675,0.9394083619117737,0.7829063534736633,0.4426606297492981,0.38322317600250244,0.40033575892448425,0.43231961131095886,0.38715997338294983,0.35796332359313965,0.22120214998722076,0.18583375215530396,0.18646322190761566,0.1750262826681137,0.12413781881332397,0.1704469472169876,0.17133598029613495,0.2219897210597992,0.23860034346580505,0.27816107869148254,0.2415163367986679,0.22813664376735687,562.4000097261452,541.9522526645882,1504.8284106486744,0.010588112674013921,0.0011029496090486646,1140.0,1150.0,1145.0,1201.0,1211.0,1206.0,2,meditation
P5,-7.894268989562988,-14.233613014221191,-28.712247848510742,-35.91783142089844,-42.541996002197266,-45.132423400878906,-46.51750564575195,-47.280399322509766,-49.644039154052734,-51.045413970947266,-51.933631896972656,-54.142601013183594,-55.563697814941406,-57.39042282104492,-58.41558074951172,-58.1705436706543,-58.280574798583984,-59.65450668334961,-61.10431671142578,-63.107852935791016,-64.4511489868164,-65.84786224365234,-66.18367004394531,-65.87124633789062,-64.87013244628906,-64.78327941894531,-65.09403228759766,-65.22084045410156,-66.30513000488281,-68.03376770019531,-69.3864974975586,-70.12495422363281,2.464242696762085,2.6453559398651123,2.4470980167388916,3.108887195587158,2.571664810180664,2.351425886154175,2.4592678546905518,2.670427083969116,2.68669056892395,2.8749682903289795,3.1247310638427734,3.082583427429199,3.5406668186187744,3.4665825366973877,4.198524475097656,4.008869647979736,4.0528669357299805,4.136194229125977,4.751043319702148,4.648253440856934,4.0194268226623535,3.336611747741699,2.982296943664551,3.12770938873291,3.239762306213379,3.5625417232513428,3.3896474838256836,3.0701375007629395,2.7483084201812744,2.2777018547058105,1.6884326934814453,1.877639651298523,-308.0963134765625,70.9751205444336,28.898042678833008,20.844135284423828,15.758167266845703,15.523884773254395,7.594936370849609,12.589107513427734,7.04725456237793,4.173567771911621,11.529427528381348,5.178663730621338,6.7041497230529785,3.4431540966033936,3.765984535217285,4.38969087600708,2.5327486991882324,2.471741199493408,2.429323434829712,2.3727736473083496,0.3042133152484894,0.30344218015670776,0.37843117117881775,0.5718477368354797,0.9412887692451477,0.790062665939331,0.43669822812080383,0.36204755306243896,0.37040311098098755,0.39470285177230835,0.3525012731552124,0.3291844129562378,0.21543292701244354,0.18503770232200623,0.18196691572666168,0.16878995299339294,0.12231644243001938,0.1676124632358551,0.16185176372528076,0.1906290203332901,0.20765820145606995,0.2560494542121887,0.22425955533981323,0.2157161682844162,431.22871869437535,286.9511650775812,1317.512193969666,0.010051116589327147,0.001114739803597331,1150.0,1160.0,1155.0,1211.0,1221.0,1216.0,2,meditation
P5,-7.62377405166626,-13.853094100952148,-28.14108657836914,-35.317073822021484,-41.87983703613281,-44.557132720947266,-45.9535026550293,-46.903316497802734,-48.849361419677734,-50.48456954956055,-51.17374038696289,-53.32797622680664,-54.18352127075195,-55.90554428100586,-56.529544830322266,-56.285118103027344,-55.57804489135742,-57.484764099121094,-58.56062698364258,-60.74272155761719,-61.216068267822266,-62.42800521850586,-64.64237213134766,-65.37818908691406,-64.99156951904297,-65.29286193847656,-65.61771392822266,-65.02142333984375,-65.20199584960938,-66.75511932373047,-68.30493927001953,-68.94380950927734,2.5664968490600586,2.6340444087982178,2.3932032585144043,3.098823070526123,2.515552282333374,2.313281536102295,2.3387961387634277,2.6999080181121826,2.81707763671875,2.7442197799682617,2.9896116256713867,3.00634503364563,3.18865704536438,3.3976364135742188,4.0599822998046875,3.7586193084716797,4.05517578125,3.857548475265503,4.350053310394287,4.1533637046813965,4.317704677581787,4.572419166564941,3.862729787826538,3.777204990386963,4.0518035888671875,4.143350601196289,3.9216489791870117,3.224656105041504,3.1543545722961426,2.692042827606201,2.101806402206421,2.223325490951538,-301.7804870605469,70.06903839111328,25.45633316040039,21.985498428344727,17.814321517944336,13.052619934082031,8.821063995361328,12.076326370239258,6.172744274139404,5.342896938323975,12.014002799987793,6.373548984527588,6.355409145355225,3.659802198410034,3.8526227474212646,4.385974407196045,2.7494239807128906,2.3444337844848633,2.7235829830169678,2.6012940406799316,0.3248291015625,0.319602370262146,0.3925033211708069,0.6167483329772949,0.9525647163391113,0.764317512512207,0.41986775398254395,0.37118592858314514,0.377064973115921,0.3901826739311218,0.35330989956855774,0.33762532472610474,0.22951416671276093,0.1944042295217514,0.1876230090856552,0.1543898582458496,0.10804751515388489,0.16981324553489685,0.17708882689476013,0.2099941521883011,0.22791196405887604,0.25303319096565247,0.22466115653514862,0.22399477660655975,465.1273292465834,344.5062694859339,1366.8246825569258,0.01025503915313225,0.0011220152955502272,1160.0,1170.0,1165.0,1221.0,1231.0,1226.0,2,meditation
P5,-7.084662914276123,-13.756063461303711,-27.795063018798828,-35.4033317565918,-41.649261474609375,-44.345481872558594,-45.88310241699219,-46.61103820800781,-48.87715530395508,-50.47904586791992,-51.32923889160156,-53.505191802978516,-54.5124626159668,-56.52300262451172,-57.73313903808594,-57.677146911621094,-57.688392639160156,-58.87051773071289,-60.47687911987305,-62.37507247924805,-63.80838394165039,-64.9991226196289,-65.64081573486328,-65.98394775390625,-65.19375610351562,-65.89086151123047,-66.18006896972656,-65.63373565673828,-65.7357406616211,-66.99967193603516,-68.2055892944336,-68.8380126953125,2.5862882137298584,2.6956353187561035,2.2696948051452637,2.7525625228881836,2.6280887126922607,2.198540449142456,2.293267250061035,2.6521902084350586,2.7473676204681396,2.9128365516662598,2.900136709213257,2.6890852451324463,3.000220775604248,3.332202196121216,4.157927989959717,3.6752583980560303,3.766551971435547,3.927345037460327,4.366906642913818,4.342838287353516,3.9626448154449463,3.6905083656311035,3.1033759117126465,2.713697671890259,2.8549249172210693,2.8904378414154053,2.695408582687378,2.37951397895813,2.5409491062164307,2.2975337505340576,1.8337888717651367,2.1565651893615723,-305.0609130859375,72.02681732177734,28.705015182495117,20.086217880249023,17.182981491088867,13.976034164428711,8.901535987854004,11.784462928771973,6.863982677459717,4.660243511199951,10.579771041870117,4.428633213043213,6.128290176391602,3.2857799530029297,4.161037445068359,4.015321254730225,2.5720958709716797,2.2691147327423096,2.4662246704101562,2.6698639392852783,0.3572973906993866,0.3429005444049835,0.3955426812171936,0.565554678440094,0.9298657774925232,0.7976796627044678,0.46653395891189575,0.4103647470474243,0.42418816685676575,0.45364657044410706,0.398380309343338,0.3752499222755432,0.22843101620674133,0.19401343166828156,0.18371231853961945,0.17659235000610352,0.1338728815317154,0.1683827042579651,0.1754647046327591,0.23433168232440948,0.23909258842468262,0.26684796810150146,0.22542747855186462,0.22228416800498962,418.38409343845143,282.15490637688515,1305.1563871536628,0.009539044373549884,0.0011006075656041503,1170.0,1180.0,1175.0,1231.0,1241.0,1236.0,2,meditation
P5,-6.528260231018066,-12.999716758728027,-27.35700035095215,-34.5483283996582,-41.47783279418945,-44.32979202270508,-45.73567581176758,-46.857154846191406,-49.30024719238281,-50.84562301635742,-51.72227096557617,-54.285789489746094,-55.52326583862305,-57.608280181884766,-59.18827819824219,-58.54600143432617,-57.968299865722656,-60.15931701660156,-61.54465866088867,-63.49393081665039,-63.55697250366211,-65.2200927734375,-67.6065673828125,-68.14012908935547,-67.66326904296875,-68.03704833984375,-68.17911529541016,-67.20030212402344,-66.7652816772461,-67.50711822509766,-68.48460388183594,-69.17278289794922,2.6517856121063232,2.6905105113983154,2.4354987144470215,3.019294500350952,2.4077694416046143,2.282027006149292,2.2799811363220215,2.5056679248809814,2.5338215827941895,2.5514354705810547,2.7782914638519287,2.7193808555603027,2.883988380432129,3.2466139793395996,3.629861354827881,3.325063467025757,4.0777812004089355,3.793002128601074,4.219793796539307,3.935048818588257,4.627150058746338,4.005203723907471,2.3496663570404053,1.9603668451309204,1.8936439752578735,1.695356845855713,1.7050529718399048,2.0690038204193115,2.587573289871216,2.2399051189422607,1.8780701160430908,2.0083138942718506,-308.9266357421875,75.26689147949219,30.37599754333496,20.102466583251953,18.71662712097168,12.121721267700195,10.037976264953613,11.841303825378418,6.233448505401611,5.17912483215332,9.963276863098145,4.173029899597168,6.1273417472839355,3.4079580307006836,3.144961357116699,3.177504539489746,2.2445297241210938,2.2048468589782715,2.6379668712615967,2.366128921508789,0.3218434453010559,0.32582318782806396,0.40725451707839966,0.6202849745750427,0.9587864279747009,0.7875159382820129,0.43920430541038513,0.3911634087562561,0.3886762261390686,0.39440077543258667,0.3536904752254486,0.336273729801178,0.22354283928871155,0.19183383882045746,0.19970040023326874,0.17047463357448578,0.09324580430984497,0.16573339700698853,0.17496660351753235,0.2194637805223465,0.22178085148334503,0.2448338270187378,0.21785351634025574,0.21995651721954346,374.65500580223767,248.231368275087,1222.141715460546,0.00970897984338747,0.0011315274750813842,1180.0,1190.0,1185.0,1241.0,1251.0,1246.0,2,meditation
P5,-6.688664436340332,-13.235787391662598,-27.77829360961914,-34.830379486083984,-41.45066833496094,-44.00051498413086,-45.21390151977539,-46.19573211669922,-47.85014724731445,-48.72947311401367,-49.73292541503906,-51.47578430175781,-52.306888580322266,-53.928531646728516,-55.11369705200195,-55.114295959472656,-54.489986419677734,-56.11301803588867,-57.17124938964844,-59.35782241821289,-59.896995544433594,-61.29658508300781,-62.85959243774414,-62.86564636230469,-62.20282745361328,-62.57511520385742,-62.90604782104492,-62.80649185180664,-63.43588638305664,-65.1207504272461,-66.98268127441406,-67.36662292480469,2.4895477294921875,2.6938369274139404,2.5851407051086426,3.1932437419891357,2.9389116764068604,3.4523096084594727,3.6170647144317627,3.3440170288085938,3.876373529434204,4.1026201248168945,3.925865411758423,4.580565452575684,4.5411553382873535,4.578702449798584,4.956454277038574,4.818490505218506,4.5000224113464355,4.961518287658691,4.934217929840088,4.811517238616943,4.6756439208984375,4.83200740814209,5.494442939758301,5.74541711807251,6.197890281677246,6.652245044708252,6.5018630027771,5.620210647583008,4.77126932144165,3.9466986656188965,2.989224672317505,3.4055590629577637,-293.64251708984375,67.39473724365234,24.81186866760254,21.553926467895508,16.713455200195312,15.006670951843262,8.792259216308594,12.341090202331543,6.326169490814209,4.814919948577881,19.76797866821289,8.722277641296387,6.184906482696533,3.529188871383667,4.164150714874268,4.76986026763916,3.288069725036621,2.5618655681610107,2.338378667831421,2.2559261322021484,0.3361579179763794,0.32837405800819397,0.3905109763145447,0.5680316686630249,0.93595951795578,0.7942547798156738,0.4478742778301239,0.38259151577949524,0.396828293800354,0.4231504499912262,0.379402756690979,0.35567742586135864,0.2370038628578186,0.19924913346767426,0.19124279916286469,0.18523137271404266,0.13570676743984222,0.1742950677871704,0.1625993698835373,0.20236678421497345,0.2248455137014389,0.26901066303253174,0.23874908685684204,0.23121705651283264,524.9910716088913,543.6509276210846,1446.9554525594738,0.010430639138631091,0.001179882325232029,1190.0,1200.0,1195.0,1251.0,1261.0,1256.0,2,meditation
P5,-6.228193759918213,-12.792872428894043,-26.992551803588867,-34.21373748779297,-40.895931243896484,-43.335899353027344,-44.78680419921875,-45.694210052490234,-47.94409942626953,-49.257869720458984,-50.38874053955078,-52.14470672607422,-53.41034698486328,-55.2546501159668,-56.46034240722656,-55.992095947265625,-55.959136962890625,-57.51972198486328,-58.58356475830078,-60.64708709716797,-62.00474166870117,-63.42599105834961,-63.79410934448242,-63.660980224609375,-62.81087875366211,-62.85129165649414,-63.211849212646484,-63.33168411254883,-64.31415557861328,-65.9912109375,-67.45557403564453,-67.9742431640625,2.59167218208313,2.698814630508423,2.382904529571533,3.0930960178375244,2.6324820518493652,2.842468023300171,3.067573070526123,2.9415183067321777,2.9560091495513916,3.127274513244629,3.2011168003082275,3.178067684173584,3.3944175243377686,3.38657283782959,4.00764799118042,3.9333741664886475,4.1904520988464355,4.1457600593566895,4.735049247741699,4.2660603523254395,3.871211051940918,3.515988826751709,3.158142328262329,3.2189230918884277,3.293367385864258,3.4701626300811768,3.540220260620117,3.0303916931152344,2.653047800064087,2.2736141681671143,1.6432435512542725,1.8730204105377197,-296.86627197265625,69.99210357666016,27.959505081176758,21.317441940307617,15.989654541015625,15.18985652923584,7.794710636138916,12.327509880065918,6.87810754776001,4.231576442718506,12.748074531555176,5.163796901702881,6.026111125946045,2.8956656455993652,3.535717010498047,3.632378578186035,2.4833152294158936,2.3079452514648438,2.3423948287963867,2.484633445739746,0.32577428221702576,0.319021075963974,0.38236290216445923,0.5652182102203369,0.9440630674362183,0.8034690618515015,0.45355018973350525,0.37275293469429016,0.37125590443611145,0.39068377017974854,0.3555968999862671,0.3405503034591675,0.22462837398052216,0.19213996827602386,0.18503865599632263,0.1725020855665207,0.11558669805526733,0.16943185031414032,0.16333694756031036,0.1987837702035904,0.21151390671730042,0.247141033411026,0.22048839926719666,0.21570098400115967,439.38842656166497,295.96913065545243,1337.298201533937,0.009314729553364268,0.0011544482549652457,1200.0,1210.0,1205.0,1261.0,1271.0,1266.0,2,meditation
P5,-6.76152229309082,-13.32313346862793,-27.902429580688477,-35.13056564331055,-41.741939544677734,-44.37716293334961,-45.96225357055664,-47.0718879699707,-49.74125671386719,-51.07965850830078,-52.08108139038086,-54.28013610839844,-55.373931884765625,-57.416263580322266,-58.549320220947266,-58.07387924194336,-57.6154899597168,-59.55915451049805,-61.12830352783203,-63.035255432128906,-63.649024963378906,-65.02151489257812,-66.85225677490234,-67.539794921875,-67.08269500732422,-67.46393585205078,-67.4764175415039,-66.5184097290039,-66.35157775878906,-67.39031982421875,-68.54087829589844,-69.18852996826172,2.4584860801696777,2.5904338359832764,2.3010807037353516,2.9098050594329834,2.5358502864837646,2.2261664867401123,2.3881545066833496,2.728360176086426,2.580214262008667,2.438436985015869,2.454472064971924,2.5989644527435303,2.8448352813720703,3.0381033420562744,3.5515553951263428,3.363070011138916,3.8721413612365723,3.7090299129486084,4.087114334106445,4.014069080352783,3.9606785774230957,3.867030620574951,2.72788667678833,2.3133442401885986,2.1844685077667236,1.9621973037719727,2.0224802494049072,2.4765100479125977,2.74701189994812,2.2509069442749023,1.6399766206741333,1.8689171075820923,-308.1712646484375,73.64895629882812,29.5113468170166,20.52786636352539,18.688997268676758,12.671330451965332,9.294923782348633,11.844764709472656,6.41030216217041,5.366055965423584,10.375311851501465,4.608974456787109,5.523749828338623,2.9277560710906982,2.921428918838501,2.682107925415039,2.123145580291748,2.2389190196990967,2.3765852451324463,2.308861494064331,0.3160780370235443,0.3187837302684784,0.396807998418808,0.5894589424133301,0.9450753927230835,0.7890015840530396,0.43778684735298157,0.3758277893066406,0.37453973293304443,0.3879779279232025,0.34738463163375854,0.3294074237346649,0.2180335968732834,0.18746435642242432,0.19477711617946625,0.1794932335615158,0.12212110310792923,0.16332267224788666,0.16673000156879425,0.213295117020607,0.2175125926733017,0.24909499287605286,0.21835005283355713,0.21357135474681854,389.8934472805058,250.60451711136892,1253.5088934582866,0.009261483106148492,0.0011535411467775702,1210.0,1220.0,1215.0,1271.0,1281.0,1276.0,2,meditation
P5,-6.854245662689209,-13.551316261291504,-27.79064178466797,-35.122581481933594,-41.56809997558594,-44.19140625,-45.45130157470703,-46.19025421142578,-48.052276611328125,-49.38978958129883,-50.31536865234375,-51.84851837158203,-52.964473724365234,-54.59612274169922,-55.46946334838867,-55.653709411621094,-55.82057571411133,-56.92961120605469,-58.43055725097656,-60.24754333496094,-61.629554748535156,-62.6535758972168,-63.08293914794922,-63.13966369628906,-62.3649787902832,-62.76896667480469,-63.21320343017578,-63.06204605102539,-63.587772369384766,-65.26361846923828,-66.98621368408203,-67.6435317993164,2.581554889678955,2.8186352252960205,2.405944347381592,2.9859564304351807,2.503706932067871,2.494912624359131,2.5115468502044678,2.7897884845733643,3.3740434646606445,3.594123601913452,3.556137800216675,3.8436930179595947,4.116219520568848,4.50732421875,5.138336181640625,4.430088043212891,4.431078910827637,4.771816730499268,5.042159080505371,4.73646879196167,4.421060562133789,4.481166362762451,4.7173967361450195,5.442371368408203,5.594460487365723,5.657857418060303,5.504643440246582,4.862935543060303,4.0232954025268555,3.204414129257202,2.4698901176452637,2.4993536472320557,-296.2483825683594,67.69645690917969,26.46025848388672,20.840604782104492,16.33802032470703,15.5941801071167,8.331339836120605,11.969322204589844,6.842158317565918,4.784690856933594,17.26889419555664,7.780998706817627,6.581700325012207,3.0742390155792236,3.894031524658203,4.1787428855896,2.8056981563568115,2.3835389614105225,2.2794551849365234,2.4351441860198975,0.33974015712738037,0.3349565267562866,0.40377771854400635,0.599022388458252,0.9439547657966614,0.796434223651886,0.4692518413066864,0.4138903021812439,0.41119250655174255,0.42212212085723877,0.3761255741119385,0.355731338262558,0.2339845448732376,0.19982150197029114,0.20047082006931305,0.17435961961746216,0.11629446595907211,0.16900724172592163,0.18045441806316376,0.22475692629814148,0.23422762751579285,0.2632963955402374,0.23366902768611908,0.22979362308979034,500.891301160959,455.71951810832365,1426.1957042921974,0.010539397839327147,0.0011158594861626625,1220.0,1230.0,1225.0,1281.0,1291.0,1286.0,2,meditation
P5,-5.887387275695801,-12.499374389648438,-26.825157165527344,-34.388980865478516,-40.67350769042969,-43.46308898925781,-45.13811492919922,-46.1082878112793,-48.25605773925781,-49.50309371948242,-50.658531188964844,-52.65227127075195,-54.047855377197266,-56.0350456237793,-57.08203887939453,-56.72342300415039,-56.623748779296875,-58.32352066040039,-59.4434700012207,-61.68803405761719,-61.983154296875,-63.26951217651367,-64.56916046142578,-64.64360046386719,-63.82448196411133,-63.865684509277344,-64.25171661376953,-64.21466064453125,-64.77972412109375,-66.07463836669922,-67.23334503173828,-68.01852416992188,2.6393322944641113,2.6915602684020996,2.4535717964172363,3.061185121536255,2.5411038398742676,2.361253499984741,2.3865597248077393,2.7546212673187256,2.542142629623413,2.461097002029419,2.388002872467041,2.495476007461548,2.585249423980713,2.7780559062957764,3.1422910690307617,2.860806465148926,2.8703367710113525,2.788412570953369,2.9267303943634033,2.973048686981201,3.0425775051116943,2.755552291870117,2.7842020988464355,3.2685980796813965,3.5241973400115967,3.9212002754211426,3.810971975326538,3.0742101669311523,2.503326654434204,1.9160938262939453,1.4987908601760864,1.5718977451324463,-299.23858642578125,71.04959106445312,29.245494842529297,21.2818660736084,16.598901748657227,14.542390823364258,8.804523468017578,12.031091690063477,6.751997470855713,4.594053268432617,9.01645565032959,4.96589994430542,3.9935877323150635,2.71781063079834,3.796172857284546,4.242825984954834,2.605856418609619,2.3105454444885254,2.372781753540039,2.4796741008758545,0.3423164188861847,0.3433379828929901,0.4221448302268982,0.6191312670707703,0.9455757141113281,0.7915914058685303,0.45646917819976807,0.3933768570423126,0.3981682360172272,0.4191438853740692,0.38029709458351135,0.3617161214351654,0.22632566094398499,0.19973912835121155,0.2038554549217224,0.17344333231449127,0.11055480688810349,0.17584766447544098,0.17769762873649597,0.2070157527923584,0.20676489174365997,0.23255173861980438,0.20854923129081726,0.2167452722787857,413.23181818697014,267.1915784512761,1295.6171710056433,0.009510721795243619,0.0011272854171693325,1230.0,1240.0,1235.0,1291.0,1301.0,1296.0,2,meditation
P5,-8.672240257263184,-15.174967765808105,-29.328092575073242,-36.58382034301758,-43.543357849121094,-46.32786178588867,-47.832801818847656,-48.640953063964844,-51.165157318115234,-52.41468048095703,-53.17782974243164,-55.438419342041016,-56.35197448730469,-58.43236541748047,-59.228084564208984,-59.22254180908203,-59.01277160644531,-60.48564529418945,-61.96937942504883,-63.889488220214844,-64.6325912475586,-65.9751968383789,-67.1921157836914,-67.79088592529297,-67.30917358398438,-67.98623657226562,-68.26164245605469,-67.34733581542969,-67.32048797607422,-68.52632904052734,-69.74417114257812,-70.34980010986328,2.6565403938293457,2.82149076461792,2.4354119300842285,3.0089426040649414,2.404770851135254,2.3630003929138184,2.379410982131958,2.6422672271728516,2.4850566387176514,2.492518901824951,2.4206032752990723,2.3342039585113525,2.5491864681243896,2.791586399078369,2.8967549800872803,2.7095444202423096,3.1142666339874268,3.0062363147735596,3.1120707988739014,2.936387777328491,3.0429699420928955,2.7221996784210205,2.4684059619903564,2.307953119277954,2.4678306579589844,2.5063743591308594,2.3992176055908203,2.300917387008667,2.2743470668792725,1.9039965867996216,1.4878696203231812,1.6418849229812622,-314.5437927246094,71.73696899414062,28.550966262817383,20.916954040527344,18.115577697753906,13.493032455444336,9.417139053344727,11.565053939819336,6.441675662994385,4.983602523803711,8.224282264709473,4.076550483703613,4.39919900894165,2.738985538482666,3.327106475830078,3.0536603927612305,2.2561373710632324,2.2282826900482178,2.292160987854004,2.416710138320923,0.3535226583480835,0.3426191210746765,0.39976149797439575,0.5958371162414551,0.9489208459854126,0.7867472171783447,0.4425010681152344,0.39596885442733765,0.41048237681388855,0.4305170476436615,0.38254860043525696,0.36511585116386414,0.23990508913993835,0.20194566249847412,0.19363601505756378,0.16797927021980286,0.10510285198688507,0.17832167446613312,0.18193618953227997,0.22027581930160522,0.22542791068553925,0.2513762414455414,0.21924139559268951,0.22627201676368713,415.97390823796377,271.7380320113109,1304.3409960603508,0.009778086934454757,0.0011124563170596957,1240.0,1250.0,1245.0,1301.0,1311.0,1306.0,2,meditation
P5,-6.901901721954346,-13.334924697875977,-27.666526794433594,-35.430912017822266,-42.12550354003906,-44.66893005371094,-46.2639045715332,-47.423095703125,-49.75685119628906,-50.79682922363281,-51.9851188659668,-54.014549255371094,-55.148780822753906,-57.2554817199707,-58.820594787597656,-58.54710006713867,-58.90456008911133,-60.402076721191406,-61.82114028930664,-63.651302337646484,-64.348388671875,-65.36207580566406,-65.73663330078125,-65.68262481689453,-64.88379669189453,-64.92866516113281,-65.37673950195312,-65.81671142578125,-66.51884460449219,-67.51302337646484,-68.37797546386719,-69.2345962524414,2.6575818061828613,2.6867480278015137,2.354736328125,2.9844846725463867,2.448544979095459,2.3159122467041016,2.1685216426849365,2.445770502090454,2.7018721103668213,2.8615832328796387,2.7756996154785156,2.813041925430298,2.816725492477417,3.114637851715088,3.2519733905792236,3.2477962970733643,3.4084649085998535,3.4331138134002686,4.007578372955322,3.8298280239105225,3.6156532764434814,3.301163673400879,3.183617115020752,3.4575841426849365,3.709949016571045,3.869520902633667,3.763364315032959,3.2089345455169678,2.5727765560150146,1.8038140535354614,1.4366272687911987,1.4596545696258545,-307.3616638183594,71.71221160888672,30.755460739135742,20.910850524902344,16.039871215820312,15.654287338256836,9.059172630310059,11.346908569335938,7.183173656463623,4.270019054412842,11.319305419921875,5.683311462402344,5.087818622589111,3.2586588859558105,2.6053683757781982,2.6109390258789062,2.3762431144714355,2.3439366817474365,2.1467204093933105,2.1321728229522705,0.32843542098999023,0.3273126482963562,0.39755600690841675,0.5772496461868286,0.9449760317802429,0.800865888595581,0.45697662234306335,0.38235437870025635,0.3831363916397095,0.4030728042125702,0.3578207194805145,0.339670330286026,0.22463488578796387,0.19452907145023346,0.19337761402130127,0.17815665900707245,0.11351119726896286,0.16184821724891663,0.16724137961864471,0.2045542448759079,0.21220359206199646,0.24939875304698944,0.21783466637134552,0.21514275670051575,403.5138091817302,259.42263857671117,1276.6504112641917,0.009525449535962877,0.001150391180999577,1250.0,1260.0,1255.0,1311.0,1321.0,1316.0,2,meditation
P5,-6.377004623413086,-13.030217170715332,-27.30624008178711,-34.380470275878906,-41.137046813964844,-43.784912109375,-45.24766159057617,-46.26632308959961,-48.88671875,-50.39909744262695,-51.233917236328125,-53.35771179199219,-54.13614273071289,-56.159000396728516,-57.24127197265625,-56.73662567138672,-56.13727569580078,-58.0948371887207,-59.30119323730469,-61.21684265136719,-61.62734603881836,-63.42710494995117,-65.06550598144531,-65.8619155883789,-65.76898193359375,-66.13212585449219,-66.2741470336914,-65.41258239746094,-65.08050537109375,-66.04458618164062,-67.34555053710938,-67.96287536621094,2.7603039741516113,2.7725226879119873,2.313589572906494,2.814390182495117,2.4378180503845215,2.46305775642395,2.9277470111846924,2.784463882446289,2.519986391067505,2.4721620082855225,2.59897518157959,2.3720219135284424,2.7927284240722656,2.7719430923461914,3.0914804935455322,2.9756174087524414,3.174614429473877,3.125572919845581,3.0559794902801514,2.9662704467773438,2.84016489982605,2.470107078552246,2.2669742107391357,1.9513587951660156,1.9397923946380615,1.9166816473007202,1.8843532800674438,2.131377696990967,2.3333845138549805,1.9697246551513672,1.481126070022583,1.6589782238006592,-301.65771484375,71.841796875,28.13981819152832,21.135753631591797,18.71133041381836,12.237981796264648,9.441145896911621,11.617186546325684,6.212362766265869,5.459344863891602,8.14212703704834,4.151422500610352,4.430907726287842,2.81050968170166,3.2195422649383545,2.627815008163452,2.2897026538848877,2.176287889480591,2.0680997371673584,2.418774366378784,0.35673436522483826,0.3497256338596344,0.4152633845806122,0.6137136220932007,0.9490715861320496,0.7799399495124817,0.43838948011398315,0.3969530761241913,0.40422579646110535,0.41555994749069214,0.3748059570789337,0.3650886118412018,0.243386372923851,0.2034243494272232,0.19590885937213898,0.17040608823299408,0.12334197759628296,0.16828489303588867,0.16530418395996094,0.2068704068660736,0.21545091271400452,0.24203206598758698,0.22038576006889343,0.23166592419147491,411.67759134882215,262.0206120395882,1301.7277034339022,0.009418956641531322,0.0011591179063543677,1260.0,1270.0,1265.0,1321.0,1331.0,1326.0,2,meditation
P6,-6.176618576049805,-10.732397079467773,-25.29994773864746,-31.7701416015625,-38.87805938720703,-43.654537200927734,-46.271915435791016,-47.10953903198242,-46.112430572509766,-47.22960662841797,-48.55226135253906,-51.03496551513672,-52.161659240722656,-55.376495361328125,-56.22294616699219,-56.113250732421875,-56.633846282958984,-58.63025665283203,-60.142982482910156,-60.91512680053711,-61.7874870300293,-62.723236083984375,-63.29058074951172,-63.85636520385742,-64.06275177001953,-64.29252624511719,-64.15567016601562,-63.70746612548828,-63.298194885253906,-63.610626220703125,-64.09280395507812,-64.81687927246094,2.506028652191162,2.679579019546509,3.3525140285491943,2.973733901977539,2.88512921333313,2.8180549144744873,2.942230224609375,2.938873052597046,3.0805797576904297,3.0715012550354004,2.7586441040039062,2.662445068359375,3.325711727142334,2.715925693511963,2.8108489513397217,2.7074408531188965,2.318335771560669,2.2331302165985107,2.374744176864624,2.2189993858337402,2.3615896701812744,1.9209030866622925,1.7819039821624756,1.8046494722366333,1.5999162197113037,1.6370185613632202,1.7083004713058472,1.742522120475769,2.5970115661621094,2.4422497749328613,1.78738272190094,1.8827506303787231,-293.92901611328125,70.77947998046875,31.310392379760742,18.48046112060547,18.088581085205078,14.627923011779785,11.843748092651367,10.491775512695312,5.53259801864624,2.992126941680908,7.297619342803955,4.204025745391846,4.490981578826904,2.9019784927368164,2.9665446281433105,2.311117649078369,2.433555841445923,2.478822708129883,2.174193859100342,2.2083449363708496,0.2950122356414795,0.2849593460559845,0.3157943785190582,0.5582362413406372,0.9433813095092773,0.8080052733421326,0.36164456605911255,0.3187010884284973,0.3409540057182312,0.3556058704853058,0.31858140230178833,0.3021828234195709,0.22289568185806274,0.18854033946990967,0.16378670930862427,0.1376638263463974,0.12297549843788147,0.1690770387649536,0.1562570482492447,0.19373385608196259,0.21905836462974548,0.24023844301700592,0.21374396979808807,0.2146221250295639,458.9823216230182,332.9153109592517,1411.7940724734117,0.011897748694895592,0.0009490769589319825,0.0,10.0,5.0,41.0,51.0,46.0,3,pranayama
P6,-7.206618785858154,-12.443575859069824,-26.33152198791504,-32.70355224609375,-39.8729362487793,-43.63467788696289,-46.445770263671875,-47.69486999511719,-47.146575927734375,-48.488136291503906,-49.630001068115234,-52.42710494995117,-53.82838821411133,-56.589210510253906,-57.27729797363281,-57.17417526245117,-57.769935607910156,-59.68026351928711,-61.18391036987305,-61.98885726928711,-63.08757019042969,-63.8536262512207,-64.53893280029297,-65.02229309082031,-65.28424835205078,-65.5218276977539,-65.32206726074219,-64.79196166992188,-64.52193450927734,-64.80848693847656,-65.26068878173828,-65.92536163330078,2.388093948364258,2.686988592147827,3.180602550506592,2.9980552196502686,3.6119158267974854,3.613724708557129,3.534470558166504,3.573232412338257,3.3601090908050537,3.249983072280884,2.9671127796173096,2.8268988132476807,3.106987476348877,2.8851165771484375,3.1542277336120605,2.8406193256378174,2.4911255836486816,2.4755401611328125,2.5577054023742676,2.4583263397216797,2.368154764175415,2.3065569400787354,2.1199870109558105,1.8336236476898193,1.5586600303649902,1.4792457818984985,1.6148711442947388,1.714713215827942,2.3489761352539062,2.1948111057281494,1.5013829469680786,1.7371125221252441,-300.07073974609375,71.33570861816406,31.56972885131836,18.391281127929688,17.622013092041016,13.655359268188477,11.025662422180176,10.296772956848145,5.738051414489746,3.2657828330993652,8.33177661895752,4.692328453063965,4.420085430145264,3.233743906021118,2.7320668697357178,2.795369863510132,2.5802319049835205,2.4313809871673584,2.364753007888794,2.5192575454711914,0.33036676049232483,0.311395525932312,0.31760865449905396,0.46873241662979126,0.9095036387443542,0.8743693828582764,0.4563435912132263,0.3710479736328125,0.3776244819164276,0.3899514973163605,0.3563198149204254,0.3397653102874756,0.22234061360359192,0.1901942640542984,0.15603582561016083,0.14850488305091858,0.13792619109153748,0.15249936282634735,0.17127588391304016,0.20631465315818787,0.21591420471668243,0.24667908251285553,0.22815406322479248,0.22389467060565948,449.4667505326352,327.06987066777845,1398.9418210372694,0.011118311339907193,0.000989738036878407,10.0,20.0,15.0,51.0,61.0,56.0,3,pranayama
P6,-6.358499050140381,-11.205293655395508,-26.145483016967773,-32.457393646240234,-39.3493537902832,-43.24124526977539,-46.301151275634766,-47.154296875,-46.30842208862305,-47.97967529296875,-48.954708099365234,-51.544891357421875,-52.912113189697266,-55.54361343383789,-56.462303161621094,-56.233341217041016,-56.83135986328125,-58.76926803588867,-60.28195571899414,-61.14812088012695,-62.310665130615234,-62.92276382446289,-63.4650993347168,-63.99003601074219,-64.14418029785156,-64.41112518310547,-64.19912719726562,-63.615596771240234,-63.43060302734375,-63.669166564941406,-64.10057830810547,-64.84745788574219,2.4853129386901855,2.7539303302764893,2.46264910697937,3.005953550338745,2.9011175632476807,3.087151050567627,2.6106112003326416,2.6236846446990967,2.660547971725464,2.5415713787078857,2.530745506286621,2.1956915855407715,2.439157724380493,2.416356325149536,2.6194074153900146,2.7349905967712402,2.3066952228546143,2.1465344429016113,2.2134408950805664,2.10784649848938,1.925436019897461,2.0529236793518066,1.9108561277389526,1.7770065069198608,1.4170258045196533,1.2563916444778442,1.3979171514511108,1.501541018486023,1.6684595346450806,1.558034896850586,1.0910181999206543,0.9243231415748596,-295.26812744140625,70.13176727294922,31.491439819335938,18.387048721313477,17.959854125976562,14.258917808532715,11.26794719696045,10.500205993652344,6.000801086425781,3.412921190261841,6.246067047119141,3.0276637077331543,3.5317604541778564,2.4855239391326904,2.5613229274749756,2.374993085861206,2.5228536128997803,2.4012863636016846,2.2145326137542725,2.226515531539917,0.2880473732948303,0.2868523597717285,0.32158413529396057,0.48878011107444763,0.9270080924034119,0.8756927847862244,0.44310274720191956,0.33932018280029297,0.32987773418426514,0.3331267535686493,0.3011758327484131,0.29070550203323364,0.21861599385738373,0.18607474863529205,0.1637580245733261,0.15730591118335724,0.11947538703680038,0.15361307561397552,0.16528953611850739,0.2005128413438797,0.20142455399036407,0.223640576004982,0.2084490954875946,0.21035592257976532,459.1139682828834,288.74976209034224,1424.7812762499102,0.012035962877030163,0.0009235644829459488,20.0,30.0,25.0,61.0,71.0,66.0,3,pranayama
P6,-9.727812767028809,-14.252732276916504,-27.93282699584961,-33.71003723144531,-40.64714050292969,-44.024803161621094,-47.537322998046875,-48.7641487121582,-48.218475341796875,-49.49834060668945,-50.54923629760742,-52.833282470703125,-53.79520797729492,-55.938507080078125,-56.96786117553711,-56.95517349243164,-57.854122161865234,-59.97340774536133,-60.97804260253906,-61.95182418823242,-63.339073181152344,-64.38899230957031,-65.10196685791016,-65.74409484863281,-66.0055160522461,-66.45249938964844,-66.4737319946289,-65.66876983642578,-65.24928283691406,-65.61563873291016,-66.2234878540039,-66.9933853149414,2.4506874084472656,3.244558095932007,4.987645149230957,5.633620738983154,7.012618064880371,7.624711036682129,7.004464626312256,5.793116092681885,5.688432216644287,6.139298439025879,5.768587589263916,5.7830634117126465,6.640759468078613,8.287938117980957,7.843293190002441,7.4036478996276855,6.334618091583252,6.099289417266846,6.526523590087891,6.416421890258789,5.866045951843262,5.141621112823486,5.02638578414917,4.433546543121338,4.251677513122559,3.827314615249634,3.5837833881378174,4.137742519378662,4.928503036499023,4.699987411499023,4.3657121658325195,4.293495178222656,-303.9439697265625,70.45626831054688,28.707313537597656,17.879459381103516,18.06051254272461,13.218673706054688,10.152368545532227,9.213871955871582,4.857341289520264,3.387605905532837,26.542163848876953,8.771417617797852,8.520843505859375,4.847372531890869,3.7230024337768555,4.2968831062316895,3.8756208419799805,4.279231548309326,3.27375864982605,2.9990427494049072,0.28161194920539856,0.27754151821136475,0.32178348302841187,0.5430973768234253,0.9303526282310486,0.8130576014518738,0.3844011127948761,0.3347649872303009,0.3310210406780243,0.3310973048210144,0.30482953786849976,0.28788071870803833,0.20243866741657257,0.18042314052581787,0.17085151374340057,0.1610904335975647,0.14796066284179688,0.18314044177532196,0.1728578358888626,0.2116788923740387,0.20697031915187836,0.21443788707256317,0.2050420194864273,0.1939152479171753,543.6227589393907,580.1224781576276,1489.027103810596,0.014222465922273782,0.0010127290152013302,30.0,40.0,35.0,71.0,81.0,76.0,3,pranayama
P6,-13.164841651916504,-18.26919937133789,-32.603736877441406,-38.72241973876953,-45.91593551635742,-49.5358772277832,-52.098480224609375,-53.80735397338867,-53.530521392822266,-55.40119171142578,-55.26116943359375,-57.8432502746582,-58.90449142456055,-61.61511993408203,-62.87181854248047,-62.81084060668945,-62.960575103759766,-64.67610168457031,-66.13589477539062,-67.07279968261719,-68.49736785888672,-69.21772003173828,-69.8559341430664,-70.39047241210938,-70.55824279785156,-70.81107330322266,-70.56243896484375,-69.73631286621094,-69.47857666015625,-69.77760314941406,-70.41682434082031,-71.31132507324219,2.613994598388672,2.975224018096924,2.3669471740722656,2.9670047760009766,2.962977647781372,3.7198569774627686,3.0413355827331543,2.775360107421875,2.695956230163574,2.5357987880706787,3.005960464477539,3.1719393730163574,3.104384183883667,3.1006014347076416,3.0545408725738525,2.6937239170074463,3.1018552780151367,2.975512981414795,2.7016799449920654,2.396713972091675,2.1601171493530273,1.844408392906189,1.6975733041763306,1.682547926902771,1.5994527339935303,1.5066190958023071,1.4561183452606201,1.7350682020187378,2.1504063606262207,2.0973663330078125,1.4801591634750366,1.074019432067871,-331.2469482421875,69.3684310913086,30.97093391418457,18.556373596191406,18.352216720581055,13.882535934448242,10.701595306396484,10.186662673950195,5.059877395629883,3.419186592102051,8.112058639526367,3.7219858169555664,4.100338935852051,3.226980209350586,2.7112696170806885,2.425765037536621,2.730872392654419,2.221888542175293,2.2714438438415527,2.268139362335205,0.2944917380809784,0.2937529683113098,0.32746291160583496,0.505965530872345,0.9279811382293701,0.8485065698623657,0.4258320927619934,0.3624766170978546,0.3546251654624939,0.35312744975090027,0.31075721979141235,0.29568079113960266,0.21053995192050934,0.19339534640312195,0.17824126780033112,0.15534408390522003,0.12803420424461365,0.15768644213676453,0.1712648570537567,0.212558776140213,0.20501147210597992,0.23122483491897583,0.20362959802150726,0.2024640291929245,480.0032701807127,318.90124256815545,1462.2400608966984,0.011363018416473318,0.0009305533021688461,40.0,50.0,45.0,81.0,91.0,86.0,3,pranayama
P6,-8.689249038696289,-13.803162574768066,-28.025667190551758,-33.88273620605469,-40.83207702636719,-45.11562728881836,-48.075443267822266,-50.29490661621094,-49.643009185791016,-51.6920280456543,-51.784114837646484,-54.63970947265625,-55.5053596496582,-58.577518463134766,-59.68749237060547,-59.66267395019531,-59.9036750793457,-61.50350570678711,-62.93128204345703,-63.82998275756836,-64.89468383789062,-65.5390853881836,-65.99908447265625,-66.57095336914062,-66.66655731201172,-66.99992370605469,-66.59403228759766,-66.02401733398438,-66.14131927490234,-66.26792907714844,-66.55236053466797,-67.3463134765625,2.446322202682495,2.569603204727173,2.442410945892334,3.157223701477051,3.79244065284729,3.7744486331939697,3.1413018703460693,2.3560616970062256,2.3181817531585693,2.123724937438965,2.395589590072632,2.0841357707977295,2.2123374938964844,2.0349221229553223,2.0241332054138184,1.942905306816101,1.88325035572052,1.8021624088287354,1.7151596546173096,1.5773628950119019,1.5544124841690063,1.5207072496414185,1.4281877279281616,1.2994986772537231,1.2158154249191284,1.165156602859497,1.0606387853622437,1.159020185470581,1.3020949363708496,1.2231234312057495,1.040539026260376,0.9523974061012268,-310.0089111328125,70.56200408935547,33.17576217651367,19.484161376953125,17.883041381835938,13.772936820983887,10.638408660888672,9.539331436157227,4.926821708679199,2.9088053703308105,4.108292579650879,3.4245147705078125,2.7796883583068848,2.3056640625,2.464362382888794,2.5539865493774414,2.9187521934509277,2.5820608139038086,2.2036209106445312,2.0129969120025635,0.28968125581741333,0.28101563453674316,0.3191801607608795,0.5229237079620361,0.953507661819458,0.837599515914917,0.4104275703430176,0.3499998152256012,0.35699743032455444,0.3678831160068512,0.325883150100708,0.30199646949768066,0.2086014300584793,0.1824844777584076,0.1686418205499649,0.14339494705200195,0.087312713265419,0.15393047034740448,0.15461397171020508,0.19334781169891357,0.2068617194890976,0.23164978623390198,0.2060384899377823,0.20355021953582764,450.805258350955,285.3773926914153,1414.6471333712068,0.011642845490139211,0.0009177578031085432,50.0,60.0,55.0,91.0,101.0,96.0,3,pranayama
P6,-6.607268810272217,-11.66651439666748,-26.141271591186523,-32.23709487915039,-39.344947814941406,-43.392887115478516,-46.30064392089844,-47.852596282958984,-47.56064224243164,-49.6594123840332,-49.596168518066406,-52.37388610839844,-53.37012481689453,-56.57786560058594,-57.61286163330078,-57.56968307495117,-57.9233512878418,-59.64040756225586,-60.9002685546875,-61.47321319580078,-62.69050598144531,-63.323490142822266,-63.81596374511719,-64.25936126708984,-64.41128540039062,-64.75237274169922,-64.46920013427734,-64.01295471191406,-64.05961608886719,-64.07574462890625,-64.2752685546875,-64.99401092529297,2.418647050857544,2.826104164123535,2.400125503540039,3.100290536880493,3.4985523223876953,3.1638951301574707,2.6243269443511963,2.491983652114868,2.419722080230713,2.2328317165374756,2.4396309852600098,2.2017955780029297,2.258570909500122,2.104684352874756,2.2139179706573486,2.177626848220825,1.984954833984375,2.1940526962280273,2.042194366455078,2.1266164779663086,2.059586763381958,1.9559272527694702,1.8642992973327637,1.7902888059616089,1.5731325149536133,1.3625195026397705,1.3308149576187134,1.3658335208892822,1.5522353649139404,1.862717866897583,1.571487307548523,1.4202371835708618,-298.2118225097656,69.94829559326172,33.015560150146484,19.357019424438477,17.755691528320312,13.939199447631836,11.259418487548828,9.706920623779297,5.274975776672363,3.0595569610595703,5.8158040046691895,3.925636053085327,2.911224126815796,2.250302314758301,2.1868386268615723,2.4182686805725098,2.4898929595947266,2.434779167175293,2.3107991218566895,2.156820058822632,0.2877478003501892,0.28530153632164,0.33387523889541626,0.5480681657791138,0.9485228657722473,0.8124122023582458,0.40582847595214844,0.3482512831687927,0.34678682684898376,0.34907734394073486,0.3068975806236267,0.29146674275398254,0.2109602838754654,0.17880146205425262,0.17107626795768738,0.15060663223266602,0.11028791964054108,0.16426900029182434,0.17255231738090515,0.20563621819019318,0.2204442173242569,0.244257390499115,0.21277347207069397,0.20944824814796448,454.2959058317855,285.72711988834106,1422.867804072228,0.011305240356728538,0.000919850601349026,60.0,70.0,65.0,101.0,111.0,106.0,3,pranayama
P6,-6.8800435066223145,-11.939566612243652,-26.483936309814453,-32.59457778930664,-39.76153564453125,-44.260215759277344,-46.69046401977539,-48.130958557128906,-47.358787536621094,-49.39773178100586,-49.67941665649414,-52.322994232177734,-53.05491256713867,-56.49248504638672,-57.54103088378906,-57.150630950927734,-57.4750862121582,-59.205039978027344,-60.3067626953125,-61.06480026245117,-62.40052032470703,-63.087890625,-63.58359146118164,-63.98539733886719,-64.29490661621094,-64.74357604980469,-64.59907531738281,-63.82626724243164,-63.67094039916992,-63.925392150878906,-64.35367584228516,-64.952392578125,2.5661325454711914,2.961350917816162,2.3912181854248047,2.9951415061950684,2.9673919677734375,2.661835193634033,3.143130302429199,2.622091770172119,2.5635335445404053,2.2409839630126953,2.341671943664551,2.028850555419922,2.433943271636963,2.1459720134735107,2.2384023666381836,2.1587042808532715,2.281404495239258,2.207587957382202,2.4344425201416016,2.1497011184692383,2.030959129333496,2.068910837173462,1.8117409944534302,1.7689141035079956,1.5221620798110962,1.5333895683288574,1.520630955696106,1.6972805261611938,1.755295753479004,1.6861701011657715,1.506346583366394,1.4701409339904785,-297.9066467285156,68.95213317871094,31.90581512451172,19.403223037719727,18.059926986694336,13.974788665771484,11.547944068908691,10.212913513183594,5.354416370391846,3.0510919094085693,5.576207637786865,3.9494261741638184,3.1346561908721924,2.638592481613159,2.666408061981201,2.4844393730163574,2.4090352058410645,2.26393985748291,2.370276927947998,2.352567434310913,0.30303966999053955,0.29148009419441223,0.3197784423828125,0.48390844464302063,0.9251772165298462,0.8503739237785339,0.43695080280303955,0.355250746011734,0.3612734377384186,0.3769208490848541,0.33633992075920105,0.3137989044189453,0.22164753079414368,0.1843312680721283,0.15966054797172546,0.1550343930721283,0.127203106880188,0.1553351730108261,0.16243909299373627,0.20608437061309814,0.21916581690311432,0.24818052351474762,0.22140395641326904,0.21545828878879547,464.0688384260592,301.3399411796694,1441.815119972207,0.011242930684454757,0.0009352765628136694,70.0,80.0,75.0,111.0,121.0,116.0,3,pranayama
P6,-7.834001541137695,-12.702498435974121,-27.493793487548828,-33.914710998535156,-41.592376708984375,-45.6967887878418,-48.13490676879883,-49.4690055847168,-49.03205490112305,-51.041053771972656,-51.10188293457031,-53.80827331542969,-54.55952835083008,-57.831119537353516,-59.107967376708984,-58.651615142822266,-59.18065643310547,-60.798641204833984,-61.99684524536133,-62.88401794433594,-64.1125717163086,-64.63668060302734,-65.13078308105469,-65.57665252685547,-65.78219604492188,-66.17418670654297,-65.90801239013672,-65.27506256103516,-65.19366455078125,-65.37962341308594,-65.72408294677734,-66.48694610595703,2.5264735221862793,2.7119498252868652,2.376647472381592,2.957197427749634,2.6458966732025146,2.3959712982177734,2.4892382621765137,2.359043836593628,2.4060328006744385,2.1922528743743896,2.3504974842071533,1.926070213317871,2.280863046646118,2.1684443950653076,2.1486709117889404,1.9636058807373047,2.0516018867492676,2.1887617111206055,2.122325897216797,1.8925522565841675,1.927756667137146,1.6676745414733887,1.5374441146850586,1.3358920812606812,1.295926809310913,1.132843255996704,1.0438779592514038,1.2371019124984741,1.7006056308746338,1.5216668844223022,1.1387883424758911,0.9528977274894714,-306.2147521972656,69.37765502929688,32.594844818115234,19.565473556518555,18.363378524780273,14.563494682312012,11.708938598632812,10.323153495788574,5.538417816162109,3.229034662246704,4.35303258895874,3.052885055541992,3.069063186645508,2.4751994609832764,2.4099299907684326,2.3292124271392822,2.19897198677063,2.027522087097168,2.2124338150024414,2.14492130279541,0.2698901891708374,0.2699284255504608,0.3428393602371216,0.6592209935188293,0.9696857929229736,0.7608698010444641,0.36548203229904175,0.33865970373153687,0.34813812375068665,0.3403968811035156,0.2980388104915619,0.27898308634757996,0.20221208035945892,0.1706499606370926,0.17153911292552948,0.1285145878791809,0.09429261088371277,0.15502867102622986,0.1718718409538269,0.21079692244529724,0.22630566358566284,0.23041458427906036,0.19919662177562714,0.20215021073818207,452.4342185698108,271.7130514972448,1420.8722543911679,0.011430992604408352,0.0009435195242986083,80.0,90.0,85.0,121.0,131.0,126.0,3,pranayama
P6,-4.88357400894165,-9.993623733520508,-24.716053009033203,-30.966394424438477,-38.33641052246094,-42.30335998535156,-44.85051727294922,-46.39958953857422,-46.06083297729492,-48.037864685058594,-47.87007141113281,-50.500667572021484,-51.45927047729492,-54.870025634765625,-55.90768051147461,-55.770023345947266,-56.17869567871094,-57.93412780761719,-59.28382873535156,-60.0518684387207,-61.16459655761719,-61.93998718261719,-62.42937469482422,-62.804630279541016,-62.92649459838867,-63.13785171508789,-62.847618103027344,-62.29945373535156,-62.265296936035156,-62.5494384765625,-62.96006774902344,-63.60270309448242,2.2781548500061035,2.685689687728882,2.3321657180786133,3.0141963958740234,2.6432430744171143,2.8441121578216553,2.4247066974639893,2.693350315093994,2.583160400390625,2.3369100093841553,2.40297794342041,2.222262382507324,2.2705440521240234,2.044114828109741,2.1784701347351074,2.013531446456909,2.0241715908050537,2.00065541267395,1.9882994890213013,1.8438198566436768,1.8430460691452026,1.7219239473342896,1.5226247310638428,1.4130592346191406,1.304374098777771,1.2367156744003296,1.1407954692840576,1.3100051879882812,1.5408443212509155,1.3918081521987915,1.1904226541519165,1.0290191173553467,-289.43682861328125,69.83079528808594,32.522987365722656,19.05997657775879,18.088346481323242,14.613261222839355,11.3506441116333,10.226025581359863,5.3186163902282715,3.2128183841705322,4.77534818649292,3.010549545288086,2.810311794281006,2.5269224643707275,2.474081516265869,2.2775661945343018,2.3222546577453613,2.204951286315918,2.2437257766723633,2.1288158893585205,0.29896509647369385,0.28971433639526367,0.321075439453125,0.5051630735397339,0.9308817982673645,0.8512504696846008,0.40781983733177185,0.3460831344127655,0.36136090755462646,0.38173526525497437,0.3395666182041168,0.3171950578689575,0.19720891118049622,0.16851495206356049,0.16046901047229767,0.15363605320453644,0.11422067880630493,0.14876972138881683,0.15552157163619995,0.1966509222984314,0.21788683533668518,0.25775033235549927,0.2230583280324936,0.2060486376285553,441.3832220099223,269.2899416328306,1403.1682454028708,0.011530688080046404,0.0009396792156621814,90.0,100.0,95.0,131.0,141.0,136.0,3,pranayama
P6,-6.823323726654053,-11.592536926269531,-26.401451110839844,-32.810909271240234,-39.612388610839844,-43.019657135009766,-45.0953369140625,-46.665382385253906,-46.672855377197266,-47.79480743408203,-48.1168212890625,-50.581912994384766,-51.7481689453125,-54.94889831542969,-55.987831115722656,-55.931617736816406,-56.423221588134766,-57.7192497253418,-59.17583465576172,-60.135780334472656,-61.52900314331055,-62.585269927978516,-63.336219787597656,-63.98601531982422,-64.08502960205078,-64.51021575927734,-64.42412567138672,-63.616554260253906,-63.341773986816406,-63.779788970947266,-64.33464050292969,-65.05130767822266,2.511535882949829,2.8003180027008057,2.626227617263794,3.0230889320373535,3.2318098545074463,4.353817939758301,4.483623027801514,3.9988627433776855,4.094722747802734,4.724855422973633,4.3174543380737305,4.619917869567871,4.517189979553223,4.132676124572754,4.098962783813477,3.7894954681396484,3.563906669616699,3.888397216796875,3.957545757293701,3.69881010055542,3.3286690711975098,2.821293354034424,2.5966098308563232,2.2935597896575928,2.099179744720459,1.7542970180511475,1.4147775173187256,1.5864838361740112,2.011312484741211,1.7843141555786133,1.3467295169830322,1.2575607299804688,-293.77423095703125,70.2569808959961,29.329893112182617,18.01948356628418,17.859966278076172,13.64194107055664,11.351799964904785,10.684799194335938,5.252687931060791,3.4707448482513428,13.047557830810547,4.487320899963379,6.55419397354126,4.474006175994873,3.269989252090454,2.5503644943237305,2.1815576553344727,2.408254623413086,2.242241144180298,2.3563172817230225,0.2679425776004791,0.25902920961380005,0.29380014538764954,0.5005010366439819,0.9380024671554565,0.8622437119483948,0.41630813479423523,0.3431914150714874,0.3333722651004791,0.3329492211341858,0.2962592542171478,0.2766590118408203,0.1868412345647812,0.16200976073741913,0.1545560657978058,0.1362907588481903,0.1112724021077156,0.1487760692834854,0.16126374900341034,0.18974103033542633,0.19295580685138702,0.2178504467010498,0.19080457091331482,0.18330079317092896,478.36775693744636,352.5499950152262,1441.1954079852185,0.011801451928654292,0.0009161545312963426,100.0,110.0,105.0,141.0,151.0,146.0,3,pranayama
P6,-5.808070182800293,-11.061781883239746,-25.69980239868164,-32.30495071411133,-39.74999237060547,-43.90367126464844,-46.37029266357422,-47.633724212646484,-47.83967208862305,-49.384010314941406,-49.263065338134766,-52.02817916870117,-53.13044738769531,-56.303707122802734,-57.29303741455078,-57.156471252441406,-57.58622360229492,-59.14612579345703,-60.517147064208984,-61.200504302978516,-62.464019775390625,-63.36853790283203,-63.70042037963867,-64.0356216430664,-64.12492370605469,-64.48628997802734,-64.12297821044922,-63.48512649536133,-63.44673156738281,-63.593746185302734,-64.02658081054688,-64.80357360839844,2.5692853927612305,2.761763572692871,2.345649242401123,2.8618149757385254,2.2616381645202637,2.2418630123138428,2.1986043453216553,2.2166507244110107,2.3204078674316406,2.217927932739258,2.2238430976867676,1.983897089958191,2.1731863021850586,2.1782593727111816,1.9372705221176147,1.9038571119308472,1.7757891416549683,1.8429585695266724,1.6215533018112183,1.4865649938583374,1.4024806022644043,1.2820404767990112,1.119031548500061,1.0919071435928345,1.0693801641464233,0.9990816116333008,0.9207181334495544,1.0365015268325806,1.190195083618164,1.1502457857131958,0.8240471482276917,0.8603646755218506,-296.8150329589844,69.5296401977539,33.024497985839844,19.4664249420166,18.516605377197266,14.673782348632812,11.534189224243164,10.48525619506836,5.428714275360107,3.1971302032470703,2.92885422706604,2.4374072551727295,2.6817679405212402,2.4424195289611816,2.2190513610839844,2.059678792953491,2.141692876815796,2.130432367324829,2.179666757583618,2.1462197303771973,0.3120579123497009,0.3075391948223114,0.35136380791664124,0.5621680617332458,0.9471327066421509,0.8402738571166992,0.4158383309841156,0.363071084022522,0.3767245411872864,0.38795673847198486,0.34389907121658325,0.3215334117412567,0.20776788890361786,0.17728491127490997,0.1760295331478119,0.15522682666778564,0.09637203067541122,0.15248234570026398,0.17116764187812805,0.20995338261127472,0.22572104632854462,0.2471056878566742,0.21416400372982025,0.20780916512012482,437.4131627961929,258.2235739015371,1397.8459438873426,0.011321101000580047,0.0009540453320369124,110.0,120.0,115.0,151.0,161.0,156.0,3,pranayama
P6,-6.530580997467041,-11.519041061401367,-25.937938690185547,-32.266544342041016,-40.06968307495117,-43.70417022705078,-46.526878356933594,-48.05268478393555,-47.968482971191406,-49.57304000854492,-49.39828872680664,-52.302371978759766,-53.147212982177734,-56.10422897338867,-57.26350021362305,-57.37295913696289,-57.3607177734375,-59.42802047729492,-60.85961151123047,-61.54127502441406,-62.776336669921875,-63.50152587890625,-63.926971435546875,-64.44412231445312,-64.49736022949219,-64.84519958496094,-64.44033813476562,-63.89102554321289,-63.9154052734375,-64.14606475830078,-64.4152603149414,-65.15103912353516,2.4269778728485107,2.6664791107177734,2.4027936458587646,2.8494110107421875,2.4799866676330566,2.578355073928833,2.3328940868377686,2.46632981300354,2.505059003829956,2.2040464878082275,2.467272996902466,2.080599784851074,2.175703287124634,2.044935703277588,2.0804331302642822,2.231228828430176,2.4536049365997314,2.1298418045043945,1.9190367460250854,1.6549729108810425,1.6789510250091553,1.5469328165054321,1.451189398765564,1.3990341424942017,1.230241298675537,1.1556997299194336,1.0746506452560425,1.0999544858932495,1.2217881679534912,1.199271559715271,0.9820016622543335,1.0121667385101318,-298.20068359375,69.89945220947266,32.439422607421875,19.219114303588867,18.497047424316406,14.61193561553955,11.205621719360352,9.993666648864746,5.2938737869262695,3.1250181198120117,4.336356163024902,2.720108985900879,3.0494375228881836,2.2575151920318604,2.367485523223877,2.2075588703155518,2.2217657566070557,2.069056987762451,2.1630523204803467,2.0317025184631348,0.27774566411972046,0.2796196937561035,0.32946982979774475,0.5570833683013916,0.9566599130630493,0.834467887878418,0.3911828100681305,0.3331868052482605,0.34405606985092163,0.3522360026836395,0.310223788022995,0.28811174631118774,0.2025199681520462,0.17969821393489838,0.18061453104019165,0.14826741814613342,0.08804681897163391,0.15426796674728394,0.1597171276807785,0.19504833221435547,0.2052602618932724,0.22565463185310364,0.20280662178993225,0.20011158287525177,450.8536980876698,278.68261492169376,1417.299116630839,0.011223671331206497,0.0009097851580008864,120.0,130.0,125.0,161.0,171.0,166.0,3,pranayama
P6,-6.084623336791992,-10.679986953735352,-25.596494674682617,-31.885150909423828,-39.152000427246094,-43.488285064697266,-45.58588409423828,-46.99679946899414,-46.97817611694336,-48.981719970703125,-48.994834899902344,-51.5814323425293,-52.355377197265625,-55.217464447021484,-56.2098274230957,-56.03137969970703,-56.391761779785156,-58.45283508300781,-59.833648681640625,-60.7027702331543,-61.93180847167969,-62.79483413696289,-63.08915328979492,-63.535133361816406,-63.768245697021484,-63.915557861328125,-63.55755615234375,-63.094600677490234,-63.143333435058594,-63.36635208129883,-63.6673698425293,-64.41394805908203,2.3654115200042725,2.5889201164245605,2.5922040939331055,3.1511945724487305,2.8353471755981445,2.530395746231079,2.3770265579223633,2.6115260124206543,2.70711612701416,2.472550868988037,2.303406238555908,2.042398452758789,2.4091155529022217,2.3974337577819824,2.518486738204956,2.8328468799591064,3.077731132507324,2.403952121734619,2.14111328125,1.9159116744995117,1.7410420179367065,1.6841282844543457,1.585863471031189,1.467781662940979,1.3649272918701172,1.260877251625061,1.2565563917160034,1.3861792087554932,1.4719380140304565,1.46892511844635,1.067367434501648,1.0658316612243652,-293.71063232421875,69.5180892944336,31.837963104248047,19.160953521728516,18.606393814086914,14.522245407104492,10.795660972595215,10.072171211242676,5.711337566375732,3.428861618041992,5.559014797210693,2.8244264125823975,3.542990207672119,2.232569456100464,2.517714262008667,2.271246910095215,2.4007768630981445,2.3176310062408447,2.340261697769165,2.2715628147125244,0.2602081894874573,0.2576305866241455,0.31087228655815125,0.5735607743263245,0.9651414752006531,0.8176586031913757,0.37575840950012207,0.33047524094581604,0.33368486166000366,0.3342132270336151,0.29491549730300903,0.27208444476127625,0.1866997927427292,0.1609041839838028,0.1541154384613037,0.1318865716457367,0.08219483494758606,0.16170363128185272,0.16155578196048737,0.19030824303627014,0.20007209479808807,0.21805554628372192,0.1926397979259491,0.18776601552963257,455.0249129072562,279.0573226326856,1423.7748757314548,0.011508030017401392,0.0009097916772589087,130.0,140.0,135.0,171.0,181.0,176.0,3,pranayama
P6,-10.233868598937988,-15.830595016479492,-30.659770965576172,-36.905643463134766,-44.199119567871094,-48.33530044555664,-51.14845657348633,-52.3991813659668,-52.604793548583984,-54.07771682739258,-54.07173538208008,-56.84288787841797,-57.74054718017578,-60.694786071777344,-61.65073776245117,-61.65606689453125,-62.105098724365234,-63.98272705078125,-65.28430938720703,-66.1503677368164,-67.29430389404297,-68.11331176757812,-68.44539642333984,-68.9423828125,-69.0012435913086,-69.39327239990234,-69.02284240722656,-68.22527313232422,-68.25616455078125,-68.5112533569336,-68.928955078125,-69.77581787109375,2.7685976028442383,2.703244924545288,2.3974218368530273,2.9244532585144043,2.763967514038086,2.819005012512207,2.977526903152466,2.571485757827759,2.4622859954833984,2.270598888397217,2.5141634941101074,2.1459763050079346,2.4423840045928955,2.439517021179199,2.175575017929077,2.135150671005249,2.1983346939086914,2.2470290660858154,1.966739296913147,1.8933444023132324,1.8856631517410278,1.6571543216705322,1.5295113325119019,1.395250678062439,1.3377872705459595,1.2240164279937744,1.2118054628372192,1.4351470470428467,1.570143222808838,1.2724275588989258,1.1276077032089233,1.0163813829421997,-323.5868835449219,70.04466247558594,32.767635345458984,19.4190616607666,18.76271629333496,14.84628963470459,11.222214698791504,10.211647033691406,5.439276218414307,3.521116256713867,5.4756975173950195,3.0208725929260254,2.9214651584625244,2.451448678970337,2.418358087539673,2.4579551219940186,2.5323586463928223,2.3954391479492188,2.2502429485321045,2.3115780353546143,0.3214523196220398,0.29842624068260193,0.31112220883369446,0.4752028286457062,0.8988202810287476,0.8413835167884827,0.4591606855392456,0.43399909138679504,0.44257718324661255,0.4437413513660431,0.38028258085250854,0.34233778715133667,0.2240365594625473,0.18872249126434326,0.16482369601726532,0.1558162122964859,0.16312342882156372,0.1726255863904953,0.1713426262140274,0.24923501908779144,0.25879335403442383,0.2807564437389374,0.24025943875312805,0.22680914402008057,431.69862743892196,262.9698715741009,1380.709003879627,0.011656440327726218,0.001009474042803049,140.0,150.0,145.0,181.0,191.0,186.0,3,pranayama
P6,-5.539992809295654,-10.398931503295898,-24.812917709350586,-30.81438446044922,-38.18925094604492,-41.90320587158203,-45.00144958496094,-46.3207893371582,-46.529544830322266,-48.03063201904297,-48.03468322753906,-50.77383804321289,-51.667903900146484,-54.33884811401367,-55.00850296020508,-54.99260330200195,-55.695186614990234,-57.41218566894531,-58.50413131713867,-59.31126022338867,-60.5190315246582,-61.33707046508789,-61.640132904052734,-61.9655876159668,-62.16546630859375,-62.43502426147461,-62.043846130371094,-60.9369010925293,-60.77635192871094,-61.63652420043945,-62.492305755615234,-63.1055908203125,2.3869316577911377,2.889023780822754,2.5086193084716797,2.8829078674316406,2.7608540058135986,2.7676210403442383,2.5181853771209717,2.4403584003448486,2.458440065383911,2.28139591217041,2.4161832332611084,2.145462989807129,2.1444053649902344,2.337939739227295,2.5625574588775635,2.6339333057403564,2.3908283710479736,2.533457040786743,2.3856074810028076,2.460444211959839,2.3596301078796387,2.232217788696289,2.182457685470581,2.1658387184143066,1.9346354007720947,1.9986809492111206,2.1088225841522217,2.8909571170806885,3.049015998840332,2.5031542778015137,1.8621989488601685,1.8985213041305542,-287.1444396972656,67.49777221679688,32.21417236328125,19.378440856933594,18.171348571777344,14.46657943725586,10.224527359008789,10.01740837097168,4.826308727264404,3.640594959259033,6.91499662399292,5.509566783905029,3.239144802093506,2.4637138843536377,2.469390869140625,2.533907651901245,2.457998514175415,2.365234375,2.211163282394409,2.2753124237060547,0.28283312916755676,0.2836752235889435,0.3314492106437683,0.5258262753486633,0.9408761262893677,0.8323624134063721,0.3932326138019562,0.3201542794704437,0.3382154703140259,0.35949134826660156,0.3175874352455139,0.29426994919776917,0.20285248756408691,0.18058888614177704,0.17289841175079346,0.15327110886573792,0.11173858493566513,0.15952450037002563,0.15620006620883942,0.19068501889705658,0.2182844877243042,0.2531469166278839,0.22044895589351654,0.20805546641349792,504.4586885746501,313.630354100203,1512.6730394864862,0.01179692031612529,0.0009171910351142287,150.0,160.0,155.0,191.0,201.0,196.0,3,pranayama
P6,-6.175367832183838,-11.672930717468262,-26.215551376342773,-32.451866149902344,-39.35676193237305,-42.81131362915039,-45.693359375,-47.1556282043457,-47.08664321899414,-49.22102355957031,-49.42600631713867,-51.97516632080078,-52.67293167114258,-55.269596099853516,-56.56536102294922,-56.49095916748047,-56.8619270324707,-58.473506927490234,-59.80854797363281,-60.81406021118164,-62.04842758178711,-62.925048828125,-63.537593841552734,-64.1048812866211,-64.15182495117188,-64.56111907958984,-64.15814971923828,-63.46834182739258,-63.54251480102539,-63.85240173339844,-64.41031646728516,-65.11970520019531,2.533449411392212,2.6731057167053223,2.478165626525879,3.004650592803955,3.217649459838867,3.7233340740203857,2.9811275005340576,2.7537403106689453,2.6956677436828613,2.345536231994629,2.5321760177612305,2.388108253479004,2.4285519123077393,2.9861900806427,2.8662707805633545,2.871508836746216,2.8561952114105225,2.9815421104431152,2.652425765991211,2.5086374282836914,2.359482526779175,2.2489683628082275,2.138951063156128,1.9846372604370117,1.7550959587097168,1.4884923696517944,1.5211254358291626,1.8680381774902344,1.8103859424591064,1.564308762550354,1.1459654569625854,1.1135164499282837,-295.5845642089844,70.00603485107422,31.26728630065918,19.219280242919922,18.238067626953125,13.849143981933594,10.507885932922363,10.151507377624512,5.4191412925720215,3.8407063484191895,7.645864963531494,3.6890764236450195,4.199606895446777,2.560699224472046,2.5393102169036865,2.503671884536743,2.681915521621704,2.622753143310547,2.309140920639038,2.2885618209838867,0.36341068148612976,0.3395751714706421,0.35341301560401917,0.5441505312919617,0.9428523778915405,0.8211273550987244,0.40279027819633484,0.3704890310764313,0.40511804819107056,0.42778706550598145,0.3888307511806488,0.3720408082008362,0.2662057876586914,0.2167075127363205,0.1785280555486679,0.14199993014335632,0.1104218065738678,0.16877146065235138,0.15642811357975006,0.1979578286409378,0.23130297660827637,0.26449090242385864,0.24752570688724518,0.25839418172836304,457.761543372401,299.7661687935035,1418.7063242105542,0.01164171258700696,0.0009769843891263008,160.0,170.0,165.0,201.0,211.0,206.0,3,pranayama
P6,-8.80765151977539,-13.631610870361328,-28.445068359375,-34.49251937866211,-41.621665954589844,-45.423240661621094,-48.0731315612793,-49.52566146850586,-49.399505615234375,-51.40958023071289,-51.55789566040039,-54.196258544921875,-55.02454376220703,-57.8562126159668,-59.02846145629883,-59.08911895751953,-59.48857116699219,-60.95351791381836,-62.12220764160156,-63.38658142089844,-64.3681640625,-65.13854217529297,-65.68071746826172,-66.26612091064453,-66.39896392822266,-66.69319915771484,-66.52291107177734,-65.90937042236328,-65.8351821899414,-66.06600189208984,-66.52876281738281,-67.22179412841797,2.3593451976776123,2.735109567642212,2.592857837677002,3.1539382934570312,3.1604464054107666,3.567465305328369,2.828640937805176,2.72029709815979,2.5886194705963135,2.3999903202056885,2.5073940753936768,2.2522599697113037,2.3717596530914307,2.1824393272399902,2.213383436203003,2.1714131832122803,2.12729549407959,2.3362958431243896,2.059346914291382,1.9311636686325073,1.8120763301849365,1.7670705318450928,1.6388996839523315,1.5057399272918701,1.4980919361114502,1.4264788627624512,1.3424978256225586,1.485167145729065,1.5733015537261963,1.4650180339813232,1.1993342638015747,1.141069769859314,-308.6808776855469,69.87471771240234,31.694278717041016,19.199052810668945,17.985050201416016,13.90093994140625,10.942791938781738,9.998754501342773,5.369673252105713,3.4590184688568115,6.054872989654541,3.0565555095672607,2.951606512069702,2.3020851612091064,2.3716776371002197,2.5417935848236084,2.590911865234375,2.4246771335601807,2.1419782638549805,2.190938949584961,0.2705339789390564,0.27313748002052307,0.3229810297489166,0.5387943983078003,0.9431411623954773,0.8149910569190979,0.392753928899765,0.3373595178127289,0.3274148106575012,0.3238050937652588,0.2876507639884949,0.2725885510444641,0.20263056457042694,0.1762281358242035,0.16536109149456024,0.14710670709609985,0.12145771831274033,0.16696402430534363,0.16361986100673676,0.20832021534442902,0.21464461088180542,0.23086369037628174,0.20106595754623413,0.1974472999572754,457.74256527489183,292.49683920026104,1424.6292286289654,0.011996311267401392,0.000906166504137218,170.0,180.0,175.0,211.0,221.0,216.0,3,pranayama
P6,-6.949514389038086,-11.865168571472168,-26.40443992614746,-32.55145263671875,-39.1766471862793,-42.4117317199707,-45.95783233642578,-47.45193862915039,-47.56524658203125,-49.31918716430664,-49.389122009277344,-51.926578521728516,-52.787757873535156,-55.77322006225586,-57.013301849365234,-56.96339797973633,-57.328407287597656,-58.78190231323242,-59.62888717651367,-60.7701530456543,-61.96548843383789,-62.89609909057617,-63.358909606933594,-63.92353057861328,-63.877315521240234,-64.27857208251953,-63.910484313964844,-63.397891998291016,-63.469058990478516,-63.91865921020508,-64.35610961914062,-65.02735900878906,2.497637987136841,2.6569011211395264,2.309600353240967,2.7718164920806885,3.41325306892395,3.706019401550293,2.6566827297210693,2.4487557411193848,2.5221331119537354,2.2621047496795654,2.293412208557129,2.012463092803955,2.3383679389953613,2.164659261703491,2.238701105117798,2.1583542823791504,1.9531943798065186,2.209975242614746,2.1960957050323486,2.25673770904541,2.149003028869629,2.072316884994507,1.9213024377822876,1.9171587228775024,1.7709848880767822,1.805268406867981,1.87399423122406,1.8922919034957886,1.8399769067764282,1.5066332817077637,1.1111818552017212,1.1090936660766602,-295.99407958984375,69.28528594970703,31.592620849609375,19.408151626586914,17.509658813476562,13.656001091003418,10.4850435256958,9.878116607666016,4.816325664520264,3.237654685974121,6.202604293823242,3.723806381225586,2.824258327484131,2.550238847732544,2.366790533065796,2.444352388381958,2.558507204055786,2.3801538944244385,2.2075748443603516,2.1477575302124023,0.27744734287261963,0.27397850155830383,0.3212668001651764,0.5454632043838501,0.9541696310043335,0.8341519832611084,0.39765664935112,0.3362520933151245,0.3318575620651245,0.3339765965938568,0.3005830943584442,0.283596009016037,0.20325088500976562,0.1711103916168213,0.16359105706214905,0.13802096247673035,0.09111837297677994,0.15660494565963745,0.15771391987800598,0.19466283917427063,0.20984722673892975,0.23374533653259277,0.20532725751399994,0.20027831196784973,478.4379658520496,311.1323026935905,1459.2623863018453,0.01257975638051044,0.0008843158138915896,180.0,190.0,185.0,221.0,231.0,226.0,3,pranayama
P6,-6.316936016082764,-11.245540618896484,-26.114763259887695,-32.455535888671875,-39.77742385864258,-43.49196243286133,-45.840389251708984,-47.260257720947266,-46.85729217529297,-48.993919372558594,-49.13773727416992,-51.52546691894531,-52.32648468017578,-55.18450927734375,-56.535274505615234,-56.40200424194336,-56.71019744873047,-57.98432540893555,-59.29403305053711,-60.600830078125,-61.65690231323242,-62.59933853149414,-63.10698699951172,-63.71595001220703,-63.8806037902832,-64.2815170288086,-64.0500259399414,-63.3931999206543,-63.26845169067383,-63.43202590942383,-63.93557357788086,-64.6745376586914,2.307769536972046,2.777803659439087,2.2900021076202393,2.832362174987793,2.7749671936035156,2.654254198074341,2.55324125289917,2.578535318374634,2.7241322994232178,2.403233528137207,2.4625539779663086,2.20581316947937,2.384446144104004,2.7691404819488525,2.5706727504730225,2.4738776683807373,2.4876708984375,2.5465846061706543,2.4695584774017334,1.9869508743286133,1.9219874143600464,1.7731610536575317,1.6637276411056519,1.5188871622085571,1.4857146739959717,1.3039906024932861,1.2059977054595947,1.385372281074524,1.6451741456985474,1.6190423965454102,1.3335356712341309,1.2323741912841797,-294.5187683105469,69.1802978515625,30.924114227294922,19.210140228271484,18.476482391357422,14.002236366271973,11.306940078735352,10.434270858764648,5.520325183868408,3.50508713722229,5.713327407836914,3.1012444496154785,3.489767551422119,2.5787875652313232,2.7235281467437744,2.58193302154541,2.517906427383423,2.331002712249756,2.1788203716278076,2.121955394744873,0.2864917516708374,0.28188666701316833,0.32838743925094604,0.590773344039917,0.9628432989120483,0.8130934834480286,0.379380464553833,0.33904629945755005,0.34726348519325256,0.3487947881221771,0.31427234411239624,0.2971486747264862,0.2165050357580185,0.18525806069374084,0.18492846190929413,0.14073023200035095,0.08261384814977646,0.16058705747127533,0.17355629801750183,0.20472124218940735,0.21702931821346283,0.23286771774291992,0.2104814052581787,0.21529409289360046,458.52624210241163,281.0807442720418,1430.6529099197983,0.011544282917633411,0.0009355293586850166,190.0,200.0,195.0,231.0,241.0,236.0,3,pranayama
P6,-7.3088812828063965,-12.037346839904785,-27.109262466430664,-33.36283874511719,-40.40919494628906,-44.2703971862793,-46.915672302246094,-47.724266052246094,-48.06217956542969,-49.90924072265625,-50.05727767944336,-52.698631286621094,-53.49167251586914,-56.618751525878906,-57.81037902832031,-57.833839416503906,-58.26217269897461,-59.91766357421875,-61.100589752197266,-62.10199737548828,-63.26939392089844,-64.23114013671875,-64.73150634765625,-65.16070556640625,-65.22947692871094,-65.58020782470703,-65.23698425292969,-64.62407684326172,-64.63201904296875,-64.89485168457031,-65.24655151367188,-65.8774642944336,2.5290539264678955,2.7190752029418945,2.4664437770843506,3.0211822986602783,3.190457582473755,3.304802656173706,2.9838132858276367,2.9502222537994385,2.940420389175415,2.578256607055664,2.792344093322754,2.305903434753418,2.498443603515625,2.346672296524048,2.2657721042633057,2.0743889808654785,2.0766327381134033,2.1093029975891113,1.9907386302947998,1.7138381004333496,1.632322072982788,1.564876675605774,1.32228684425354,1.2121502161026,1.0950664281845093,1.024165391921997,0.9199094176292419,1.1999927759170532,1.5256245136260986,1.2824792861938477,1.0934633016586304,1.016262412071228,-301.53094482421875,70.3750228881836,31.882061004638672,18.69701385498047,18.040102005004883,14.158557891845703,11.201562881469727,10.325483322143555,5.506489276885986,3.494110107421875,5.396347522735596,3.3210995197296143,3.2637274265289307,2.7837445735931396,2.7284390926361084,2.515092372894287,2.3234901428222656,2.2224721908569336,2.027852773666382,2.085692882537842,0.2878798544406891,0.27788031101226807,0.2977440059185028,0.45589473843574524,0.9176576137542725,0.8786962628364563,0.4355906546115875,0.34041640162467957,0.3363367021083832,0.3445475399494171,0.30813902616500854,0.29214003682136536,0.2073519080877304,0.18267400562763214,0.16195039451122284,0.15126439929008484,0.12248629331588745,0.14338469505310059,0.15627026557922363,0.19769039750099182,0.19898353517055511,0.21879959106445312,0.19589832425117493,0.1964457482099533,446.55275707790327,276.8840179089327,1405.156390729169,0.011779926769141531,0.000927866087295115,200.0,210.0,205.0,241.0,251.0,246.0,3,pranayama
P6,-6.275084018707275,-10.953829765319824,-25.75776481628418,-31.948528289794922,-38.8576545715332,-41.91586685180664,-45.46539306640625,-46.854400634765625,-46.59821701049805,-48.995365142822266,-48.82089614868164,-51.41563034057617,-52.26675033569336,-55.11299133300781,-56.68422317504883,-56.7797737121582,-56.77157211303711,-58.626976013183594,-60.159645080566406,-61.34101104736328,-62.424861907958984,-63.30317306518555,-63.78535461425781,-64.11622619628906,-64.2819595336914,-64.54127502441406,-64.1793212890625,-63.78829574584961,-63.81223678588867,-64.02317810058594,-64.29842376708984,-64.98151397705078,2.370417356491089,2.5896358489990234,2.3407304286956787,3.0051045417785645,3.2382051944732666,3.7934203147888184,2.6347885131835938,2.4934000968933105,2.4291176795959473,2.4197158813476562,2.214874267578125,2.0292704105377197,2.381880521774292,2.5262720584869385,2.407165050506592,2.09891676902771,2.385692596435547,2.3143491744995117,2.0374538898468018,1.7268511056900024,1.7414627075195312,1.5586402416229248,1.466101050376892,1.349163293838501,1.4089887142181396,1.2173925638198853,1.1945054531097412,1.2804501056671143,1.6162564754486084,1.4610360860824585,1.0866457223892212,1.0048989057540894,-295.0645751953125,71.42142486572266,31.85257911682129,18.510799407958984,17.95685577392578,14.010952949523926,10.519463539123535,9.757180213928223,5.382993698120117,3.225440740585327,5.150323867797852,3.0061659812927246,3.2077293395996094,2.206963300704956,2.4150123596191406,2.458538055419922,2.556596040725708,2.6275525093078613,2.386505365371704,2.2071428298950195,0.266951322555542,0.2721427381038666,0.3337925970554352,0.605839729309082,0.9652765989303589,0.7811568379402161,0.36770015954971313,0.3286828100681305,0.3280119001865387,0.3235234320163727,0.2836032211780548,0.26931852102279663,0.19218383729457855,0.16366082429885864,0.16812828183174133,0.13147908449172974,0.08933235704898834,0.16908271610736847,0.17008225619792938,0.19198353588581085,0.20002424716949463,0.21498003602027893,0.18852151930332184,0.1893831491470337,452.1752424346801,291.8723263486079,1407.099510940784,0.01216851254350348,0.0009087192011065781,210.0,220.0,215.0,251.0,261.0,256.0,3,pranayama
P6,-7.90043830871582,-13.222620964050293,-27.818675994873047,-33.9293212890625,-40.980560302734375,-44.073875427246094,-47.28623580932617,-48.961002349853516,-48.391510009765625,-50.74274444580078,-50.909339904785156,-53.3447380065918,-54.42253112792969,-57.47864532470703,-58.766883850097656,-58.45954513549805,-58.66997528076172,-60.75278091430664,-62.058631896972656,-62.771419525146484,-64.48152923583984,-65.28506469726562,-65.77535247802734,-66.1930923461914,-66.14128112792969,-66.47964477539062,-66.22403717041016,-65.7334213256836,-65.71759796142578,-66.04512023925781,-66.33527374267578,-66.98561096191406,2.4422073364257812,2.7709131240844727,2.4038634300231934,2.99275279045105,3.0883843898773193,4.013698101043701,3.2788891792297363,3.163074016571045,2.911616563796997,2.622438907623291,2.674820899963379,2.2861123085021973,2.4298346042633057,2.424499750137329,2.3524017333984375,2.275904893875122,2.429610252380371,2.1864209175109863,1.9289939403533936,2.1278598308563232,1.8190325498580933,1.6336839199066162,1.5629938840866089,1.469513177871704,1.460023045539856,1.361528754234314,1.2735756635665894,1.243001937866211,1.381575584411621,1.2387182712554932,1.1130517721176147,1.1223562955856323,-306.237060546875,71.34325408935547,31.766115188598633,18.655529022216797,17.917451858520508,13.841180801391602,10.593829154968262,10.180509567260742,5.552769660949707,3.2409169673919678,6.030440807342529,3.441667318344116,3.2171876430511475,2.8478293418884277,2.92874813079834,2.629434108734131,2.7713851928710938,2.491086006164551,2.3006949424743652,2.2755181789398193,0.30762848258018494,0.300503134727478,0.3409740626811981,0.5430470108985901,0.9369327425956726,0.834517240524292,0.418447345495224,0.359243243932724,0.3606092929840088,0.3653225004673004,0.327129989862442,0.3118664026260376,0.22138571739196777,0.18920527398586273,0.18149524927139282,0.16201239824295044,0.12712223827838898,0.16741807758808136,0.16709333658218384,0.20364083349704742,0.21003341674804688,0.23177669942378998,0.20992925763130188,0.21304266154766083,438.4004265285367,288.7247815762761,1382.2286931612127,0.011454783570185615,0.0009588092798367143,220.0,230.0,225.0,261.0,271.0,266.0,3,pranayama
P6,-7.724738597869873,-12.569457054138184,-26.804147720336914,-32.806671142578125,-40.17949295043945,-44.10530471801758,-46.92213821411133,-48.345428466796875,-48.31062316894531,-50.61717987060547,-50.479209899902344,-53.101905822753906,-54.130130767822266,-57.31197738647461,-58.59400939941406,-58.726993560791016,-58.94374084472656,-60.689212799072266,-61.70680618286133,-62.90995788574219,-64.18851470947266,-64.91156768798828,-65.44364166259766,-65.75169372558594,-65.70286560058594,-65.9957046508789,-65.77046203613281,-65.2905044555664,-65.26943969726562,-65.54475402832031,-65.77027130126953,-66.46217346191406,2.490868091583252,2.8640668392181396,2.728071451187134,3.3712308406829834,4.072879791259766,4.338353157043457,3.0675606727600098,2.9760515689849854,2.7795214653015137,2.5357184410095215,2.6223978996276855,2.2599027156829834,2.3929224014282227,2.355958938598633,2.4415924549102783,2.282076120376587,2.1915323734283447,2.2892441749572754,2.1632392406463623,1.887337565422058,1.8173972368240356,1.7700238227844238,1.6892127990722656,1.6018120050430298,1.5326097011566162,1.4643206596374512,1.4028534889221191,1.3997070789337158,1.503786325454712,1.4495604038238525,1.339868426322937,1.3184082508087158,-304.2469482421875,71.48719787597656,32.91181945800781,18.828508377075195,17.710201263427734,13.966513633728027,10.728372573852539,9.827418327331543,5.0961222648620605,2.8474843502044678,6.939699172973633,3.5492098331451416,3.122765064239502,2.575260877609253,2.463489532470703,2.667853355407715,2.9081907272338867,2.6653332710266113,2.3375704288482666,2.2549855709075928,0.2915287911891937,0.2798336148262024,0.3208637535572052,0.5441442728042603,0.9459353685379028,0.8180273771286011,0.389400839805603,0.34319454431533813,0.3583817183971405,0.36899232864379883,0.32786187529563904,0.30209553241729736,0.22279445827007294,0.18562841415405273,0.17183348536491394,0.14957298338413239,0.10418091714382172,0.16314586997032166,0.17196020483970642,0.2117794007062912,0.23556813597679138,0.2616974711418152,0.2327546924352646,0.2233697474002838,446.52993931567914,297.09325378842806,1397.0312604275268,0.0115261564675174,0.0009335291688330472,230.0,240.0,235.0,271.0,281.0,276.0,3,pranayama
P6,-6.878023624420166,-10.402318000793457,-25.139785766601562,-30.872085571289062,-38.233489990234375,-42.190223693847656,-45.12995147705078,-46.45396041870117,-45.76051712036133,-47.84123229980469,-47.98153305053711,-50.530052185058594,-51.81966781616211,-55.002323150634766,-56.12960433959961,-56.252681732177734,-56.479698181152344,-58.30193328857422,-59.43744659423828,-60.71112060546875,-61.832096099853516,-62.53981399536133,-63.02497482299805,-63.3709831237793,-63.41823196411133,-63.66199493408203,-63.33570098876953,-62.9322624206543,-62.87419891357422,-63.140411376953125,-63.3594856262207,-64.12454223632812,2.5298783779144287,2.7681186199188232,2.458059072494507,2.9990944862365723,2.8897483348846436,2.6744561195373535,2.506251335144043,2.5691046714782715,2.667367458343506,2.23758864402771,2.447810173034668,2.063211441040039,2.163644313812256,1.9181699752807617,2.0065255165100098,1.9414328336715698,1.9520807266235352,1.837927222251892,1.6933505535125732,1.50232994556427,1.4619596004486084,1.2964870929718018,1.185391902923584,1.1554208993911743,1.136913537979126,1.0995533466339111,0.9917927384376526,1.0933576822280884,1.3521125316619873,1.2527004480361938,1.0756242275238037,0.8849397301673889,-291.533447265625,70.51627349853516,32.0064811706543,18.052846908569336,17.39297866821289,13.993988990783691,10.802145004272461,9.850722312927246,4.986125469207764,2.4890153408050537,3.610461950302124,3.0392026901245117,2.7567286491394043,2.4288907051086426,2.6137313842773438,2.3702139854431152,2.3122918605804443,2.1754140853881836,2.261320114135742,2.1519651412963867,0.18972250819206238,0.18907055258750916,0.2370164692401886,0.46518856287002563,0.9477417469024658,0.8252419829368591,0.37934085726737976,0.30801403522491455,0.31114327907562256,0.3218928575515747,0.26571276783943176,0.21873483061790466,0.15076778829097748,0.13216790556907654,0.13899265229701996,0.13364006578922272,0.11288473755121231,0.16163121163845062,0.15915170311927795,0.18903805315494537,0.20991727709770203,0.2457604706287384,0.20273396372795105,0.16932885348796844,507.70600440442195,325.89578650667056,1500.257199253411,0.013435098245359628,0.0007688028272241354,240.0,250.0,245.0,281.0,291.0,286.0,3,pranayama
P6,-5.700821876525879,-8.370737075805664,-22.423511505126953,-28.0698184967041,-34.586875915527344,-39.102783203125,-42.07417297363281,-43.84898376464844,-43.20835876464844,-45.45191192626953,-45.4328498840332,-47.83679962158203,-49.04104232788086,-52.13745880126953,-53.294227600097656,-52.826934814453125,-53.30560302734375,-55.50124740600586,-56.50410461425781,-57.56829071044922,-59.2125129699707,-59.83964157104492,-60.241180419921875,-60.752197265625,-60.72821807861328,-61.026283264160156,-60.81734085083008,-60.364742279052734,-60.44670104980469,-60.696189880371094,-60.87099075317383,-61.56795120239258,2.213932991027832,2.791391134262085,2.5642483234405518,3.5333447456359863,3.6162900924682617,3.5971996784210205,3.145749092102051,2.5464084148406982,2.3642053604125977,2.1735129356384277,2.33776593208313,2.3166751861572266,2.3911445140838623,2.3015096187591553,2.5144176483154297,2.4845614433288574,2.4826314449310303,2.2111294269561768,1.8001136779785156,1.91783607006073,1.5261170864105225,1.2838383913040161,1.2112165689468384,1.1475478410720825,1.088513731956482,1.0090950727462769,0.9496756196022034,1.0151835680007935,1.1286883354187012,0.967421293258667,0.8618517518043518,0.7545722126960754,-276.2755126953125,70.53553771972656,30.97783660888672,17.94573402404785,17.209396362304688,13.134964942932129,9.608672142028809,8.88483715057373,4.47639274597168,2.0111899375915527,4.3713274002075195,3.336881160736084,3.6589131355285645,2.416327953338623,2.781697988510132,2.6753127574920654,2.8500325679779053,2.395719528198242,2.433924913406372,2.35098934173584,0.14165693521499634,0.14562368392944336,0.19575656950473785,0.44108325242996216,0.9522016048431396,0.8224821090698242,0.3741709589958191,0.30519363284111023,0.2920672595500946,0.29574036598205566,0.23881706595420837,0.18179894983768463,0.10171309858560562,0.10251706838607788,0.11465801298618317,0.12278823554515839,0.10235296189785004,0.16652850806713104,0.18043412268161774,0.20896436274051666,0.19494125247001648,0.21529757976531982,0.17437756061553955,0.1292259395122528,557.3537053370011,384.52505301986656,1567.8956769401566,0.014643905887470998,0.0006498182192444801,250.0,260.0,255.0,291.0,301.0,296.0,3,pranayama
P6,-22.428544998168945,-26.724658966064453,-40.226505279541016,-46.068634033203125,-52.471458435058594,-54.72586441040039,-56.59908676147461,-58.06385040283203,-57.21120834350586,-58.76789093017578,-59.50370407104492,-60.31877136230469,-60.5758056640625,-61.651180267333984,-61.86134719848633,-62.716514587402344,-63.94832992553711,-64.33868408203125,-65.35041809082031,-66.12696075439453,-66.93467712402344,-68.32864379882812,-69.64820861816406,-71.14435577392578,-71.93401336669922,-72.59677124023438,-73.03118896484375,-72.9842758178711,-73.28929901123047,-74.5574951171875,-75.85990905761719,-76.50591278076172,5.396650314331055,3.6744375228881836,4.342898845672607,4.625588893890381,5.753852367401123,6.823935508728027,7.299946308135986,7.171471118927002,7.182839870452881,7.509807109832764,7.3234148025512695,7.97784948348999,8.040306091308594,8.81973934173584,8.91159439086914,8.714085578918457,8.775296211242676,9.216348648071289,9.2984037399292,9.440340042114258,9.415553092956543,9.218114852905273,8.769837379455566,8.21544075012207,7.8062543869018555,7.313961982727051,6.888726711273193,6.194495677947998,5.429306507110596,4.654993057250977,4.032710075378418,3.748774290084839,-347.63037109375,61.32875442504883,16.85916519165039,20.65566635131836,16.264968872070312,13.029976844787598,9.668035507202148,8.994332313537598,4.472631931304932,5.129776477813721,34.770896911621094,11.072282791137695,13.16146183013916,6.643836975097656,6.159361362457275,4.502642631530762,3.6499552726745605,3.7053914070129395,2.9721431732177734,2.8666627407073975,0.27020758390426636,0.2744348347187042,0.3051276206970215,0.47218844294548035,0.881251871585846,0.7721019387245178,0.38928934931755066,0.34096232056617737,0.3561892807483673,0.3824714124202728,0.33639222383499146,0.2933849096298218,0.24140293896198273,0.23433738946914673,0.22454330325126648,0.18369919061660767,0.19289708137512207,0.2205778807401657,0.1794416308403015,0.23780111968517303,0.24523450434207916,0.2750196158885956,0.25018349289894104,0.23243200778961182,825.736729052977,1385.6940957620359,1762.0659319188385,0.017433113399071925,0.0013216997031122446,260.0,270.0,265.0,301.0,311.0,306.0,3,pranayama
P6,-27.391984939575195,-30.513187408447266,-45.189788818359375,-51.339569091796875,-58.043701171875,-60.60547637939453,-62.44350814819336,-63.02993392944336,-62.66006851196289,-64.50165557861328,-64.5684814453125,-65.12100219726562,-65.77207946777344,-67.63291931152344,-67.31563568115234,-67.72443389892578,-68.43489837646484,-69.12429809570312,-69.11801147460938,-70.56807708740234,-72.09477233886719,-73.66708374023438,-75.12615203857422,-75.8357925415039,-76.64932250976562,-76.944580078125,-77.15150451660156,-76.86659240722656,-76.93456268310547,-77.78670501708984,-78.69393157958984,-79.06877136230469,5.457992076873779,3.9080862998962402,3.6948938369750977,3.76566743850708,4.266221046447754,4.55714750289917,4.432857513427734,4.838680267333984,4.874687194824219,5.4468231201171875,5.791075706481934,6.853158473968506,6.893698215484619,6.765590667724609,7.001664638519287,6.8024067878723145,6.596909999847412,6.9109320640563965,6.827162742614746,6.588552951812744,6.456328392028809,5.716547012329102,5.113107681274414,4.846766471862793,4.468324661254883,4.326193809509277,4.087663650512695,3.9154796600341797,3.6080663204193115,3.240225076675415,2.6212081909179688,2.315047025680542,-374.3986511230469,58.26309585571289,18.910154342651367,20.079919815063477,18.27973175048828,12.611067771911621,10.223149299621582,10.175457000732422,4.740684986114502,4.196048736572266,22.83222007751465,9.016053199768066,10.949281692504883,4.95339298248291,4.449485778808594,4.197828769683838,3.0221502780914307,2.7487661838531494,3.052367687225342,2.9824934005737305,0.1941446214914322,0.23060643672943115,0.29226604104042053,0.6169252991676331,0.9514589905738831,0.737332820892334,0.307816743850708,0.2766186594963074,0.28905338048934937,0.28342941403388977,0.2373383343219757,0.20012536644935608,0.1841990053653717,0.2216772735118866,0.22013098001480103,0.13704554736614227,0.14024098217487335,0.18770690262317657,0.17579223215579987,0.20572251081466675,0.23158422112464905,0.2372797727584839,0.19897376000881195,0.17712117731571198,861.7728614233401,1434.7808059019721,1848.1571917429735,0.01808679850638051,0.001271066372282803,270.0,280.0,275.0,311.0,321.0,316.0,3,pranayama
P6,-5.666030406951904,-7.2575764656066895,-22.04549217224121,-28.49094581604004,-35.781620025634766,-39.247249603271484,-41.591854095458984,-43.22784423828125,-42.34907150268555,-44.77809524536133,-45.565608978271484,-47.84908676147461,-48.336761474609375,-51.62812805175781,-52.915679931640625,-52.45353698730469,-52.77909851074219,-54.418766021728516,-55.08365249633789,-56.30231475830078,-57.77046203613281,-58.65480041503906,-58.94986343383789,-59.64058303833008,-59.82440185546875,-60.130226135253906,-59.80035400390625,-59.41828536987305,-59.56150817871094,-59.9979362487793,-60.450931549072266,-61.00322723388672,2.0781781673431396,2.477637529373169,2.4722959995269775,3.0662832260131836,2.415830612182617,2.3413846492767334,2.5689198970794678,2.934598684310913,2.7345335483551025,2.336747646331787,2.683765411376953,2.587096929550171,2.608194589614868,2.4047415256500244,2.5490119457244873,2.64375638961792,2.5369346141815186,2.768174409866333,3.1881842613220215,3.16740345954895,2.9698665142059326,2.642864227294922,2.5490643978118896,2.2748610973358154,2.119135856628418,2.2119247913360596,2.326354742050171,2.3892791271209717,2.1826417446136475,1.553937315940857,1.1175600290298462,1.079785943031311,-272.76129150390625,68.7315902709961,30.10030746459961,18.937219619750977,16.85858917236328,13.027355194091797,10.265252113342285,9.964005470275879,4.929627418518066,2.7454581260681152,8.236950874328613,3.9349095821380615,3.8936164379119873,2.577432155609131,2.7387099266052246,2.411198616027832,2.2986652851104736,2.4110398292541504,2.245445489883423,2.2576088905334473,0.10071181505918503,0.11005374789237976,0.15235380828380585,0.39149680733680725,0.9548364877700806,0.8526157736778259,0.31279632449150085,0.21824511885643005,0.20656172931194305,0.21444964408874512,0.17203359305858612,0.13040536642074585,0.071417897939682,0.08486995100975037,0.09159163385629654,0.10261581093072891,0.08825021982192993,0.14492614567279816,0.13015425205230713,0.1567182093858719,0.14213818311691284,0.16546280682086945,0.12366516143083572,0.09037897735834122,604.4065069892679,461.5149973716647,1629.1538941593806,0.01574508773201856,0.0006439352291636169,280.0,290.0,285.0,321.0,331.0,326.0,3,pranayama
P6,-6.822642803192139,-8.690610885620117,-23.733943939208984,-29.941781997680664,-37.359771728515625,-41.10143280029297,-43.72901916503906,-44.922183990478516,-44.0284538269043,-46.27683639526367,-47.029048919677734,-49.3394660949707,-50.07717514038086,-53.58161544799805,-54.88031005859375,-54.69837188720703,-55.05524826049805,-56.605323791503906,-57.42715835571289,-58.649940490722656,-60.04982376098633,-60.69215393066406,-61.102210998535156,-61.572479248046875,-61.572532653808594,-61.85594177246094,-61.645809173583984,-61.28719711303711,-61.414642333984375,-61.66571044921875,-62.02754592895508,-62.61505889892578,2.245600700378418,2.3401150703430176,2.4130964279174805,2.868210792541504,2.5581798553466797,2.5450940132141113,2.5797016620635986,2.7462568283081055,2.7454071044921875,2.182676315307617,2.3227357864379883,2.190857410430908,2.323918342590332,2.0823895931243896,2.2032549381256104,2.1377339363098145,2.1445069313049316,2.277082681655884,2.160352945327759,2.060232400894165,2.1390209197998047,1.9157956838607788,1.7676266431808472,1.7112185955047607,1.513392686843872,1.4342507123947144,1.2796745300292969,1.2532720565795898,1.4691555500030518,1.3337297439575195,0.9851857423782349,0.9197810292243958,-283.09930419921875,69.34281158447266,31.184885025024414,18.41477394104004,16.802772521972656,13.658153533935547,10.803226470947266,10.018486976623535,5.008091926574707,2.4270949363708496,5.477335453033447,3.201348304748535,3.224006414413452,2.5621089935302734,2.2679896354675293,2.3731484413146973,2.1760847568511963,2.1372969150543213,2.137481927871704,2.0567312240600586,0.1004422977566719,0.11422965675592422,0.17055079340934753,0.4500674307346344,0.9680418372154236,0.8232603669166565,0.2963341772556305,0.22589905560016632,0.223973348736763,0.22857093811035156,0.1799759715795517,0.1325264722108841,0.06734097748994827,0.07547339051961899,0.09194040298461914,0.10428967326879501,0.08074545115232468,0.1519910842180252,0.13488641381263733,0.16154536604881287,0.16598476469516754,0.1920616775751114,0.1453181356191635,0.0967802107334137,570.1587490814971,389.82092200188515,1588.9216059195996,0.01560574064675174,0.000672629801556468,290.0,300.0,295.0,331.0,341.0,336.0,3,pranayama
P6,-4.640746593475342,-6.24299955368042,-20.89511489868164,-27.332103729248047,-34.4674072265625,-37.77949905395508,-40.788917541503906,-42.615291595458984,-41.653133392333984,-43.379051208496094,-44.18901443481445,-46.51041030883789,-47.290164947509766,-50.717742919921875,-52.098506927490234,-51.6284065246582,-52.24036407470703,-53.547428131103516,-54.23609161376953,-55.600738525390625,-56.93571472167969,-57.766258239746094,-58.09109878540039,-58.42995834350586,-58.73653793334961,-59.15671157836914,-58.87618637084961,-58.30057907104492,-58.214996337890625,-58.567691802978516,-58.890380859375,-59.538944244384766,2.0100419521331787,2.2521355152130127,2.395052909851074,2.896632432937622,2.432053565979004,2.428785562515259,2.5296549797058105,2.622375011444092,2.735598087310791,2.3581228256225586,2.281599521636963,2.249891996383667,2.485507011413574,2.5180561542510986,2.5105676651000977,2.400357246398926,2.374208688735962,2.617978811264038,2.579646348953247,2.691101551055908,2.790192127227783,2.685861349105835,2.4664804935455322,2.3193235397338867,2.1516997814178467,1.7819478511810303,1.7159130573272705,2.227135181427002,2.621586561203003,2.4518706798553467,2.1962101459503174,2.0681850910186768,-266.8193664550781,68.55862426757812,30.9361572265625,18.362579345703125,16.905302047729492,13.11677074432373,10.6255464553833,9.632102012634277,4.539875507354736,2.247605800628662,8.08205509185791,4.923030853271484,2.943751811981201,2.598680019378662,2.325624704360962,2.249129056930542,2.138699531555176,2.088343858718872,2.0087528228759766,2.219900131225586,0.09200010448694229,0.10347183793783188,0.15737080574035645,0.4315515458583832,0.9679938554763794,0.8195932507514954,0.296673983335495,0.21677716076374054,0.2043723464012146,0.20644265413284302,0.16199108958244324,0.11905459314584732,0.06426446884870529,0.07257891446352005,0.09730768203735352,0.10733658075332642,0.07921795547008514,0.1577099859714508,0.13739056885242462,0.14971551299095154,0.1394735872745514,0.15673474967479706,0.11907728761434555,0.08651883155107498,616.1587744519925,485.04664162195473,1656.0255521420768,0.01622657156322506,0.0006342428387142718,300.0,310.0,305.0,341.0,351.0,346.0,3,pranayama
P6,-6.755406379699707,-8.69621467590332,-23.53830337524414,-30.026714324951172,-37.19367599487305,-40.48965835571289,-43.08649826049805,-44.77265930175781,-43.89324951171875,-45.89381408691406,-46.68704605102539,-48.835166931152344,-49.4260368347168,-52.754310607910156,-54.15185546875,-53.8679084777832,-54.47928237915039,-56.022457122802734,-56.9691276550293,-58.382259368896484,-59.9417724609375,-60.77138137817383,-61.12116622924805,-61.60346984863281,-61.681297302246094,-61.96223068237305,-61.770076751708984,-61.33338928222656,-61.31575393676758,-61.54103088378906,-61.88218307495117,-62.592010498046875,2.0823633670806885,2.420658826828003,2.394653797149658,3.0661697387695312,2.9461607933044434,3.3825318813323975,3.767958641052246,3.3836679458618164,3.4081826210021973,3.324634313583374,3.099529981613159,3.3933141231536865,3.3076834678649902,3.0755786895751953,3.2135109901428223,2.8536648750305176,2.7579681873321533,2.8505899906158447,2.582850456237793,2.37263822555542,2.0875165462493896,1.8004611730575562,1.7175109386444092,1.4739514589309692,1.4546669721603394,1.4755043983459473,1.2491600513458252,1.4328478574752808,1.7146342992782593,1.5822570323944092,1.3357526063919067,1.1519790887832642,-281.6825866699219,69.9419174194336,30.14884376525879,17.785051345825195,17.377290725708008,13.533257484436035,10.409529685974121,9.806804656982422,5.002265930175781,2.602102041244507,8.511677742004395,4.1338958740234375,4.277161598205566,3.8718936443328857,2.809206962585449,2.633044481277466,2.2307605743408203,2.1235344409942627,2.1637039184570312,2.1008076667785645,0.09507308900356293,0.10441369563341141,0.16057166457176208,0.4784916937351227,0.9746274352073669,0.7989380359649658,0.29975035786628723,0.2426634430885315,0.23544536530971527,0.2307075411081314,0.17685596644878387,0.1256270408630371,0.07276339083909988,0.0848703607916832,0.09980857372283936,0.0970902293920517,0.06769821047782898,0.15514683723449707,0.15280254185199738,0.18010620772838593,0.17589686810970306,0.1932956725358963,0.14835138618946075,0.10083883255720139,583.2983909027625,419.39785065617747,1596.4021989889668,0.015222819388051045,0.000666250882204622,310.0,320.0,315.0,351.0,361.0,356.0,3,pranayama
P6,-6.903226852416992,-8.766172409057617,-23.65454864501953,-29.79008674621582,-37.58721160888672,-41.131168365478516,-43.753936767578125,-45.1884651184082,-44.61181640625,-46.262542724609375,-47.07373046875,-49.440425872802734,-50.4561882019043,-53.74287033081055,-54.99201583862305,-54.72764205932617,-55.05352020263672,-56.63224792480469,-57.601898193359375,-59.047218322753906,-60.39387130737305,-61.192832946777344,-61.53831100463867,-61.81525421142578,-61.80229187011719,-62.151485443115234,-61.823402404785156,-61.48341369628906,-61.48745346069336,-61.72128677368164,-62.024471282958984,-62.66145324707031,2.1215927600860596,2.44606614112854,2.504605531692505,2.893679141998291,2.309140682220459,2.209590435028076,2.33290958404541,2.3124592304229736,2.4598588943481445,2.1397500038146973,2.129551887512207,1.977545976638794,2.221621036529541,1.9831616878509521,2.0983211994171143,2.1213817596435547,2.101045846939087,2.073279619216919,1.8476364612579346,1.7336195707321167,1.5144197940826416,1.4368104934692383,1.26078462600708,1.2033592462539673,1.1183867454528809,1.0339605808258057,0.999469518661499,1.309332013130188,1.6813338994979858,1.4401644468307495,1.0685930252075195,0.9139601588249207,-283.99395751953125,69.56597900390625,31.479230880737305,18.214923858642578,17.269023895263672,13.677294731140137,10.565611839294434,10.023124694824219,5.03939962387085,2.1332271099090576,3.7407400608062744,2.803166627883911,2.881812810897827,2.263993978500366,2.4687299728393555,2.0345263481140137,2.1730048656463623,2.201848030090332,2.1972665786743164,2.1323049068450928,0.09615006297826767,0.11155000329017639,0.16412796080112457,0.42633911967277527,0.9587320685386658,0.8235762715339661,0.3094760477542877,0.23019184172153473,0.21678927540779114,0.21882691979408264,0.1715700924396515,0.12600179016590118,0.07385969907045364,0.08998829126358032,0.10159079730510712,0.1064990758895874,0.0995432585477829,0.15579712390899658,0.13669539988040924,0.15899649262428284,0.1536879688501358,0.17994946241378784,0.14226478338241577,0.10051164031028748,570.2144733011883,372.45946472592806,1594.0688612489441,0.015731492894431553,0.0006567437667399645,320.0,330.0,325.0,361.0,371.0,366.0,3,pranayama
P6,-7.524334907531738,-9.301026344299316,-24.364246368408203,-30.61333656311035,-37.45470428466797,-40.55986785888672,-43.211204528808594,-45.36855697631836,-44.23337173461914,-46.1103630065918,-46.9964599609375,-49.136566162109375,-50.213783264160156,-53.69673538208008,-55.209312438964844,-54.806671142578125,-54.90711975097656,-56.733177185058594,-57.96040344238281,-59.42319869995117,-60.90746307373047,-61.71077346801758,-62.03471374511719,-62.45355224609375,-62.494686126708984,-62.7125244140625,-62.355133056640625,-62.19441223144531,-62.293128967285156,-62.40166473388672,-62.59641647338867,-63.138084411621094,2.0508549213409424,2.289219856262207,2.451260805130005,2.8905935287475586,2.588853120803833,2.872997522354126,2.7757115364074707,2.998976945877075,3.049943447113037,2.8373286724090576,2.7198374271392822,2.664008140563965,2.705791473388672,2.380861520767212,2.4807302951812744,2.3221848011016846,2.7521655559539795,2.609642505645752,2.168107509613037,1.8191099166870117,1.7097316980361938,1.5261720418930054,1.2588818073272705,1.204060673713684,1.0777790546417236,1.0163604021072388,0.9586490988731384,1.0199062824249268,1.2420501708984375,1.1932536363601685,0.9503135681152344,0.9015268683433533,-285.5150146484375,70.7723159790039,30.48086166381836,17.164817810058594,16.84490394592285,13.191010475158691,10.254923820495605,9.859545707702637,5.159255027770996,2.10788631439209,5.906429767608643,3.3015522956848145,3.622377634048462,2.888366222381592,2.4914865493774414,2.3366758823394775,2.307124376296997,2.141235828399658,2.1494741439819336,2.053633451461792,0.09870749711990356,0.11483623832464218,0.16894063353538513,0.4065404534339905,0.9494680166244507,0.8311359286308289,0.3201783001422882,0.2285003960132599,0.22236423194408417,0.23337432742118835,0.18320368230342865,0.13531886041164398,0.0658288449048996,0.08729178458452225,0.10490792989730835,0.11888708174228668,0.09811841696500778,0.15842388570308685,0.1456102728843689,0.16467685997486115,0.159293994307518,0.18675710260868073,0.1412414014339447,0.09867452830076218,577.0790679870807,409.45560605785965,1590.9121706316143,0.015112927784222737,0.0006383838481269777,330.0,340.0,335.0,371.0,381.0,376.0,3,pranayama
P6,-11.875288009643555,-13.842408180236816,-28.48003387451172,-34.73095703125,-42.17978286743164,-45.7567253112793,-48.63175964355469,-49.749488830566406,-49.41338348388672,-50.849586486816406,-51.523475646972656,-53.67088317871094,-54.71883010864258,-57.95863723754883,-59.39549255371094,-59.3493766784668,-59.84886169433594,-61.185604095458984,-62.23737335205078,-63.70708465576172,-65.15210723876953,-66.07550811767578,-66.47230529785156,-66.8190689086914,-66.88886260986328,-67.17044830322266,-66.93545532226562,-66.51976776123047,-66.58982849121094,-66.81059265136719,-67.15887451171875,-67.79539489746094,2.3024444580078125,2.4524989128112793,2.60292387008667,3.0325326919555664,3.0933589935302734,3.2750916481018066,3.593878984451294,3.3761510848999023,3.295020818710327,3.134753942489624,3.1430561542510986,3.31145977973938,3.502438545227051,3.0927248001098633,3.1553120613098145,2.8419811725616455,2.7609310150146484,2.9331634044647217,2.7134950160980225,2.541661500930786,2.347447633743286,2.1891634464263916,1.9360445737838745,1.8521320819854736,1.7736366987228394,1.6827833652496338,1.7563141584396362,1.7558567523956299,1.9584527015686035,1.6830610036849976,1.2725297212600708,1.1706844568252563,-311.03741455078125,70.31735229492188,30.384103775024414,17.73215675354004,17.32911491394043,13.774384498596191,10.611093521118164,9.838814735412598,4.64605712890625,2.1027112007141113,8.889997482299805,4.442049503326416,4.568006992340088,3.427799940109253,2.84094500541687,2.5205209255218506,2.4370827674865723,2.2991442680358887,2.383253812789917,2.247917413711548,0.1037486121058464,0.11836754530668259,0.16967567801475525,0.41765210032463074,0.9636468887329102,0.8340211510658264,0.3279494047164917,0.24747219681739807,0.24196265637874603,0.24940425157546997,0.19391463696956635,0.1410294771194458,0.07482723891735077,0.09931441396474838,0.11882275342941284,0.11793022602796555,0.08611877262592316,0.15591277182102203,0.14231808483600616,0.16827283799648285,0.16139619052410126,0.1893223226070404,0.1487949788570404,0.10664062201976776,576.1577357079873,430.91386764066124,1581.8744424032477,0.01607476254350348,0.0006680460064671934,340.0,350.0,345.0,381.0,391.0,386.0,3,pranayama
P6,-5.844933986663818,-7.597649574279785,-22.466880798339844,-29.097633361816406,-36.05994415283203,-39.691715240478516,-42.47894287109375,-43.81058883666992,-42.736114501953125,-44.580902099609375,-45.479217529296875,-47.6844367980957,-48.58453369140625,-51.701602935791016,-53.153202056884766,-52.853851318359375,-53.35881423950195,-54.90625762939453,-56.18928527832031,-57.60663604736328,-59.018150329589844,-59.81521987915039,-60.154056549072266,-60.50469970703125,-60.64122009277344,-60.82889175415039,-60.63004684448242,-60.19328689575195,-60.19717788696289,-60.26991271972656,-60.7119255065918,-61.4428825378418,2.1051442623138428,2.385819673538208,2.6566970348358154,3.08001971244812,2.381166934967041,2.303987979888916,2.5088694095611572,2.6622917652130127,2.4955477714538574,2.513751268386841,2.3906145095825195,2.464475631713867,2.527696371078491,2.526794195175171,2.6415786743164062,2.5582480430603027,2.4324042797088623,2.327883720397949,2.1250855922698975,1.8747793436050415,1.9204603433609009,1.5429763793945312,1.4389156103134155,1.395774483680725,1.4419025182724,1.1723604202270508,1.2579582929611206,1.3611352443695068,1.6042848825454712,1.4297860860824585,1.0856876373291016,1.0007712841033936,-275.8230285644531,69.71117401123047,30.322338104248047,17.453689575195312,17.413841247558594,13.793587684631348,10.512642860412598,9.965099334716797,5.115910530090332,2.350167989730835,5.297409534454346,2.9989962577819824,3.629730463027954,2.506035804748535,2.5614070892333984,2.3132665157318115,2.1256937980651855,2.0927329063415527,2.1613752841949463,2.284503698348999,0.10674210637807846,0.11353858560323715,0.16206438839435577,0.40573617815971375,0.9617370367050171,0.8121189475059509,0.30877333879470825,0.22063085436820984,0.2323097586631775,0.2638215720653534,0.21348515152931213,0.15676239132881165,0.0780339166522026,0.08213424682617188,0.08824522793292999,0.10259083658456802,0.08878303319215775,0.1616712212562561,0.13299790024757385,0.15502922236919403,0.16573643684387207,0.20447857677936554,0.16486875712871552,0.12121466547250748,584.4321787915012,408.08167778422273,1606.726579088056,0.015696372897331785,0.000639128964394331,350.0,360.0,355.0,391.0,401.0,396.0,3,pranayama
P6,-5.239193439483643,-7.001498699188232,-21.691890716552734,-28.181339263916016,-35.43587875366211,-38.20867156982422,-40.50041961669922,-42.84124755859375,-41.790042877197266,-44.00007247924805,-44.712398529052734,-46.916133880615234,-47.89908218383789,-51.44491958618164,-52.837223052978516,-52.428279876708984,-52.6029052734375,-54.1966667175293,-55.231197357177734,-56.59370803833008,-58.10051727294922,-58.92716979980469,-59.31956100463867,-59.83774185180664,-59.90347671508789,-60.215576171875,-59.93675994873047,-59.551143646240234,-59.70013427734375,-59.94341278076172,-60.19518280029297,-60.88884735107422,2.1482794284820557,2.3346242904663086,2.5374302864074707,3.1115498542785645,2.842395067214966,3.0489866733551025,2.776332139968872,3.1929855346679688,3.083185911178589,2.707819700241089,2.891265869140625,3.0049920082092285,3.083597421646118,2.6548311710357666,2.756178379058838,2.6713647842407227,2.7752957344055176,2.8240535259246826,2.6414451599121094,2.2275266647338867,2.0514261722564697,1.9577341079711914,1.8029303550720215,1.656541109085083,1.6054997444152832,1.4800896644592285,1.4161242246627808,1.5645228624343872,1.5769429206848145,1.4227535724639893,1.1290231943130493,1.0715923309326172,-271.5771484375,70.32232666015625,30.340333938598633,17.77344512939453,16.582763671875,12.868947982788086,10.280733108520508,10.00711441040039,5.02277135848999,2.4125912189483643,7.289067268371582,3.743847131729126,4.181312084197998,3.2345707416534424,2.759558916091919,2.45923113822937,2.4515724182128906,2.3882312774658203,2.1003544330596924,2.0079782009124756,0.11039290577173233,0.12652991712093353,0.1851222664117813,0.49734798073768616,0.9772417545318604,0.7818082571029663,0.2820514738559723,0.2222425788640976,0.21427014470100403,0.2123652547597885,0.16917076706886292,0.13044863939285278,0.08151645958423615,0.10235282778739929,0.12127529084682465,0.10937217622995377,0.06488747894763947,0.15765906870365143,0.14267891645431519,0.1522577553987503,0.15224139392375946,0.17344075441360474,0.13306377828121185,0.09328847378492355,584.375726094346,434.3861590958527,1598.390979845718,0.015792669663573084,0.0006454783142544329,360.0,370.0,365.0,401.0,411.0,406.0,3,pranayama
P6,-5.876431941986084,-7.672976016998291,-22.468294143676758,-28.98473358154297,-35.55997085571289,-38.985816955566406,-41.42083740234375,-43.97731399536133,-42.63437271118164,-45.06690979003906,-45.80418014526367,-47.93790054321289,-48.97178649902344,-52.622642517089844,-53.88299560546875,-53.628353118896484,-53.943138122558594,-55.502235412597656,-56.40767288208008,-57.79423141479492,-59.38576126098633,-59.9649543762207,-60.364131927490234,-60.74803161621094,-60.679664611816406,-60.96284103393555,-60.77935028076172,-60.46717834472656,-60.64450454711914,-60.699989318847656,-60.87535858154297,-61.46660232543945,2.3088090419769287,2.2575995922088623,2.4586358070373535,3.1331610679626465,3.1114537715911865,3.025322914123535,2.8906853199005127,2.5428435802459717,2.5649795532226562,2.1275782585144043,2.371843099594116,2.2504611015319824,2.337656021118164,2.1779608726501465,2.1561789512634277,2.1089370250701904,1.8460242748260498,1.8892650604248047,1.8029465675354004,1.664887547492981,1.5966886281967163,1.4443037509918213,1.3196083307266235,1.1608084440231323,1.1141012907028198,1.0777469873428345,1.006905436515808,1.058911919593811,1.3454803228378296,1.2661014795303345,1.028594732284546,0.9215736985206604,-276.86431884765625,70.48049926757812,31.481189727783203,17.77210235595703,16.524883270263672,12.959346771240234,10.23405933380127,9.639580726623535,5.025059700012207,2.167294979095459,4.174012184143066,3.3971619606018066,3.0535850524902344,2.4167776107788086,2.4910120964050293,2.5683083534240723,2.449434280395508,2.2465009689331055,2.280036449432373,2.115727424621582,0.1065358892083168,0.1192317083477974,0.16611267626285553,0.38301610946655273,0.9416792988777161,0.844041109085083,0.33572956919670105,0.23855768144130707,0.23500443994998932,0.24980804324150085,0.19899147748947144,0.1490551382303238,0.0675128921866417,0.08184407651424408,0.09432724863290787,0.11322304606437683,0.10510852187871933,0.15415725111961365,0.134988471865654,0.16292746365070343,0.16268762946128845,0.2023894339799881,0.15374749898910522,0.10626220703125,577.0714964795527,394.8919663573086,1595.267021285846,0.01605776899651972,0.0006396590615622699,370.0,380.0,375.0,411.0,421.0,416.0,3,pranayama
P6,-6.1592841148376465,-7.943369388580322,-22.684581756591797,-29.002592086791992,-36.60028839111328,-39.87202453613281,-41.81732940673828,-44.4495735168457,-43.09956741333008,-45.264442443847656,-46.045494079589844,-48.258827209472656,-49.27432632446289,-52.915077209472656,-54.459449768066406,-53.92564392089844,-54.066444396972656,-55.87268829345703,-56.88117599487305,-58.070159912109375,-59.68705749511719,-60.33500671386719,-60.66414260864258,-60.99412155151367,-61.081058502197266,-61.34663391113281,-61.124752044677734,-60.82819747924805,-61.01652145385742,-61.100189208984375,-61.27719497680664,-61.86997985839844,2.0056302547454834,2.4507739543914795,2.4037108421325684,2.9946248531341553,2.392057418823242,2.1528522968292236,2.369562864303589,2.4195239543914795,2.5627193450927734,2.2562217712402344,2.1168315410614014,2.0416834354400635,2.2348573207855225,1.971383810043335,1.883175253868103,1.8901212215423584,1.870326042175293,1.7886953353881836,1.6526988744735718,1.6885566711425781,1.5382556915283203,1.424342393875122,1.263380765914917,1.233049750328064,1.0987143516540527,1.0569196939468384,1.008222222328186,0.9981390237808228,1.069084882736206,1.0141375064849854,0.8491854667663574,0.8365423679351807,-278.95135498046875,70.37789154052734,31.32905387878418,17.884389877319336,16.68659210205078,13.284783363342285,10.588027954101562,9.897171020507812,5.125807285308838,2.069152355194092,3.3790903091430664,2.5533106327056885,2.5523769855499268,2.2563323974609375,2.3456571102142334,2.2115304470062256,2.1826155185699463,2.141279458999634,2.0615081787109375,2.168105125427246,0.09801950305700302,0.11072328686714172,0.16921821236610413,0.4905451238155365,0.9723137617111206,0.7909470200538635,0.282825767993927,0.22459852695465088,0.22745677828788757,0.23211422562599182,0.17844651639461517,0.12887395918369293,0.06549893319606781,0.07740096002817154,0.08731129765510559,0.09884485602378845,0.07333489507436752,0.15844127535820007,0.1362592875957489,0.150835320353508,0.16413694620132446,0.19389675557613373,0.14353813230991364,0.0942065641283989,567.164062082748,377.15580137035965,1583.6833338284441,0.015791536760440834,0.0006415685056708753,380.0,390.0,385.0,421.0,431.0,426.0,3,pranayama
P6,-6.301387786865234,-7.902093410491943,-22.663368225097656,-29.05034828186035,-36.70704650878906,-40.03154754638672,-42.2520751953125,-44.436275482177734,-43.050811767578125,-45.468509674072266,-46.23310470581055,-48.493228912353516,-49.13100051879883,-52.74237060546875,-54.2933464050293,-53.888919830322266,-54.17561340332031,-55.903141021728516,-56.72052764892578,-58.10108947753906,-59.61133575439453,-60.164337158203125,-60.56825637817383,-60.896995544433594,-61.03419494628906,-61.33209991455078,-61.194942474365234,-60.890621185302734,-60.99120330810547,-61.00628662109375,-61.2347526550293,-61.692626953125,2.129136562347412,2.2624194622039795,2.485306978225708,3.0948469638824463,2.6688828468322754,2.692262649536133,2.530841112136841,2.7532684803009033,2.8242201805114746,2.4211626052856445,2.7184321880340576,2.8292806148529053,2.8291094303131104,2.508232831954956,2.4732937812805176,2.166607618331909,2.220062017440796,2.294416666030884,2.1296563148498535,1.9061404466629028,1.8212358951568604,1.6605770587921143,1.5847615003585815,1.4275020360946655,1.4429786205291748,1.259575605392456,1.1827260255813599,1.2167747020721436,1.31479811668396,1.2177740335464478,1.0979386568069458,1.0983747243881226,-278.9825134277344,70.02981567382812,31.21776580810547,18.002750396728516,16.899314880371094,13.346940994262695,10.737872123718262,9.670839309692383,5.1708807945251465,2.1742310523986816,6.098930835723877,3.194720983505249,3.4048616886138916,2.824244976043701,2.2620038986206055,2.218616247177124,2.1467092037200928,2.0712742805480957,2.175899028778076,2.011298894882202,0.09252812713384628,0.10192286968231201,0.15271815657615662,0.42780572175979614,0.964108943939209,0.8348585367202759,0.30462896823883057,0.22980816662311554,0.21984471380710602,0.2206510603427887,0.16592727601528168,0.11954069882631302,0.06464773416519165,0.07193706929683685,0.08247266709804535,0.09492948651313782,0.07959184050559998,0.1526479423046112,0.14440567791461945,0.1670001745223999,0.16247105598449707,0.18705016374588013,0.13558365404605865,0.090363509953022,575.4375002358267,398.31429678436774,1595.91691808904,0.01579493546983759,0.0006454932736232877,390.0,400.0,395.0,431.0,441.0,436.0,3,pranayama
P6,-7.583164215087891,-9.304374694824219,-24.0383358001709,-29.831758499145508,-37.69842529296875,-40.83885192871094,-43.34215545654297,-45.147682189941406,-44.32368469238281,-46.51707458496094,-47.47639083862305,-49.67575454711914,-50.471351623535156,-53.997772216796875,-55.400177001953125,-55.130611419677734,-55.48389434814453,-57.06888198852539,-58.09550476074219,-59.1717643737793,-60.928741455078125,-61.37641525268555,-61.768714904785156,-62.252418518066406,-62.3879508972168,-62.610652923583984,-62.28919982910156,-62.072505950927734,-62.24095153808594,-62.31766128540039,-62.61005401611328,-63.182010650634766,2.1398699283599854,2.2226953506469727,2.4712741374969482,2.8648698329925537,2.4437685012817383,2.5879368782043457,2.561885356903076,2.625452995300293,2.7537999153137207,2.5128912925720215,2.448993444442749,2.200883150100708,2.281167507171631,2.276094913482666,2.260171890258789,2.082028388977051,1.9635370969772339,2.0635852813720703,1.996477484703064,1.9024816751480103,1.9324129819869995,1.9959838390350342,1.7964709997177124,1.4217443466186523,1.0873736143112183,1.1419435739517212,1.057492971420288,1.0674443244934082,1.3240255117416382,1.2352573871612549,0.8846949934959412,0.7981667518615723,-285.7833557128906,70.46563720703125,31.225175857543945,17.944684982299805,16.533470153808594,13.078401565551758,10.331165313720703,9.63049602508545,4.963749408721924,2.2944648265838623,5.5026631355285645,2.4301536083221436,3.2223763465881348,2.275009870529175,2.318052053451538,2.25015926361084,2.163045644760132,2.041846752166748,2.140843629837036,2.1237006187438965,0.09771289676427841,0.11232059448957443,0.16847047209739685,0.46588262915611267,0.9733467102050781,0.794776201248169,0.2920931279659271,0.21860595047473907,0.213232159614563,0.2192665934562683,0.171450674533844,0.12600833177566528,0.06678587198257446,0.08491475880146027,0.09599190950393677,0.10211774706840515,0.07064716517925262,0.15954500436782837,0.13626639544963837,0.14537358283996582,0.14978134632110596,0.17662309110164642,0.13207340240478516,0.09021502733230591,571.5118681945237,392.29399289443154,1586.6834579093966,0.015631797418793503,0.0006401639548130333,400.0,410.0,405.0,441.0,451.0,446.0,1,chanting
P6,-6.825988292694092,-8.703347206115723,-23.16578483581543,-29.724830627441406,-37.51082992553711,-40.720245361328125,-42.86724090576172,-44.85094451904297,-43.70425796508789,-46.22303771972656,-46.73836135864258,-48.94084548950195,-49.82012939453125,-53.329769134521484,-54.840538024902344,-54.379356384277344,-54.79772186279297,-56.574180603027344,-57.66123962402344,-58.739830017089844,-60.384952545166016,-60.86882019042969,-61.23625564575195,-61.62459945678711,-61.88169860839844,-62.194034576416016,-61.88052749633789,-61.59857177734375,-61.765167236328125,-61.77153778076172,-62.079742431640625,-62.61090850830078,2.1706244945526123,2.3630456924438477,2.404724597930908,3.2000536918640137,2.596799373626709,2.6484391689300537,2.5888102054595947,2.6199607849121094,2.8313612937927246,2.460662841796875,2.6866109371185303,2.636833667755127,2.6735904216766357,2.555377960205078,2.550929546356201,2.2011561393737793,2.321106433868408,2.398409605026245,2.283595561981201,1.8111642599105835,1.861603856086731,1.9314109086990356,1.6986489295959473,1.3966807126998901,1.2901948690414429,1.135873556137085,1.026394009590149,1.1429390907287598,1.3611042499542236,1.2125012874603271,0.9043484330177307,0.770218014717102,-282.8454284667969,70.41687774658203,31.000783920288086,17.890527725219727,16.896625518798828,13.507328033447266,10.718464851379395,9.701776504516602,5.205864429473877,2.3947947025299072,6.0677409172058105,2.651732921600342,3.5226833820343018,2.715510845184326,2.5225093364715576,2.252358913421631,2.19742751121521,2.2503013610839844,2.183558225631714,2.1736819744110107,0.10733150690793991,0.1170957162976265,0.16418789327144623,0.4362421929836273,0.9663507342338562,0.8120046854019165,0.3061990737915039,0.23251132667064667,0.2268131673336029,0.23208998143672943,0.1804540753364563,0.1344469040632248,0.07425800710916519,0.07726937532424927,0.0853905901312828,0.0989871472120285,0.0849994346499443,0.15992853045463562,0.1440141499042511,0.16159948706626892,0.15652713179588318,0.17900599539279938,0.13512243330478668,0.0952545702457428,565.244875846612,391.51959695838167,1575.6933621209257,0.015305521316705336,0.000651361420750618,410.0,420.0,415.0,451.0,461.0,456.0,1,chanting
P6,-5.725194931030273,-7.483550071716309,-22.23102569580078,-28.53239631652832,-36.015098571777344,-39.3557243347168,-41.70988082885742,-43.643226623535156,-42.447025299072266,-44.813663482666016,-45.4077033996582,-47.69159698486328,-48.64093017578125,-51.95848083496094,-53.16948318481445,-52.920997619628906,-53.282527923583984,-55.099124908447266,-56.04631423950195,-57.309165954589844,-58.60638427734375,-59.44180679321289,-59.88239669799805,-60.299625396728516,-60.343360900878906,-60.83329391479492,-60.63025665283203,-60.1717643737793,-60.15852355957031,-60.29914855957031,-60.61028289794922,-61.159263610839844,2.1799042224884033,2.3938589096069336,2.625183343887329,3.1627285480499268,2.4063684940338135,2.443763256072998,2.290839433670044,2.556042194366455,2.6341779232025146,2.2858800888061523,2.4659721851348877,2.540714979171753,2.677370548248291,2.4537036418914795,2.3320295810699463,2.0016143321990967,1.9532865285873413,2.119734048843384,1.931061029434204,1.6960933208465576,1.574682354927063,1.575992465019226,1.3407104015350342,1.216933012008667,1.122005820274353,1.078524112701416,0.9374383687973022,1.0613915920257568,1.2600550651550293,1.1668148040771484,1.0233540534973145,0.998468279838562,-275.05023193359375,69.8760986328125,30.648305892944336,17.8925838470459,17.036771774291992,13.232863426208496,10.603010177612305,9.675930976867676,5.122781276702881,2.4535067081451416,4.719738960266113,3.0129528045654297,3.242772102355957,2.9166369438171387,2.2881343364715576,2.182652711868286,2.0213592052459717,2.035284996032715,2.157562017440796,2.2019619941711426,0.09733843803405762,0.10809067636728287,0.15567396581172943,0.39137494564056396,0.9527787566184998,0.8395954966545105,0.31632789969444275,0.21865828335285187,0.22145400941371918,0.24080339074134827,0.19236315786838531,0.14086969196796417,0.06286927312612534,0.06784350425004959,0.0841694325208664,0.1092904806137085,0.09681124240159988,0.1518651694059372,0.12790435552597046,0.1465359628200531,0.15371476113796234,0.19731593132019043,0.15832136571407318,0.11053286492824554,579.5670175090999,401.6367051551624,1602.5338134280782,0.015868574173433875,0.0006465926417149603,420.0,430.0,425.0,461.0,471.0,466.0,1,chanting
P6,-6.337850570678711,-8.1737699508667,-22.784141540527344,-28.902992248535156,-35.25872039794922,-37.63478088378906,-39.752655029296875,-41.256343841552734,-41.1839714050293,-42.50941848754883,-42.9398078918457,-44.405399322509766,-45.52931213378906,-48.16258239746094,-49.917598724365234,-49.921112060546875,-50.034812927246094,-51.391448974609375,-52.49700164794922,-54.09370040893555,-55.97199630737305,-57.205352783203125,-58.14886474609375,-58.93033218383789,-59.373531341552734,-60.02415084838867,-59.8714599609375,-58.91497802734375,-58.091121673583984,-58.18852996826172,-58.948883056640625,-59.751461029052734,2.225139617919922,2.358673334121704,2.4476492404937744,2.990262031555176,3.863405466079712,4.7422099113464355,5.108959674835205,5.252421855926514,4.855141639709473,4.963477611541748,5.801675796508789,6.641628265380859,6.301342964172363,6.545642375946045,5.819489479064941,5.615142822265625,5.811907768249512,6.147918701171875,5.6841020584106445,5.259307861328125,4.9448561668396,4.550405025482178,4.045828342437744,3.545142412185669,3.191669464111328,2.9492149353027344,2.8685879707336426,3.793628692626953,4.6759490966796875,4.666586875915527,4.314101696014404,4.387340068817139,-264.4770202636719,68.30950164794922,24.73183822631836,15.414593696594238,17.772415161132812,11.541970252990723,10.360816955566406,9.67683219909668,4.317663192749023,3.20949387550354,20.07054901123047,8.243117332458496,9.194563865661621,5.655611991882324,4.053891181945801,3.6981098651885986,3.0151731967926025,3.036372423171997,2.9974961280822754,2.973271608352661,0.10015404224395752,0.11167435348033905,0.16752192378044128,0.4407050907611847,0.964377760887146,0.8317000865936279,0.3078172206878662,0.23567014932632446,0.24110952019691467,0.2558899223804474,0.1990218609571457,0.14236761629581451,0.07675958424806595,0.08627224713563919,0.10152382403612137,0.09902443736791611,0.08329738676548004,0.14729732275009155,0.14040061831474304,0.1644618958234787,0.17013652622699738,0.20222808420658112,0.14720267057418823,0.10063803941011429,761.7787515777601,993.2502197832076,1781.2309752316455,0.017450106946055685,0.0006527933874167502,430.0,440.0,435.0,471.0,481.0,476.0,1,chanting
P6,-14.649391174316406,-13.557517051696777,-20.312219619750977,-25.326580047607422,-30.525327682495117,-29.269485473632812,-30.162221908569336,-32.58708572387695,-33.08592987060547,-32.81332015991211,-33.890350341796875,-39.952056884765625,-45.82428741455078,-50.17236328125,-52.31803894042969,-53.80950927734375,-54.683502197265625,-53.16505813598633,-49.8309440612793,-53.263572692871094,-56.057823181152344,-55.3154182434082,-56.84916687011719,-63.793975830078125,-72.37969207763672,-67.49577331542969,-64.1126937866211,-62.20177459716797,-62.585086822509766,-62.20128631591797,-64.69232177734375,-66.42242431640625,5.485655307769775,8.274177551269531,16.119739532470703,16.744518280029297,18.717599868774414,21.26310920715332,23.325469970703125,23.415634155273438,23.172775268554688,24.55059242248535,23.755878448486328,19.619792938232422,15.955763816833496,13.51911735534668,12.750593185424805,11.844748497009277,10.989364624023438,14.228198051452637,18.460533142089844,16.301992416381836,15.0711669921875,17.132183074951172,15.88083267211914,9.698872566223145,2.534724473953247,6.9612555503845215,10.064468383789062,11.114526748657227,10.658378601074219,11.131906509399414,9.453993797302246,8.799578666687012,-265.7494812011719,87.85750579833984,18.603471755981445,6.593922138214111,3.851820707321167,-3.0209429264068604,12.4380464553833,11.742084503173828,-4.189568042755127,4.13407564163208,81.21283721923828,18.140607833862305,10.237943649291992,10.811138153076172,12.933122634887695,15.492705345153809,4.071100234985352,3.5505363941192627,8.805415153503418,2.584660768508911,0.48861607909202576,0.3809695839881897,0.1436586081981659,0.29007160663604736,0.6896454095840454,0.5080587863922119,0.19607950747013092,0.32865551114082336,0.21356961131095886,0.15115103125572205,0.21018409729003906,0.19634105265140533,0.4176558256149292,0.35845455527305603,0.09459419548511505,0.21681347489356995,0.2908811867237091,0.3434169590473175,0.16207723319530487,0.24319243431091309,0.11694551259279251,0.16695962846279144,0.1278969794511795,0.15555790066719055,812.2078046556808,868.3476494525812,1520.9160725151928,0.03464077907482599,0.0033423409331589937,440.0,450.0,445.0,481.0,491.0,486.0,1,chanting
P6,-12.872323989868164,-5.417393207550049,-3.0521912574768066,-12.862810134887695,-18.091794967651367,-19.702014923095703,-21.676162719726562,-26.176380157470703,-21.5361328125,-24.75452995300293,-32.03715515136719,-33.374813079833984,-35.59376525878906,-44.328590393066406,-44.623477935791016,-47.391883850097656,-46.14569091796875,-39.715606689453125,-33.79853820800781,-39.90531539916992,-51.470375061035156,-48.782718658447266,-48.71717834472656,-56.501644134521484,-63.619651794433594,-68.89181518554688,-60.992977142333984,-59.339534759521484,-60.918739318847656,-55.07128143310547,-58.17098617553711,-69.24403381347656,1.8608005046844482,2.0172829627990723,2.0486018657684326,3.379715919494629,6.6266398429870605,9.827360153198242,12.253449440002441,9.20136547088623,12.007377624511719,11.429405212402344,9.726700782775879,4.699398040771484,6.03501558303833,4.209835052490234,4.529040813446045,4.5513834953308105,3.104703903198242,3.4009294509887695,3.3748013973236084,2.83284854888916,7.530215263366699,6.749413967132568,6.998594284057617,4.047677516937256,3.7109856605529785,4.853283405303955,6.288937091827393,7.108913898468018,4.785941123962402,4.124325275421143,4.629205226898193,6.442090034484863,-223.5832061767578,98.69482421875,12.209901809692383,14.303500175476074,5.574598789215088,-10.90876293182373,8.8026762008667,10.805279731750488,-8.73369026184082,-1.2872655391693115,29.454025268554688,4.505319118499756,3.916358709335327,8.808168411254883,10.97709846496582,6.831460952758789,3.0118892192840576,3.882786750793457,1.8895068168640137,4.6735944747924805,0.9969622492790222,0.28021273016929626,0.01821129210293293,0.0736551359295845,0.1451694816350937,0.014821294695138931,0.038425713777542114,0.12718553841114044,0.02683277055621147,0.10078628361225128,0.1313902884721756,0.38471049070358276,0.03886013478040695,0.11989181488752365,0.02737782709300518,0.07936009019613266,0.16982577741146088,0.018097015097737312,0.027159877121448517,0.05860425904393196,0.01395338587462902,0.15534356236457825,0.17712357640266418,0.1152757778763771,784.9163469190617,984.5570008881961,1367.5104001122327,0.0314471251450116,0.004480453673750162,450.0,460.0,455.0,491.0,501.0,496.0,1,chanting
P6,-13.28576946258545,-10.093158721923828,-13.628296852111816,-19.20853042602539,-21.685550689697266,-19.897260665893555,-20.735519409179688,-26.93893814086914,-22.215641021728516,-23.800321578979492,-27.635204315185547,-35.32478332519531,-40.420692443847656,-46.4059944152832,-47.64356231689453,-48.68031692504883,-47.950042724609375,-43.17367935180664,-41.08249282836914,-45.55620193481445,-48.48835754394531,-47.58708572387695,-49.25285339355469,-58.956790924072266,-66.2378921508789,-58.5166130065918,-54.859336853027344,-55.42946243286133,-54.47405242919922,-53.92999267578125,-58.757930755615234,-62.58798599243164,5.082162857055664,8.09335708618164,15.163771629333496,14.814805030822754,16.798831939697266,18.57461929321289,20.43925666809082,18.73499298095703,21.722904205322266,21.492874145507812,18.711223602294922,13.728645324707031,12.218293190002441,10.06590747833252,10.147972106933594,9.286839485168457,9.758951187133789,13.201047897338867,14.117457389831543,11.807626724243164,12.366728782653809,14.082355499267578,13.332308769226074,7.960000038146973,7.728678226470947,8.762051582336426,10.163954734802246,9.50430679321289,10.123359680175781,10.433995246887207,8.212580680847168,7.453530788421631,-227.0591278076172,86.27546691894531,17.562532424926758,6.5284881591796875,-1.7201216220855713,-8.7525053024292,7.965476989746094,15.068140983581543,-6.731313228607178,2.542518377304077,66.83173370361328,21.395957946777344,6.839797019958496,8.911762237548828,11.139374732971191,13.7880220413208,3.5729262828826904,4.059040546417236,6.120960712432861,3.4365592002868652,0.6782277822494507,0.27308619022369385,0.11610718071460724,0.38062772154808044,0.6260436773300171,0.26978209614753723,0.15767477452754974,0.2532193660736084,0.10441745072603226,0.16353699564933777,0.2700138986110687,0.2677403390407562,0.41272127628326416,0.17950208485126495,0.1443258374929428,0.330402672290802,0.2833651006221771,0.29460573196411133,0.18172906339168549,0.18328078091144562,0.10785907506942749,0.09181836247444153,0.1765093207359314,0.1870371252298355,1096.1478870442481,1619.986337188225,1697.6305401787067,0.04417869054524362,0.00450925761833787,460.0,470.0,465.0,501.0,511.0,506.0,1,chanting
P6,-15.223044395446777,-7.683261871337891,-5.9633283615112305,-16.112762451171875,-20.53876304626465,-23.767709732055664,-28.22934913635254,-33.94911575317383,-30.346935272216797,-32.693485260009766,-37.38426971435547,-35.0650634765625,-44.46232986450195,-47.21754455566406,-50.92190170288086,-51.57930374145508,-46.940120697021484,-41.28653335571289,-37.07241439819336,-45.53579330444336,-56.60642623901367,-51.454185485839844,-51.37382507324219,-61.282127380371094,-66.22273254394531,-69.73368835449219,-64.33757781982422,-65.15052795410156,-64.80012512207031,-58.092899322509766,-60.90395736694336,-71.35851287841797,2.4665305614471436,5.320630073547363,9.058162689208984,8.046196937561035,9.409958839416504,10.779363632202148,12.971694946289062,10.079798698425293,11.912810325622559,11.402925491333008,7.103560924530029,8.102743148803711,6.663213729858398,6.9028120040893555,6.367494106292725,6.373757839202881,7.028777599334717,9.155484199523926,10.199209213256836,8.663558006286621,8.425396919250488,8.764799118041992,9.656000137329102,5.882882118225098,5.3906402587890625,4.507593154907227,6.551979064941406,7.45377779006958,6.603363037109375,6.9466705322265625,5.886849403381348,5.37857723236084,-246.3011474609375,95.52467346191406,14.655411720275879,19.06102180480957,10.343358039855957,-9.417997360229492,7.8313469886779785,8.90321159362793,-8.290385246276855,-5.627900123596191,39.694183349609375,8.281457901000977,7.674996852874756,6.669266223907471,7.0858001708984375,8.238659858703613,4.2243218421936035,3.8579330444335938,4.151649475097656,4.670092582702637,0.25859421491622925,0.91581130027771,0.44595202803611755,0.06311655789613724,0.09963241219520569,0.12349328398704529,0.041197098791599274,0.033889222890138626,0.11216075718402863,0.0648297369480133,0.03789888322353363,0.04778047278523445,0.13347993791103363,0.237490713596344,0.2505621910095215,0.11729350686073303,0.23287729918956757,0.2437131404876709,0.11082235723733902,0.06170738860964775,0.06658238917589188,0.08389092981815338,0.08680865168571472,0.08538500219583511,756.4519661853432,1016.9817081460267,1398.4768229634115,0.024891014718677495,0.004051330965012312,470.0,480.0,475.0,511.0,521.0,516.0,1,chanting
P6,-17.651140213012695,-12.867718696594238,-15.16004753112793,-21.450660705566406,-22.905986785888672,-21.342988967895508,-21.852643966674805,-30.362958908081055,-23.619590759277344,-25.826683044433594,-30.652130126953125,-37.51872634887695,-43.9625129699707,-49.57670211791992,-51.21611404418945,-51.76378631591797,-50.664642333984375,-45.145721435546875,-43.920528411865234,-49.462223052978516,-50.907100677490234,-49.73206329345703,-49.49787902832031,-61.30551528930664,-73.04537963867188,-61.94234848022461,-58.136573791503906,-59.619171142578125,-58.12825393676758,-57.34611511230469,-62.41925048828125,-67.36514282226562,4.3404669761657715,8.186379432678223,15.257965087890625,13.394659996032715,15.64201831817627,17.444908142089844,19.619701385498047,16.67486572265625,20.292875289916992,20.338069915771484,18.020740509033203,13.269784927368164,11.452485084533691,8.77108383178711,8.67646312713623,7.907655715942383,8.346274375915527,11.772186279296875,12.166650772094727,9.792277336120605,10.693739891052246,12.422895431518555,12.100830078125,6.561588287353516,6.091586589813232,7.392738342285156,8.447837829589844,7.232868194580078,8.670406341552734,9.086098670959473,6.958902835845947,5.9438323974609375,-243.309814453125,89.2935562133789,16.652599334716797,7.376010894775391,-3.3393709659576416,-10.966559410095215,7.84291934967041,14.104877471923828,-7.819179534912109,2.908968448638916,59.635929107666016,20.759727478027344,7.042069435119629,9.223833084106445,10.8507719039917,12.856719017028809,3.3718855381011963,3.9510438442230225,6.184121131896973,2.484102249145508,0.7239435315132141,0.2921101748943329,0.08739069849252701,0.28401514887809753,0.6331002116203308,0.2795076072216034,0.10871855169534683,0.18824808299541473,0.10367428511381149,0.14218157529830933,0.2765156328678131,0.22396452724933624,0.40683621168136597,0.16127748787403107,0.12130431830883026,0.2970230281352997,0.3139585554599762,0.2998383045196533,0.14977596700191498,0.14295853674411774,0.12960472702980042,0.1070970669388771,0.17117434740066528,0.08986964076757431,1045.2533533675146,1521.2133845707656,1636.6044609358817,0.040889872752320186,0.005414072889834642,480.0,490.0,485.0,521.0,531.0,526.0,1,chanting
P6,-16.490140914916992,-10.310771942138672,-11.410934448242188,-21.02486801147461,-24.21518325805664,-27.435985565185547,-34.874271392822266,-40.476566314697266,-37.03082275390625,-38.517311096191406,-39.47477340698242,-38.57834243774414,-45.94145202636719,-48.562564849853516,-51.22692108154297,-52.95848083496094,-48.73666000366211,-43.52623748779297,-41.09086608886719,-51.39286422729492,-58.576602935791016,-54.16904830932617,-52.55288314819336,-62.525856018066406,-69.61080169677734,-70.77455139160156,-66.4880599975586,-67.16339111328125,-67.512451171875,-61.277870178222656,-63.46961975097656,-73.70437622070312,3.136173963546753,8.064126968383789,14.473174095153809,9.948519706726074,10.776883125305176,10.9622220993042,10.37287712097168,11.801027297973633,10.715133666992188,9.540790557861328,7.9766669273376465,8.232610702514648,5.814568042755127,5.938378810882568,6.149262428283691,5.535823345184326,7.972478866577148,10.823384284973145,13.041319847106934,9.145051002502441,6.220743656158447,8.746267318725586,11.363777160644531,7.334415435791016,4.1855549812316895,3.4736266136169434,5.449030876159668,5.7078752517700195,6.164108753204346,8.120687484741211,7.187263488769531,4.194897174835205,-263.59197998046875,91.221435546875,12.886198997497559,20.263355255126953,13.845629692077637,-4.039287090301514,7.83431339263916,6.274600982666016,-7.733703136444092,-4.844109535217285,41.26311492919922,8.900670051574707,6.698850154876709,6.20448637008667,6.359048843383789,10.225741386413574,3.2782349586486816,3.4127228260040283,4.3357648849487305,5.402573108673096,0.2936944365501404,0.7833379507064819,0.2968011498451233,0.10957072675228119,0.25072938203811646,0.2412792295217514,0.11519081145524979,0.08506407588720322,0.12459956109523773,0.08488863706588745,0.06491699069738388,0.06708843261003494,0.16329801082611084,0.3759203851222992,0.16922329366207123,0.17558078467845917,0.3981129825115204,0.3836120665073395,0.19886824488639832,0.13675294816493988,0.13462699949741364,0.13790208101272583,0.11917581409215927,0.10164535790681839,739.3683973115377,1058.8740302349188,1422.4114779173012,0.02338312064965197,0.003722879569977522,490.0,500.0,495.0,531.0,541.0,536.0,1,chanting
P6,-21.81529998779297,-16.543127059936523,-17.2437686920166,-24.565155029296875,-27.6282901763916,-25.314573287963867,-25.068309783935547,-33.51972961425781,-26.98285484313965,-29.926475524902344,-37.954769134521484,-42.87240982055664,-46.569087982177734,-52.80116271972656,-54.2669563293457,-56.46247100830078,-55.52587890625,-51.415645599365234,-45.700904846191406,-50.148929595947266,-56.02248764038086,-55.95899963378906,-57.70969009399414,-64.45016479492188,-69.6734848022461,-72.96556091308594,-68.31846618652344,-66.23809814453125,-64.49735260009766,-61.994380950927734,-68.02423858642578,-72.67063903808594,4.859086513519287,6.863935470581055,12.677618980407715,10.998186111450195,12.471212387084961,14.427998542785645,15.780978202819824,14.40979290008545,17.02395248413086,16.77880096435547,15.274271011352539,10.311955451965332,8.245104789733887,6.381220817565918,5.974085330963135,5.518935680389404,6.863218307495117,9.366615295410156,12.599729537963867,11.358601570129395,9.30469036102295,10.095017433166504,10.271939277648926,8.223387718200684,5.99769401550293,3.936404228210449,5.749925136566162,6.554103851318359,8.10325813293457,8.782097816467285,5.8192219734191895,4.001987934112549,-268.8507080078125,93.84508514404297,14.920645713806152,9.04788875579834,-2.154585838317871,-12.920833587646484,8.790194511413574,11.797829627990723,-6.227646827697754,2.3840863704681396,50.690250396728516,12.524345397949219,5.101249694824219,6.936587810516357,10.823163986206055,11.809328079223633,3.3188369274139404,6.8644819259643555,5.455366611480713,2.8434677124023438,0.790767252445221,0.5662655234336853,0.09758339822292328,0.141978919506073,0.4465782344341278,0.268213152885437,0.09563685953617096,0.1789630502462387,0.12506863474845886,0.10514465719461441,0.2666424810886383,0.18323665857315063,0.36430466175079346,0.2898496687412262,0.13205555081367493,0.20816679298877716,0.29685914516448975,0.3092391788959503,0.170271635055542,0.1359945684671402,0.11897669732570648,0.13229164481163025,0.20933856070041656,0.07248727232217789,892.7650903558664,1068.4165866081787,1500.495362730434,0.03513019322795824,0.005388805642724037,500.0,510.0,505.0,541.0,551.0,546.0,1,chanting
P6,-20.995874404907227,-17.545257568359375,-20.25669288635254,-27.19588279724121,-33.26063537597656,-35.3807258605957,-38.21409606933594,-42.231929779052734,-40.96870422363281,-42.66398239135742,-43.971832275390625,-45.30059051513672,-51.30060958862305,-55.77760696411133,-57.19054412841797,-59.18817138671875,-57.05188751220703,-53.867977142333984,-49.579261779785156,-52.7601432800293,-63.133052825927734,-60.26201629638672,-57.839881896972656,-65.6370849609375,-72.65095520019531,-73.61715698242188,-72.97679901123047,-71.71907043457031,-71.11762237548828,-66.77381134033203,-70.50077819824219,-76.54298400878906,5.08698034286499,7.682534694671631,14.624663352966309,13.715356826782227,14.196967124938965,14.972455024719238,16.231233596801758,15.008328437805176,15.6736421585083,16.9913330078125,15.950331687927246,13.186488151550293,10.70118522644043,10.235555648803711,10.345479965209961,9.285221099853516,9.734908103942871,13.089112281799316,15.322714805603027,13.229812622070312,11.166181564331055,12.854641914367676,14.416459083557129,10.63327407836914,4.898604393005371,6.925736427307129,8.272125244140625,8.123669624328613,9.150139808654785,8.77910041809082,6.2478251457214355,5.4100165367126465,-294.77044677734375,88.08177947998047,14.346403121948242,18.572546005249023,7.985192775726318,-3.8206686973571777,10.949645042419434,7.630018711090088,-5.117411136627197,-1.9157686233520508,59.014102935791016,15.495260238647461,10.812950134277344,8.389803886413574,10.519591331481934,10.980674743652344,3.6529600620269775,5.179216384887695,5.911681652069092,4.431000232696533,0.6783751845359802,0.27331605553627014,0.12450931966304779,0.3410860598087311,0.38587549328804016,0.18278782069683075,0.13659566640853882,0.19588561356067657,0.1161377876996994,0.10281889885663986,0.09452599287033081,0.2968219518661499,0.41490352153778076,0.20819300413131714,0.14688058197498322,0.3910006880760193,0.4275674819946289,0.23893041908740997,0.15448792278766632,0.13187550008296967,0.14910855889320374,0.13360309600830078,0.10895229876041412,0.212486132979393,785.0682278340776,1128.3698203668794,1458.6902801557483,0.028618266023781903,0.0035850093699991703,510.0,520.0,515.0,551.0,561.0,556.0,1,chanting
P6,-12.893583297729492,-4.719799995422363,-2.211686372756958,-10.92706298828125,-16.58310317993164,-17.451597213745117,-18.527061462402344,-30.881832122802734,-22.434907913208008,-25.35511016845703,-33.93654251098633,-33.55889129638672,-37.54521560668945,-44.8576545715332,-45.775821685791016,-47.81620407104492,-44.95294189453125,-39.13999938964844,-33.64882278442383,-41.85478591918945,-49.740989685058594,-44.37403869628906,-38.14754867553711,-45.68915939331055,-67.96573638916016,-65.41146850585938,-60.070716857910156,-61.08511734008789,-58.51162338256836,-54.43525695800781,-62.02054214477539,-65.79449462890625,1.989228367805481,0.6547214984893799,1.0507769584655762,2.7445051670074463,4.316631317138672,6.2540082931518555,8.131903648376465,11.560845375061035,8.16523551940918,8.188539505004883,8.738515853881836,3.026644468307495,2.199390172958374,2.807647943496704,1.946272611618042,2.130976676940918,2.021113157272339,1.8821747303009033,2.13704514503479,2.406993865966797,4.8293914794921875,3.615257740020752,1.067731499671936,2.081486940383911,2.3824150562286377,6.673444747924805,6.740814685821533,6.009834289550781,7.996246337890625,4.168773174285889,2.134833574295044,5.277651786804199,-218.90599060058594,95.00882720947266,13.346332550048828,22.09143829345703,1.4878063201904297,-11.463542938232422,10.354143142700195,3.9583425521850586,-7.386826038360596,-0.7259596586227417,19.865957260131836,2.8743460178375244,5.511256694793701,8.207123756408691,10.083945274353027,4.154304027557373,4.427151679992676,6.155441761016846,2.175795316696167,3.685288190841675,0.43809765577316284,0.9936089515686035,0.2743392288684845,0.015536654740571976,0.08743864297866821,0.10525677353143692,0.009707626886665821,0.07712904363870621,0.16502776741981506,0.026862815022468567,0.0570644810795784,0.06464353203773499,0.22394415736198425,0.041899342089891434,0.11686833202838898,0.0052835713140666485,0.11715982109308243,0.11530063301324844,0.007667042315006256,0.09742666780948639,0.11382392793893814,0.008589264936745167,0.08699420094490051,0.07472444325685501,849.0141610158191,1120.725783062645,1429.3727639271967,0.02767455771461717,0.005335540976375341,520.0,530.0,525.0,561.0,571.0,566.0,1,chanting
P6,-15.474987983703613,-11.786293983459473,-14.476436614990234,-21.50859260559082,-26.38842010498047,-26.357227325439453,-27.932722091674805,-36.153411865234375,-29.613080978393555,-31.599794387817383,-36.26537322998047,-40.09095001220703,-45.37776565551758,-51.71187973022461,-53.28761291503906,-53.83668518066406,-50.62904357910156,-46.957271575927734,-44.785194396972656,-49.44731903076172,-54.33634567260742,-50.85026550292969,-48.54547882080078,-56.502288818359375,-68.72525024414062,-64.95113372802734,-62.93568801879883,-63.619102478027344,-59.202327728271484,-58.199981689453125,-65.22805786132812,-69.2977523803711,4.503368377685547,7.8556928634643555,14.73847484588623,13.540915489196777,15.793669700622559,17.435022354125977,19.46031951904297,16.899152755737305,20.350440979003906,20.270029067993164,16.174041748046875,13.044157981872559,11.281427383422852,9.004695892333984,8.844667434692383,8.384444236755371,9.02862548828125,12.413187026977539,13.65109634399414,11.139991760253906,12.771065711975098,14.132323265075684,14.984682083129883,11.77556324005127,5.638678073883057,8.886972427368164,10.226316452026367,9.840147018432617,13.314023971557617,10.946431159973145,6.391363620758057,7.267455101013184,-253.8643798828125,85.94141387939453,17.496826171875,16.775907516479492,0.9900689721107483,-5.913510322570801,10.70660400390625,10.383895874023438,-5.130097389221191,0.8047434091567993,64.4295425415039,14.873476028442383,8.20582389831543,9.641921043395996,14.743053436279297,11.587246894836426,4.298303604125977,4.360986709594727,5.704379558563232,5.153844833374023,0.681857705116272,0.27663537859916687,0.12755997478961945,0.39899587631225586,0.4560421407222748,0.1757880300283432,0.14241302013397217,0.18421900272369385,0.10501032322645187,0.1662578582763672,0.20786458253860474,0.3322507441043854,0.4011027216911316,0.19433625042438507,0.16042160987854004,0.3842923939228058,0.3669320344924927,0.22918319702148438,0.15801319479942322,0.12690028548240662,0.1370173692703247,0.13033074140548706,0.18452532589435577,0.25376901030540466,903.7880984157514,1207.7079330408933,1580.7537627183738,0.03054760005800464,0.003805020824074745,530.0,540.0,535.0,571.0,581.0,576.0,1,chanting
P6,-15.851634979248047,-8.509269714355469,-7.811433792114258,-18.410419464111328,-24.775793075561523,-27.078691482543945,-29.775110244750977,-43.90232467651367,-34.743865966796875,-37.146270751953125,-42.0982666015625,-39.13288116455078,-43.6312255859375,-50.157928466796875,-52.781742095947266,-54.7629508972168,-49.87930679321289,-45.36884689331055,-40.52531051635742,-48.37567901611328,-58.01446533203125,-51.70637893676758,-45.985469818115234,-53.850772857666016,-70.71526336669922,-72.3934326171875,-68.17715454101562,-67.81774139404297,-67.101318359375,-61.190635681152344,-65.21236419677734,-71.29059600830078,2.747140407562256,6.377483367919922,11.605311393737793,10.05506706237793,11.005788803100586,11.694787979125977,13.653433799743652,8.636439323425293,11.549899101257324,11.72489070892334,8.423426628112793,9.845902442932129,9.546195983886719,8.211856842041016,8.067805290222168,7.0675048828125,8.547307968139648,11.5027437210083,13.434755325317383,10.509449005126953,9.701164245605469,11.377215385437012,13.675763130187988,11.023262977600098,3.5715465545654297,4.410926342010498,6.738543510437012,6.437074661254883,6.892058849334717,6.777943134307861,5.195230484008789,6.395102024078369,-259.53900146484375,91.59619903564453,14.765691757202148,25.87421417236328,10.269399642944336,-5.812913417816162,12.751296043395996,1.8842246532440186,-7.212645530700684,-3.998819589614868,47.22564697265625,8.27232837677002,10.027658462524414,4.922746658325195,6.3907999992370605,8.766499519348145,4.072749614715576,4.118319034576416,4.745556831359863,3.559288501739502,0.2382688820362091,0.8826298713684082,0.39780890941619873,0.06677381694316864,0.14677037298679352,0.16895559430122375,0.06923477351665497,0.04626229405403137,0.10029648244380951,0.05236293375492096,0.026683878153562546,0.032514311373233795,0.08897481113672256,0.2898324429988861,0.19204579293727875,0.11815322935581207,0.3079829216003418,0.3110877573490143,0.1536054164171219,0.09371069073677063,0.0746600478887558,0.07806547731161118,0.06094084307551384,0.046854157000780106,731.5429916864333,978.9114047092518,1386.880502215219,0.023073838094547564,0.0040555982850492,540.0,550.0,545.0,581.0,591.0,586.0,1,chanting
P6,-15.340723037719727,-8.846211433410645,-8.707921028137207,-16.055898666381836,-19.928333282470703,-18.98764419555664,-17.425203323364258,-31.425182342529297,-25.82577133178711,-26.510635375976562,-30.921571731567383,-35.434532165527344,-41.33564758300781,-46.921600341796875,-47.83362579345703,-49.993446350097656,-46.70775604248047,-41.878536224365234,-39.106605529785156,-45.42330551147461,-49.69927215576172,-45.494422912597656,-41.91059112548828,-49.99818801879883,-66.8308334350586,-63.23521423339844,-59.16526412963867,-59.52305603027344,-54.91813278198242,-54.761783599853516,-62.645782470703125,-65.88570404052734,3.5526533126831055,7.483263969421387,14.125269889831543,12.158297538757324,13.03085708618164,14.27250862121582,16.53377342224121,12.330256462097168,16.695693969726562,16.87632942199707,14.649068832397461,10.631011962890625,8.809727668762207,6.898991107940674,7.020889759063721,6.533895015716553,7.039165496826172,9.855135917663574,10.778806686401367,8.55977725982666,9.823735237121582,10.675358772277832,11.45218276977539,8.883922576904297,4.999417304992676,8.293618202209473,7.675245761871338,6.144619464874268,10.092961311340332,8.451194763183594,4.669076919555664,5.010014057159424,-227.80828857421875,88.92253112792969,15.491786003112793,16.580718994140625,-2.4247853755950928,-10.232719421386719,8.456789016723633,6.9641194343566895,-7.452336311340332,1.6080149412155151,49.79795455932617,16.556535720825195,6.245516777038574,8.248942375183105,11.329504013061523,10.138551712036133,2.6840708255767822,8.114625930786133,5.413878440856934,2.1707851886749268,0.8052108287811279,0.5356892943382263,0.11284452676773071,0.23511582612991333,0.47678515315055847,0.168107271194458,0.0657891184091568,0.15427781641483307,0.11347416788339615,0.08278703689575195,0.1585439145565033,0.16743099689483643,0.3496502637863159,0.28522706031799316,0.15985028445720673,0.34201157093048096,0.34098291397094727,0.1981193721294403,0.11319909244775772,0.07889417558908463,0.11228585988283157,0.09559842199087143,0.14547373354434967,0.08068922907114029,993.1415037047027,1407.7269091683584,1580.9651536542312,0.03545080481438515,0.005526335909962654,550.0,560.0,555.0,591.0,601.0,596.0,1,chanting
P6,-15.71694278717041,-12.286312103271484,-15.102757453918457,-22.713054656982422,-28.90947151184082,-32.32834243774414,-36.24969482421875,-41.47721862792969,-40.4211540222168,-41.751922607421875,-41.1636848449707,-42.442413330078125,-49.43720626831055,-52.97222137451172,-55.717262268066406,-56.76485061645508,-50.91978073120117,-49.3725700378418,-47.102012634277344,-51.65810775756836,-61.1897087097168,-55.32143783569336,-52.42966079711914,-59.81107711791992,-69.79488372802734,-70.11734771728516,-67.84422302246094,-67.79891967773438,-66.17105865478516,-62.65964126586914,-66.81105041503906,-73.2075424194336,4.041557788848877,7.160600662231445,14.901697158813477,13.504115104675293,14.043595314025879,12.841371536254883,13.965810775756836,12.451754570007324,13.888843536376953,14.572663307189941,13.331430435180664,11.975833892822266,9.5922212600708,8.781756401062012,8.847593307495117,6.762638092041016,9.03580379486084,11.1953125,13.25207233428955,10.831596374511719,9.301284790039062,12.322919845581055,14.021101951599121,10.492623329162598,4.100089073181152,6.277731895446777,7.44951868057251,7.507359027862549,9.506033897399902,8.344477653503418,5.326908111572266,4.177741050720215,-275.3586120605469,86.24722290039062,17.673622131347656,22.704824447631836,10.172701835632324,-1.4919703006744385,10.265027046203613,6.6545491218566895,-5.089577674865723,-2.9554643630981445,51.93820571899414,13.240349769592285,8.973237991333008,8.533919334411621,10.540759086608887,8.892057418823242,4.298272609710693,5.572808265686035,6.783484935760498,5.5057854652404785,0.26832881569862366,0.6750980615615845,0.3738737404346466,0.1668621152639389,0.3476767838001251,0.316569060087204,0.12119188159704208,0.12220945954322815,0.1601124256849289,0.10918078571557999,0.09879329800605774,0.08269710838794708,0.26357707381248474,0.3918731212615967,0.2575231194496155,0.20281004905700684,0.4192536771297455,0.39744114875793457,0.16595304012298584,0.14899203181266785,0.11861499398946762,0.13149191439151764,0.13050848245620728,0.11321432143449783,746.401643410205,970.5679130111658,1468.4753996941515,0.02400395156612529,0.0028983636293560266,560.0,570.0,565.0,601.0,611.0,606.0,1,chanting
P6,-14.13583755493164,-6.850269794464111,-3.0682148933410645,-11.234573364257812,-18.101552963256836,-24.183774948120117,-23.982105255126953,-32.27104568481445,-34.62653350830078,-36.99872970581055,-34.51082992553711,-34.4912109375,-43.22270202636719,-48.02937316894531,-54.305076599121094,-54.36433410644531,-44.10023498535156,-41.981239318847656,-39.27865982055664,-45.92631912231445,-56.15670394897461,-46.8675422668457,-41.375244140625,-50.7277946472168,-65.24371337890625,-70.4808120727539,-65.70803833007812,-65.80216979980469,-63.19820785522461,-59.78538131713867,-65.31270599365234,-71.08660888671875,1.869579792022705,2.1826508045196533,2.515883207321167,4.143184661865234,5.488574028015137,8.31619644165039,10.71318531036377,6.8764424324035645,9.835142135620117,9.803977012634277,5.234529495239258,4.870232582092285,4.160438060760498,3.834372043609619,5.401015281677246,3.4595279693603516,3.27311110496521,4.112824440002441,3.4238216876983643,3.0388987064361572,7.130101203918457,4.877843379974365,4.785165786743164,6.25053071975708,4.174568176269531,4.620329856872559,5.924774169921875,6.067423343658447,8.789718627929688,5.062352180480957,3.4398491382598877,4.757857799530029,-241.7257843017578,96.17012023925781,15.902151107788086,28.02264976501465,4.178332328796387,-8.193685531616211,10.481717109680176,1.155901312828064,-8.464262962341309,-5.8380866050720215,25.525163650512695,2.6680779457092285,3.8933169841766357,7.715411186218262,8.307088851928711,4.400602340698242,4.181277751922607,5.086770057678223,2.183958053588867,4.551506042480469,0.6104642748832703,0.956489086151123,0.17335601150989532,0.015773745253682137,0.05230015143752098,0.0431009978055954,0.0070794387720525265,0.08922087401151657,0.17936047911643982,0.028576040640473366,0.022802360355854034,0.052868664264678955,0.22354140877723694,0.12819965183734894,0.07460366934537888,0.0089696841314435,0.07315643876791,0.05468500033020973,0.009708247147500515,0.06617198884487152,0.07620915025472641,0.02190537191927433,0.05009416863322258,0.053425174206495285,728.6431911929523,838.1961689747679,1303.985553268243,0.025730495939675174,0.004786370787769556,570.0,580.0,575.0,611.0,621.0,616.0,1,chanting
P6,-16.880496978759766,-12.492391586303711,-14.801107406616211,-22.71910285949707,-27.809749603271484,-27.608142852783203,-26.827409744262695,-35.19796371459961,-31.699617385864258,-33.458736419677734,-38.74885177612305,-42.13003158569336,-47.633544921875,-52.67253494262695,-54.65056610107422,-55.45610809326172,-50.51656723022461,-48.150794982910156,-47.89543914794922,-52.946781158447266,-56.23667526245117,-53.821720123291016,-51.99748611450195,-56.56854248046875,-67.96803283691406,-65.31988525390625,-62.6869010925293,-64.04895782470703,-58.04645538330078,-59.23061752319336,-66.64385223388672,-67.99995422363281,4.054278373718262,8.700201988220215,16.792896270751953,15.576513290405273,16.573293685913086,17.937255859375,21.748859405517578,16.31162452697754,19.573495864868164,20.695375442504883,17.120405197143555,14.1323823928833,11.763964653015137,10.241389274597168,10.035693168640137,8.88866901397705,11.393710136413574,14.689849853515625,15.598112106323242,12.76688003540039,13.366095542907715,15.4639253616333,16.8005313873291,14.275885581970215,5.780516147613525,8.801838874816895,10.418183326721191,9.028099060058594,13.61778736114502,12.514802932739258,7.270410060882568,7.369831085205078,-260.0146484375,84.9969711303711,21.038854598999023,15.295465469360352,0.8227009177207947,-5.271052360534668,7.4875359535217285,10.177536964416504,-2.6736621856689453,0.9476665258407593,71.84291076660156,11.008340835571289,7.396770000457764,5.088202476501465,13.163010597229004,12.389280319213867,2.8198890686035156,5.181637287139893,6.268669128417969,2.738262891769409,0.4441418945789337,0.6458791494369507,0.2182951420545578,0.2796157896518707,0.5093914270401001,0.366737961769104,0.11701540648937225,0.15907201170921326,0.17929969727993011,0.11123055964708328,0.15772230923175812,0.1290798783302307,0.33538857102394104,0.4039551615715027,0.15151984989643097,0.3344744145870209,0.385983943939209,0.26346075534820557,0.17101842164993286,0.174298956990242,0.14314119517803192,0.15055474638938904,0.14203417301177979,0.11619102954864502,850.2176921278813,1001.094101199971,1587.385577654594,0.027163618401972157,0.004238624591380358,580.0,590.0,585.0,621.0,631.0,626.0,1,chanting
P6,-17.71436882019043,-14.57775592803955,-16.26523780822754,-23.973018646240234,-29.09483528137207,-33.00236892700195,-37.14878463745117,-39.00481414794922,-39.588016510009766,-43.47481155395508,-41.53281784057617,-41.99031066894531,-47.99934768676758,-53.30171203613281,-57.29388427734375,-56.824546813964844,-50.32194900512695,-49.404109954833984,-47.31410598754883,-51.58849334716797,-60.67892074584961,-55.46611404418945,-52.41218566894531,-59.23735809326172,-69.01033020019531,-71.06727600097656,-67.76155090332031,-69.09347534179688,-67.33740997314453,-64.99341583251953,-68.61640167236328,-72.07001495361328,3.455026865005493,6.781930446624756,14.808243751525879,13.64726448059082,14.407355308532715,13.21229362487793,14.997650146484375,13.510062217712402,13.18571662902832,14.011557579040527,13.297771453857422,12.904912948608398,10.462224006652832,9.737282752990723,8.392660140991211,7.565614700317383,10.49091911315918,12.721144676208496,14.325343132019043,12.309967041015625,10.511757850646973,12.726223945617676,14.660355567932129,11.036322593688965,5.4082512855529785,6.119629383087158,7.2745866775512695,6.322431564331055,8.826825141906738,7.773411273956299,5.620786190032959,5.855648994445801,-277.390869140625,85.81012725830078,14.957114219665527,22.18910026550293,8.076306343078613,-2.645367383956909,10.37843132019043,5.670711994171143,-4.148865699768066,-3.7901761531829834,54.425384521484375,14.075701713562012,10.313482284545898,8.867098808288574,7.949200630187988,10.280781745910645,4.013860702514648,6.0600080490112305,5.948404788970947,5.494012355804443,0.24466708302497864,0.663786768913269,0.4082355201244354,0.2981439232826233,0.38570481538772583,0.25113236904144287,0.10510847717523575,0.11398379504680634,0.17010395228862762,0.10905839502811432,0.0721069797873497,0.07624965906143188,0.23853248357772827,0.4051440358161926,0.2595258951187134,0.325059175491333,0.4392595589160919,0.3097711503505707,0.15104493498802185,0.1373807191848755,0.10018684715032578,0.10309719294309616,0.10430534183979034,0.12265624105930328,797.7444893077446,1161.6438651029582,1491.2628070861565,0.026982353900812064,0.002821886446326971,590.0,600.0,595.0,631.0,641.0,636.0,1,chanting
P6,-15.675189018249512,-6.384810924530029,-2.6392390727996826,-13.50816822052002,-19.318347930908203,-20.070018768310547,-19.26522445678711,-32.616310119628906,-26.763784408569336,-27.952198028564453,-31.867382049560547,-32.656341552734375,-42.096839904785156,-47.90697479248047,-51.03874588012695,-50.84465026855469,-43.6519660949707,-40.35730743408203,-38.01639938354492,-47.003299713134766,-53.731388092041016,-45.73316192626953,-41.85565185546875,-48.15361785888672,-65.34484100341797,-67.2254638671875,-62.028541564941406,-63.736087799072266,-57.40581130981445,-56.82845687866211,-64.49300384521484,-67.8016586303711,2.0642759799957275,2.8984732627868652,3.0613114833831787,3.6785330772399902,4.993808269500732,9.403263092041016,13.308484077453613,7.898590564727783,14.291485786437988,15.088025093078613,11.191688537597656,5.6836748123168945,5.7491865158081055,5.580290794372559,6.004565238952637,4.5110931396484375,3.3924472332000732,5.928952693939209,4.342960834503174,3.6008877754211426,9.92954158782959,7.557018756866455,5.961719512939453,6.504012584686279,4.529184341430664,8.313858032226562,8.198526382446289,8.520572662353516,11.034876823425293,7.353555679321289,4.939799785614014,6.880483627319336,-230.5116424560547,94.61741638183594,15.221041679382324,20.845834732055664,-0.044219475239515305,-9.283185958862305,9.676003456115723,5.218029499053955,-6.231625556945801,-4.254437446594238,36.26362228393555,2.585359573364258,4.84177303314209,9.571333885192871,11.756352424621582,5.257845401763916,2.9506757259368896,7.440372467041016,2.341243028640747,4.611717224121094,0.25071775913238525,1.0,0.395263671875,0.01900903508067131,0.059240490198135376,0.1866224706172943,0.022049706429243088,0.015434423461556435,0.08439165353775024,0.029501384124159813,0.054541073739528656,0.10841190814971924,0.062363095581531525,0.0,0.09986154735088348,0.012272472493350506,0.07967355847358704,0.22414465248584747,0.024134226143360138,0.006719251163303852,0.014165365137159824,0.009852553717792034,0.08151178807020187,0.14263609051704407,823.458281759732,953.7060660165313,1378.930995924888,0.030913527769721578,0.006504650693386793,600.0,610.0,605.0,641.0,651.0,646.0,1,chanting
P6,-17.45892333984375,-12.969931602478027,-15.16572380065918,-22.582792282104492,-27.59800910949707,-27.41057014465332,-27.134828567504883,-36.507999420166016,-31.44520378112793,-32.276023864746094,-37.50697708129883,-41.6630744934082,-49.23284149169922,-52.76866149902344,-55.36769104003906,-55.16979217529297,-49.21074676513672,-47.376548767089844,-49.355003356933594,-54.990989685058594,-56.237239837646484,-54.66270446777344,-52.09477996826172,-56.53337860107422,-67.88055419921875,-65.56329345703125,-63.06216812133789,-61.52591323852539,-56.0908317565918,-60.09596252441406,-65.69735717773438,-68.18238067626953,4.8154096603393555,9.55676555633545,17.29823112487793,16.460893630981445,17.071306228637695,18.744630813598633,22.951025009155273,16.756467819213867,21.39009666442871,22.820037841796875,18.451120376586914,14.881085395812988,11.311406135559082,10.966093063354492,9.955700874328613,9.598280906677246,12.905241012573242,15.76760196685791,14.899618148803711,12.275912284851074,13.799711227416992,15.01906967163086,16.665992736816406,13.989057540893555,6.5640130043029785,8.936746597290039,10.326995849609375,11.443111419677734,15.23785400390625,11.70940113067627,8.445455551147461,8.125638961791992,-260.0065002441406,84.16607666015625,21.867948532104492,13.694436073303223,0.6038132905960083,-4.600282192230225,6.391761779785156,11.194762229919434,-2.7315399646759033,0.2786281406879425,75.2951431274414,13.661048889160156,8.010655403137207,7.30669641494751,13.332324981689453,12.481939315795898,3.2301533222198486,4.566893100738525,5.472151756286621,2.411259412765503,0.20204153656959534,0.6967493295669556,0.40617987513542175,0.18872210383415222,0.3810570538043976,0.465607613325119,0.14717546105384827,0.09632900357246399,0.1842024028301239,0.1449916809797287,0.13384507596492767,0.20097552239894867,0.11536329984664917,0.3992631137371063,0.23082689940929413,0.21533803641796112,0.4258686602115631,0.2976241409778595,0.1489442139863968,0.12770520150661469,0.1206374540925026,0.1730508953332901,0.14177969098091125,0.16786010563373566,914.9787381996599,1149.228549612094,1638.593380166517,0.029599360136310905,0.005102699156850576,610.0,620.0,615.0,651.0,661.0,656.0,1,chanting
P6,-18.561752319335938,-12.314554214477539,-12.369176864624023,-22.774831771850586,-29.280670166015625,-33.40149688720703,-36.00281524658203,-42.82876205444336,-44.60245895385742,-46.58465576171875,-45.33747863769531,-44.584651947021484,-50.75202941894531,-55.56594467163086,-57.07987976074219,-57.18180847167969,-49.829105377197266,-50.12196350097656,-50.016448974609375,-56.960567474365234,-63.852386474609375,-58.238346099853516,-52.979652404785156,-59.051673889160156,-70.27749633789062,-73.82533264160156,-69.91573333740234,-72.9438705444336,-68.27725219726562,-67.12043762207031,-72.03201293945312,-74.09182739257812,2.6633083820343018,7.471497058868408,14.399847030639648,12.271883010864258,12.268178939819336,11.816017150878906,13.278120994567871,9.120858192443848,8.082131385803223,8.458233833312988,8.173227310180664,10.067300796508789,7.337312698364258,7.666437149047852,8.258464813232422,7.175332546234131,10.335115432739258,10.922094345092773,11.097530364990234,8.261832237243652,8.184761047363281,10.088471412658691,13.130370140075684,10.61846923828125,5.1081013679504395,4.234853267669678,6.0412187576293945,3.7879350185394287,6.7010273933410645,5.913193702697754,3.9247870445251465,4.743868350982666,-286.15850830078125,89.93499755859375,18.051753997802734,26.462783813476562,11.512072563171387,-0.6875737905502319,6.9709391593933105,1.6531885862350464,-2.4751970767974854,-4.6341423988342285,44.0283317565918,12.467300415039062,8.124214172363281,6.16361141204834,4.333662509918213,7.985147953033447,3.7828292846679688,6.66306209564209,3.7345268726348877,4.170785903930664,0.2928234338760376,0.8054445385932922,0.2988806366920471,0.1585586816072464,0.24855801463127136,0.19541823863983154,0.07167483121156693,0.07299987226724625,0.12467842549085617,0.07704630494117737,0.04558375105261803,0.04188965633511543,0.13403666019439697,0.3629395365715027,0.193283349275589,0.23956015706062317,0.40843459963798523,0.3205873668193817,0.14113928377628326,0.12208285182714462,0.11492157727479935,0.12764035165309906,0.09166881442070007,0.06089647114276886,648.1190240602604,732.4036919047273,1321.0584243988899,0.023525866444315546,0.0036797092761844397,620.0,630.0,625.0,661.0,671.0,666.0,1,chanting
P6,-15.426843643188477,-8.481118202209473,-6.861714839935303,-14.92531681060791,-20.541658401489258,-21.770618438720703,-22.331985473632812,-30.770252227783203,-28.671598434448242,-30.079378128051758,-32.319522857666016,-32.62694549560547,-41.819496154785156,-45.58159255981445,-51.09817886352539,-51.758270263671875,-45.078453063964844,-43.24678421020508,-41.176002502441406,-47.50572967529297,-54.051246643066406,-49.69075393676758,-46.2761344909668,-50.99100112915039,-64.59036254882812,-69.58978271484375,-64.20417022705078,-60.11537551879883,-57.30222702026367,-57.294898986816406,-62.515480041503906,-67.42302703857422,3.359015703201294,6.245330810546875,12.534600257873535,11.226205825805664,11.75696086883545,12.17105484008789,15.479360580444336,11.152118682861328,13.182976722717285,14.40639591217041,13.001879692077637,10.218207359313965,7.570252418518066,7.372846603393555,6.033324718475342,6.124596118927002,7.35791015625,9.457467079162598,10.136739730834961,8.191434860229492,9.313427925109863,9.783283233642578,10.095588684082031,9.016196250915527,4.742284297943115,6.809610366821289,6.771408557891846,9.546581268310547,12.87205696105957,7.282286167144775,5.137340068817139,5.563638687133789,-236.19415283203125,92.87132263183594,16.32626724243164,15.502379417419434,2.1198370456695557,-7.487166404724121,9.394280433654785,5.503377914428711,-7.372291088104248,-1.951196551322937,46.789764404296875,11.528365135192871,5.645431995391846,6.421060562133789,9.991862297058105,8.558320045471191,2.935114860534668,7.956244468688965,5.3763813972473145,5.226912975311279,0.4808560609817505,0.8571780920028687,0.2059694528579712,0.11789519339799881,0.24736636877059937,0.20797120034694672,0.043150827288627625,0.09567123651504517,0.18307854235172272,0.0684620589017868,0.07287909090518951,0.07652554661035538,0.2731752097606659,0.3133796453475952,0.10883353650569916,0.2444053292274475,0.33053791522979736,0.23751609027385712,0.09362981468439102,0.08558627963066101,0.12431420385837555,0.13145965337753296,0.10930218547582626,0.08554530888795853,870.6079313265521,1140.3354866045534,1516.6414440772783,0.027921530597447796,0.005290033295750618,630.0,640.0,635.0,671.0,681.0,676.0,1,chanting
P6,-17.66217041015625,-15.466375350952148,-19.69895362854004,-27.139827728271484,-32.638301849365234,-34.55543899536133,-37.111793518066406,-41.478057861328125,-39.69969940185547,-42.11931228637695,-43.287017822265625,-46.131893157958984,-51.375244140625,-56.50368118286133,-59.30307388305664,-59.049766540527344,-54.73216247558594,-53.81618118286133,-53.15096664428711,-57.55508804321289,-62.66448211669922,-59.88698959350586,-58.31382751464844,-61.9853630065918,-70.3624038696289,-70.86255645751953,-68.78788757324219,-67.62913513183594,-65.0085220336914,-65.1224365234375,-68.90033721923828,-72.20475006103516,4.564395427703857,8.14354419708252,16.18787956237793,15.238174438476562,16.31516456604004,17.427892684936523,20.39264488220215,16.222232818603516,19.180795669555664,20.58186912536621,17.358993530273438,14.402750968933105,11.173380851745605,10.13381290435791,9.925277709960938,8.6110258102417,11.794843673706055,14.89423942565918,16.22528839111328,13.28720760345459,12.984992980957031,14.657951354980469,15.693184852600098,13.21358585357666,6.4226837158203125,7.698764801025391,9.376198768615723,10.866482734680176,14.039843559265137,10.318962097167969,7.2241597175598145,7.504308223724365,-288.8891296386719,84.25505065917969,22.083581924438477,16.948017120361328,6.753852844238281,-0.42037856578826904,9.268204689025879,9.016263008117676,-2.092949867248535,-0.9923120737075806,69.32833862304688,12.914161682128906,9.219996452331543,7.080142021179199,12.924384117126465,12.448917388916016,4.17061185836792,6.12798547744751,6.391841411590576,4.4005866050720215,0.2985750138759613,0.5706201195716858,0.2807951867580414,0.3386816382408142,0.547719419002533,0.42617860436439514,0.14755327999591827,0.15363308787345886,0.17974939942359924,0.13550399243831635,0.13465473055839539,0.1497783213853836,0.25870394706726074,0.42295610904693604,0.2054615169763565,0.30608975887298584,0.4223533868789673,0.3172224462032318,0.16621360182762146,0.16730627417564392,0.13948099315166473,0.150485560297966,0.12213687598705292,0.1689603179693222,752.0925244296575,864.4007282301334,1518.0462885317463,0.02435741734338747,0.003015192924067378,640.0,650.0,645.0,681.0,691.0,686.0,1,chanting
P6,-17.30230712890625,-10.297805786132812,-6.939031600952148,-16.148271560668945,-21.922760009765625,-27.490140914916992,-28.45652198791504,-33.15321731567383,-32.92994689941406,-36.71175765991211,-38.75542449951172,-40.623268127441406,-45.21318435668945,-50.332157135009766,-54.42529296875,-55.691307067871094,-46.59409713745117,-45.246429443359375,-42.23268127441406,-49.56964111328125,-56.835147857666016,-50.443721771240234,-45.46379852294922,-51.9247932434082,-66.73751068115234,-72.23932647705078,-68.62963104248047,-66.67626953125,-62.30743408203125,-60.95155715942383,-67.05255126953125,-71.07347869873047,2.8106181621551514,5.911265850067139,10.06842041015625,9.664509773254395,9.646505355834961,10.291252136230469,15.215389251708984,10.03011703491211,11.417492866516113,14.585460662841797,9.10737419128418,7.946133613586426,7.788946628570557,9.076325416564941,8.234268188476562,6.049910068511963,9.051191329956055,9.866255760192871,10.692256927490234,8.598946571350098,10.660619735717773,9.61030387878418,10.983214378356934,9.597825050354004,5.32205057144165,5.106257438659668,6.446893215179443,8.963659286499023,11.285032272338867,7.256016731262207,4.946096897125244,5.815649032592773,-254.62393188476562,92.52810668945312,16.273168563842773,24.602489471435547,3.843940496444702,-8.654301643371582,9.987064361572266,2.877103328704834,-5.071874618530273,-2.8706705570220947,45.73143768310547,8.680771827697754,8.080785751342773,6.322388648986816,7.344399452209473,8.338220596313477,3.160646677017212,6.294302463531494,3.2324583530426025,5.464808464050293,0.26406770944595337,0.9355199933052063,0.40091803669929504,0.10079079121351242,0.12216781079769135,0.10908322781324387,0.02826419472694397,0.04466264322400093,0.16025225818157196,0.06527355313301086,0.03498019278049469,0.04432620853185654,0.12749724090099335,0.2137794941663742,0.19655096530914307,0.21866461634635925,0.26687946915626526,0.17832054197788239,0.07679164409637451,0.058602526783943176,0.0670187920331955,0.07244160771369934,0.07213620841503143,0.07798460870981216,768.5632079625894,909.2907120069606,1424.2063167357474,0.025029228900812064,0.004468343686312437,650.0,660.0,655.0,691.0,701.0,696.0,1,chanting
P6,-18.030244827270508,-11.402572631835938,-11.192893028259277,-19.415042877197266,-24.356876373291016,-25.30609703063965,-23.983003616333008,-32.6585578918457,-29.431625366210938,-30.909290313720703,-37.303531646728516,-38.974422454833984,-44.95075988769531,-49.66070556640625,-53.38882064819336,-54.441444396972656,-46.81277084350586,-44.673919677734375,-43.80039978027344,-51.486061096191406,-54.126731872558594,-51.392215728759766,-48.51256561279297,-51.97352600097656,-64.54586029052734,-71.11661529541016,-66.39450073242188,-63.57152557373047,-58.32785415649414,-61.18819046020508,-67.42061614990234,-66.7313461303711,3.792603015899658,7.510478973388672,15.29411792755127,13.598193168640137,14.15367317199707,13.764127731323242,17.13217544555664,13.31204605102539,16.693256378173828,17.540727615356445,13.79570198059082,11.749972343444824,9.852736473083496,8.695208549499512,7.505921840667725,6.260901927947998,8.920202255249023,11.34943675994873,13.371834754943848,10.531922340393066,11.001955032348633,12.41051197052002,13.84896183013916,12.487899780273438,6.217235088348389,5.645179271697998,7.128657341003418,10.052030563354492,11.82718276977539,9.672796249389648,6.122751712799072,7.428593158721924,-250.57754516601562,89.95931243896484,15.90782356262207,17.05665397644043,0.04807616025209427,-9.016877174377441,9.09390926361084,6.262905120849609,-2.669342279434204,-0.8968185782432556,57.98283767700195,10.631794929504395,6.292470932006836,7.059957504272461,10.809017181396484,10.619245529174805,3.0042378902435303,7.77804708480835,5.419945240020752,4.127020359039307,0.4267069399356842,0.7524272203445435,0.22434556484222412,0.19238947331905365,0.3574550151824951,0.25385573506355286,0.06723497062921524,0.09964215755462646,0.14996008574962616,0.06386364251375198,0.103596992790699,0.09956803172826767,0.3148778975009918,0.3711879551410675,0.1212046891450882,0.3128716051578522,0.3900655508041382,0.24929159879684448,0.12077373266220093,0.10852012038230896,0.07830546051263809,0.08221158385276794,0.10723967850208282,0.0939212366938591,870.6890911060558,1091.4486205771461,1527.2846615809879,0.02607716429814385,0.004962031729519367,660.0,670.0,665.0,701.0,711.0,706.0,1,chanting
P6,-17.555147171020508,-12.67993450164795,-13.776714324951172,-22.36492156982422,-28.301532745361328,-31.25528907775879,-31.732074737548828,-36.48701095581055,-36.083518981933594,-38.12592315673828,-40.7165641784668,-41.747066497802734,-47.42985916137695,-53.52465057373047,-57.864013671875,-57.278324127197266,-49.65436553955078,-49.038848876953125,-48.012168884277344,-54.407230377197266,-60.03116989135742,-55.81381607055664,-52.742767333984375,-55.716552734375,-66.51448059082031,-72.02320861816406,-67.63612365722656,-67.17674255371094,-63.65562057495117,-63.63591766357422,-69.15001678466797,-69.78719329833984,3.6730709075927734,7.79511022567749,15.654173851013184,14.446454048156738,15.04076862335205,15.33307933807373,19.128084182739258,15.155895233154297,16.647621154785156,18.81329345703125,16.0780029296875,14.206828117370605,12.061641693115234,10.676923751831055,9.491504669189453,8.227203369140625,12.32775592803955,14.19115924835205,15.26295280456543,12.472055435180664,12.060087203979492,13.930242538452148,15.395475387573242,14.255434036254883,8.168604850769043,6.375513076782227,8.392114639282227,9.443408012390137,12.549338340759277,10.157880783081055,6.618624687194824,7.804689407348633,-270.80755615234375,88.26045989990234,18.759061813354492,19.33696937561035,4.099977970123291,-3.6335880756378174,9.892062187194824,6.55672550201416,-1.7748593091964722,-3.307252883911133,65.80030059814453,12.01536750793457,8.937684059143066,7.337966442108154,10.648346900939941,10.843886375427246,3.116426944732666,6.218315601348877,5.000340461730957,4.968114852905273,0.3348168134689331,0.7232855558395386,0.272230863571167,0.22582794725894928,0.33680158853530884,0.265915185213089,0.07918554544448853,0.1003473624587059,0.15425582230091095,0.07954394072294235,0.0695418193936348,0.08346628397703171,0.23308444023132324,0.3965129256248474,0.19458873569965363,0.3080938458442688,0.41403210163116455,0.28402337431907654,0.12266533076763153,0.11457744240760803,0.09872913360595703,0.10866262763738632,0.08927834033966064,0.09437649697065353,776.5872882856522,929.1752012035963,1473.90521699202,0.024171621229698376,0.003955761902034283,670.0,680.0,675.0,711.0,721.0,716.0,1,chanting
P6,-17.29941749572754,-13.957856178283691,-15.65198040008545,-24.27297592163086,-29.67994499206543,-32.727840423583984,-36.19476318359375,-40.31483459472656,-40.27949905395508,-42.98466491699219,-42.94118881225586,-43.54595947265625,-49.24756622314453,-55.58022689819336,-59.63942337036133,-58.5305061340332,-51.230003356933594,-51.42436599731445,-50.73850631713867,-56.24986267089844,-63.45838928222656,-58.816768646240234,-56.22338104248047,-58.40013122558594,-67.98797607421875,-73.43114471435547,-70.47980499267578,-69.44325256347656,-66.62799072265625,-65.56881713867188,-71.00756072998047,-71.95735931396484,3.243126153945923,7.268309116363525,14.70792007446289,13.508038520812988,14.043289184570312,13.826959609985352,17.13865089416504,13.614715576171875,15.638886451721191,17.203214645385742,14.805851936340332,13.711165428161621,11.106660842895508,10.360428810119629,9.369715690612793,8.242168426513672,11.502198219299316,13.36717414855957,14.6576566696167,11.944245338439941,11.226895332336426,13.585541725158691,14.709144592285156,13.247149467468262,7.065059661865234,5.416680335998535,7.687000274658203,8.941917419433594,11.7644624710083,9.35184383392334,5.924248218536377,7.619136810302734,-283.8846130371094,88.60337829589844,19.78654670715332,20.704181671142578,7.509584426879883,-1.2390445470809937,9.27387809753418,5.531606674194336,-1.9846423864364624,-4.4329915046691895,60.94982147216797,10.794778823852539,10.056633949279785,8.831182479858398,9.626049995422363,9.86277961730957,3.418673276901245,6.083637237548828,5.126192569732666,5.59334659576416,0.2991551458835602,0.7187928557395935,0.3505944609642029,0.2680188715457916,0.37624138593673706,0.29231590032577515,0.11271557956933975,0.14034047722816467,0.21896354854106903,0.14623767137527466,0.10602207481861115,0.09412844479084015,0.22274962067604065,0.3853051960468292,0.24097904562950134,0.3137945532798767,0.41456568241119385,0.3043651282787323,0.1724967509508133,0.1750434935092926,0.2093118280172348,0.2189057320356369,0.15975695848464966,0.10792263597249985,701.0285653337667,787.3358423361369,1410.2433211898442,0.022867649724477957,0.0030389439780265093,680.0,690.0,685.0,721.0,731.0,726.0,1,chanting
P6,-17.20766258239746,-10.204180717468262,-5.979821681976318,-17.808839797973633,-23.172283172607422,-28.297056198120117,-30.711519241333008,-34.1293830871582,-34.75728988647461,-39.76861572265625,-42.55495834350586,-38.569217681884766,-42.764183044433594,-50.9656867980957,-56.43623733520508,-56.19266128540039,-46.46860885620117,-45.111778259277344,-42.766910552978516,-53.481117248535156,-60.31980895996094,-55.03242874145508,-49.160945892333984,-50.456016540527344,-63.81201934814453,-73.33263397216797,-69.28331756591797,-69.00688934326172,-62.699764251708984,-62.704105377197266,-68.89545440673828,-67.81302642822266,2.44220232963562,4.973556995391846,7.7681498527526855,7.939357757568359,7.820992946624756,7.668272018432617,12.782894134521484,9.8358793258667,10.625906944274902,13.213933944702148,7.254357814788818,7.605818748474121,6.336587905883789,6.674196720123291,5.9577178955078125,5.023638725280762,8.132563591003418,8.86357307434082,9.744087219238281,7.2805376052856445,8.465911865234375,8.52074909210205,9.266008377075195,8.866573333740234,6.371039390563965,4.518951416015625,6.037569522857666,8.132274627685547,10.676371574401855,8.128028869628906,6.536238193511963,8.884448051452637,-259.8377685546875,92.50975036621094,17.97946548461914,23.219051361083984,6.6991705894470215,-5.024504661560059,8.903255462646484,0.860124409198761,-2.2305541038513184,-7.020582675933838,41.224098205566406,7.063568115234375,4.719302654266357,6.467081546783447,6.382147789001465,8.218928337097168,2.6807034015655518,4.170820236206055,2.074568748474121,4.347853660583496,0.25732702016830444,0.9381119012832642,0.4156264364719391,0.08342084288597107,0.07312152534723282,0.059646956622600555,0.01762140728533268,0.030147124081850052,0.10276883840560913,0.04199555888772011,0.017125582322478294,0.027670789510011673,0.09849973767995834,0.1946634203195572,0.24031376838684082,0.187785804271698,0.21445158123970032,0.13111938536167145,0.05113361030817032,0.04757460206747055,0.06093321740627289,0.049658212810754776,0.037436291575431824,0.03910369053483009,723.3978901950895,910.1150689711427,1368.239733201092,0.025070013413573084,0.004150580149143934,690.0,700.0,695.0,731.0,741.0,736.0,1,chanting
P6,-16.677316665649414,-10.869033813476562,-10.586825370788574,-18.854633331298828,-23.40335464477539,-24.593942642211914,-25.956504821777344,-31.57764434814453,-29.467422485351562,-33.43616485595703,-38.73239517211914,-37.670597076416016,-43.293766021728516,-48.3684196472168,-51.153228759765625,-52.27389144897461,-46.10869598388672,-43.550350189208984,-43.11943054199219,-51.168087005615234,-54.889747619628906,-51.46074676513672,-48.642066955566406,-51.92836380004883,-64.95256805419922,-70.07610321044922,-65.0494384765625,-65.08826446533203,-59.94091796875,-60.307701110839844,-66.88217163085938,-66.53834533691406,3.96419358253479,7.834958553314209,15.062042236328125,12.615813255310059,13.069120407104492,14.31727123260498,17.369754791259766,14.936077117919922,17.112098693847656,17.41988754272461,13.33093547821045,11.47385025024414,9.527652740478516,7.7272796630859375,7.538210391998291,6.9386796951293945,10.13682746887207,12.486547470092773,14.59189224243164,10.826069831848145,10.23873519897461,12.722820281982422,15.112227439880371,13.6860933303833,6.3497419357299805,5.992950916290283,7.4141845703125,8.823511123657227,12.400294303894043,10.658480644226074,6.528656959533691,7.69349479675293,-248.6573028564453,90.66980743408203,14.723589897155762,17.61772918701172,3.0796992778778076,-7.5705180168151855,7.736629486083984,4.429818153381348,-2.0030221939086914,-1.050770878791809,59.297245025634766,9.354756355285645,6.708522319793701,7.8044939041137695,10.905345916748047,11.317221641540527,2.5357589721679688,7.305602073669434,4.069249153137207,4.496392726898193,0.3888106942176819,0.718962550163269,0.2507599890232086,0.22234733402729034,0.37381109595298767,0.2547411024570465,0.08634839951992035,0.10834085196256638,0.15808480978012085,0.09911128133535385,0.12600675225257874,0.10862845927476883,0.3152916729450226,0.38851115107536316,0.13986407220363617,0.32955124974250793,0.4113002121448517,0.27953484654426575,0.14395804703235626,0.12924319505691528,0.1216607466340065,0.14314359426498413,0.1770324409008026,0.14652849733829498,823.348037248503,1033.0191981764792,1471.9906888119306,0.02717041582076566,0.004775571171194315,700.0,710.0,705.0,741.0,751.0,746.0,1,chanting
P6,-17.396408081054688,-15.579035758972168,-16.919748306274414,-24.992250442504883,-29.550708770751953,-31.250579833984375,-33.7640380859375,-39.18043899536133,-37.792091369628906,-39.69192886352539,-40.33897399902344,-41.72756576538086,-45.85920333862305,-50.02032470703125,-52.99146270751953,-55.04172134399414,-50.9390983581543,-49.68569564819336,-49.43278121948242,-56.33755111694336,-59.17557144165039,-55.52899932861328,-54.835018157958984,-59.57881546020508,-70.46815490722656,-72.24740600585938,-69.78079986572266,-69.13367462158203,-65.96635437011719,-65.52163696289062,-71.8315200805664,-73.55311584472656,3.8523805141448975,7.368285179138184,14.675578117370605,11.920652389526367,12.115373611450195,13.71126937866211,17.679546356201172,13.491010665893555,16.629758834838867,17.624542236328125,15.05522346496582,11.891449928283691,8.751277923583984,8.012264251708984,8.99284839630127,7.698451042175293,9.745795249938965,12.555529594421387,13.468649864196777,10.004583358764648,10.469426155090332,12.01308536529541,14.610054016113281,13.431568145751953,5.778705596923828,7.393054008483887,8.452804565429688,9.276078224182129,12.460962295532227,10.523883819580078,6.5128583908081055,8.339512825012207,-276.85223388671875,90.50068664550781,11.92367172241211,17.292499542236328,7.043951034545898,-0.5020542144775391,9.015583038330078,4.546149730682373,-3.720472812652588,0.6942659616470337,57.128929138183594,9.466330528259277,8.86365795135498,8.401898384094238,12.522390365600586,11.413180351257324,4.4462361335754395,6.173488140106201,4.6946868896484375,6.309307098388672,0.38881102204322815,0.7452396154403687,0.3490228056907654,0.26044824719429016,0.3996148407459259,0.36791256070137024,0.1679760068655014,0.18301494419574738,0.2253308743238449,0.17246776819229126,0.17443065345287323,0.17692987620830536,0.2457536906003952,0.33531734347343445,0.2203644961118698,0.3211978077888489,0.40134215354919434,0.3378770053386688,0.23245558142662048,0.23225624859333038,0.23215654492378235,0.24511590600013733,0.22516800463199615,0.2094508409500122,737.3556604215123,992.925473100348,1369.5330755042344,0.025798470127610208,0.0036928800400346518,710.0,720.0,715.0,751.0,761.0,756.0,1,chanting
P6,-16.10287857055664,-11.67538833618164,-9.823445320129395,-19.535123825073242,-24.764780044555664,-29.594863891601562,-32.881011962890625,-36.924171447753906,-38.566986083984375,-41.49282455444336,-41.86958312988281,-39.04256057739258,-42.431392669677734,-47.759761810302734,-51.51646041870117,-52.4890022277832,-46.264339447021484,-44.89070510864258,-44.1086311340332,-54.51966857910156,-60.68941116333008,-55.08498764038086,-50.02613830566406,-53.552982330322266,-66.74549865722656,-73.69701385498047,-69.91741943359375,-70.5033187866211,-67.60246276855469,-64.82437133789062,-69.57565307617188,-71.47000122070312,2.3142008781433105,6.290485858917236,12.449871063232422,10.505379676818848,10.11508846282959,9.421244621276855,12.450135231018066,9.963713645935059,9.437565803527832,9.186105728149414,7.012812614440918,9.127082824707031,7.215487480163574,6.40391731262207,6.773105621337891,4.86112117767334,7.404538154602051,9.273443222045898,10.978759765625,6.555367946624756,6.358593940734863,7.814587593078613,11.413189888000488,10.930130004882812,5.7099738121032715,3.535386562347412,5.455982685089111,5.205367088317871,8.293489456176758,6.55909538269043,4.444513320922852,6.655532360076904,-265.1549377441406,93.77528381347656,11.13148021697998,22.938587188720703,11.261055946350098,-1.1214345693588257,7.744490623474121,-1.2794679403305054,-1.9210995435714722,-4.5610032081604,39.54037094116211,8.472253799438477,5.396552562713623,6.760988235473633,6.170040130615234,7.731993675231934,4.02980375289917,5.034046649932861,3.2650701999664307,6.391626358032227,0.25242576003074646,0.8668544292449951,0.39629310369491577,0.16750159859657288,0.19744107127189636,0.1613568812608719,0.0790204256772995,0.08066970109939575,0.15015408396720886,0.08215378224849701,0.05061837285757065,0.05344020947813988,0.09297513216733932,0.2825485169887543,0.15370513498783112,0.28853222727775574,0.36597830057144165,0.280931681394577,0.1712549775838852,0.1508197784423828,0.11789990216493607,0.12780572474002838,0.12496978044509888,0.10349646210670471,668.1878435856374,870.1462464653422,1291.2660285443912,0.02384761093387471,0.003647553501650691,720.0,730.0,725.0,761.0,771.0,766.0,4,viparita_swasa
P6,-14.80642318725586,-8.54601764678955,-6.262894630432129,-16.569669723510742,-22.156108856201172,-24.11102867126465,-23.061054229736328,-30.812715530395508,-30.303268432617188,-32.786399841308594,-38.102413177490234,-35.69868087768555,-41.239463806152344,-46.91810607910156,-50.02302551269531,-51.95825958251953,-45.07597351074219,-43.38547897338867,-42.5352783203125,-51.31499099731445,-56.082847595214844,-51.74357604980469,-47.35609436035156,-49.242984771728516,-63.551918029785156,-70.49817657470703,-65.99504852294922,-65.42747497558594,-60.649452209472656,-60.91386795043945,-67.25587463378906,-66.02970123291016,2.5981192588806152,6.284022808074951,11.887762069702148,9.635394096374512,10.552045822143555,11.661928176879883,15.037652015686035,12.30280876159668,14.48388385772705,15.673161506652832,12.770469665527344,10.06563663482666,6.745248794555664,5.4888997077941895,5.075262069702148,4.728621959686279,8.057411193847656,9.776970863342285,10.870189666748047,8.44716739654541,8.665754318237305,9.908845901489258,11.271550178527832,10.965662002563477,5.42846155166626,4.6562113761901855,6.5804762840271,8.135725975036621,10.917427062988281,9.270098686218262,5.308162212371826,6.21832799911499,-244.0250701904297,94.82463836669922,15.4156494140625,18.923192977905273,3.6698012351989746,-5.626160621643066,8.21350383758545,1.8259328603744507,-1.2159398794174194,-2.3814172744750977,46.566829681396484,8.67375373840332,4.234043121337891,8.15811538696289,11.36792278289795,10.819185256958008,2.990696668624878,8.282980918884277,3.2780396938323975,5.930444240570068,0.42398878931999207,0.8634870052337646,0.27061915397644043,0.133163183927536,0.23427936434745789,0.1895567923784256,0.0632714331150055,0.08907486498355865,0.1389819234609604,0.07355740666389465,0.09108982235193253,0.10127977281808853,0.23719793558120728,0.27249759435653687,0.14837881922721863,0.2804678976535797,0.3498157858848572,0.24539592862129211,0.14997975528240204,0.14383824169635773,0.13399624824523926,0.14636944234371185,0.14596852660179138,0.1420571506023407,726.5484855510481,821.6091076348608,1340.2852749781323,0.02615193590487239,0.0046725282445549965,730.0,740.0,735.0,771.0,781.0,776.0,4,viparita_swasa
P6,-21.480070114135742,-21.771480560302734,-26.297319412231445,-33.51689529418945,-39.03680419921875,-41.420135498046875,-44.22854232788086,-48.492095947265625,-46.8715934753418,-49.318546295166016,-49.332603454589844,-52.5339241027832,-58.19019317626953,-62.27842330932617,-64.07124328613281,-64.1748275756836,-60.5483512878418,-59.55232238769531,-59.69046401977539,-64.91619873046875,-68.70964050292969,-65.8931884765625,-64.37273406982422,-67.26821899414062,-74.18885803222656,-76.03079986572266,-74.38410949707031,-72.31317901611328,-70.2804946899414,-71.83124542236328,-75.71460723876953,-77.02281951904297,5.01713228225708,7.675377368927002,15.498398780822754,14.346351623535156,15.575737953186035,16.546524047851562,19.080615997314453,15.547234535217285,17.740327835083008,18.886272430419922,16.97554588317871,12.993632316589355,8.906157493591309,8.77562141418457,8.449625015258789,8.210590362548828,10.97955322265625,13.672310829162598,14.107598304748535,11.105886459350586,11.077357292175293,13.288223266601562,14.142902374267578,11.708610534667969,5.454926490783691,5.740848064422607,7.919135093688965,10.893994331359863,13.113090515136719,8.496062278747559,5.832492828369141,5.034839630126953,-322.7468566894531,82.36244201660156,22.579334259033203,18.108867645263672,7.798547267913818,2.3788626194000244,8.578527450561523,8.72671127319336,-0.5031729340553284,-0.8704878687858582,61.94120788574219,13.920534133911133,8.651443481445312,7.755008220672607,13.260395050048828,12.012273788452148,3.608041524887085,6.412452220916748,5.790542125701904,5.354468822479248,0.26249659061431885,0.5484763383865356,0.4649014472961426,0.32168087363243103,0.5167453289031982,0.48618364334106445,0.21699513494968414,0.20445363223552704,0.22138307988643646,0.19217616319656372,0.16514942049980164,0.16778415441513062,0.2403174191713333,0.3530712127685547,0.30855798721313477,0.2660732567310333,0.4229263663291931,0.3630479872226715,0.21589142084121704,0.22520962357521057,0.18904857337474823,0.2037949562072754,0.1743975728750229,0.15789738297462463,667.5117513748444,727.2577060071055,1444.084488084666,0.020581451203596286,0.0029844390228390694,740.0,750.0,745.0,781.0,791.0,786.0,4,viparita_swasa
P6,-15.637574195861816,-10.296210289001465,-6.93479061126709,-15.522098541259766,-21.575048446655273,-27.391225814819336,-29.22890281677246,-30.833866119384766,-31.02080535888672,-37.11128616333008,-37.3154182434082,-35.356712341308594,-40.78723907470703,-49.458045959472656,-54.75105285644531,-54.864925384521484,-46.11953353881836,-45.92050552368164,-43.18229675292969,-49.267311096191406,-61.285545349121094,-55.34054946899414,-49.201866149902344,-52.02545928955078,-64.84695434570312,-73.74111938476562,-70.7171630859375,-68.21488952636719,-62.837528228759766,-60.72066116333008,-66.70855712890625,-70.180419921875,2.077965497970581,5.395890235900879,9.322237014770508,9.05281925201416,9.046070098876953,9.546406745910645,14.260443687438965,9.115199089050293,10.762946128845215,13.557317733764648,8.646886825561523,8.13675308227539,7.037290096282959,7.061975002288818,6.494941711425781,5.552290916442871,7.9263434410095215,9.037994384765625,9.504215240478516,7.677608013153076,7.657464504241943,8.47105598449707,9.438983917236328,9.390419960021973,6.210540294647217,3.8224246501922607,5.012318134307861,8.291348457336426,10.025349617004395,5.963852882385254,4.1894612312316895,7.6805219650268555,-254.2748260498047,97.13724517822266,16.129833221435547,18.416324615478516,5.543275833129883,-5.7830939292907715,10.597492218017578,2.741053581237793,-3.9885947704315186,-6.039153099060059,40.32084274291992,7.863924980163574,7.406688690185547,4.220887660980225,7.216654300689697,7.650955677032471,3.6977856159210205,5.907068252563477,3.352652072906494,4.632375240325928,0.3136764168739319,0.9538065791130066,0.34582051634788513,0.08546362817287445,0.10067317634820938,0.09565551578998566,0.031207216903567314,0.06190764158964157,0.1981697380542755,0.07067880034446716,0.042465947568416595,0.05893101170659065,0.11260674893856049,0.17281965911388397,0.15678854286670685,0.19676616787910461,0.2408374547958374,0.17763946950435638,0.0943208709359169,0.08148818463087082,0.07434192299842834,0.08220300078392029,0.09149900078773499,0.10159230977296829,702.8793276317778,853.359341012906,1343.0219169824504,0.024808312790023202,0.004477803595364094,750.0,760.0,755.0,791.0,801.0,796.0,4,viparita_swasa
P6,-24.838212966918945,-30.00790023803711,-43.270084381103516,-48.70901107788086,-54.953033447265625,-56.079708099365234,-58.417686462402344,-60.37289810180664,-60.39366149902344,-61.776973724365234,-61.77341842651367,-61.88931655883789,-63.88249206542969,-65.71753692626953,-67.42326354980469,-68.39340209960938,-67.5157699584961,-68.08879852294922,-69.2999038696289,-71.01782989501953,-73.39134216308594,-74.62248229980469,-75.60282135009766,-76.66448211669922,-76.50823211669922,-77.16836547851562,-76.4930648803711,-76.63369750976562,-76.44536590576172,-77.19226837158203,-77.76558685302734,-78.6904067993164,3.4627203941345215,3.339674472808838,3.6442954540252686,3.867353916168213,4.483645439147949,5.2712202072143555,5.146649360656738,4.845224857330322,4.8882155418396,5.0600905418396,5.538649559020996,6.381901741027832,6.151398658752441,6.36836576461792,6.879237174987793,6.573755264282227,6.74411678314209,7.0059943199157715,6.897713661193848,6.904849529266357,5.995513916015625,5.954342842102051,5.534178733825684,5.064428806304932,5.0587005615234375,4.552679538726807,5.330715179443359,4.87572717666626,4.825207710266113,4.1321539878845215,3.7930846214294434,2.651197910308838,-367.8721008300781,64.54708099365234,20.955644607543945,16.353567123413086,16.834980010986328,11.849983215332031,9.228856086730957,10.154802322387695,3.9127166271209717,3.181291341781616,24.631437301635742,7.178617477416992,9.189362525939941,4.844429969787598,4.8000898361206055,3.730994701385498,3.1480515003204346,2.8025805950164795,3.186082363128662,2.990166187286377,0.3116811513900757,0.31742310523986816,0.36501458287239075,0.575283408164978,0.9186061024665833,0.7769458293914795,0.40288031101226807,0.3615063726902008,0.3813260495662689,0.3949281573295593,0.343562513589859,0.3195807635784149,0.21435220539569855,0.20329250395298004,0.19877155125141144,0.15454283356666565,0.15469437837600708,0.20565234124660492,0.17494729161262512,0.20950956642627716,0.2313157021999359,0.26022088527679443,0.22673651576042175,0.21726177632808685,704.7032048247294,1020.6038826856148,1680.4027937570172,0.01529532518851508,0.0011090206680819392,760.0,770.0,765.0,801.0,811.0,806.0,4,viparita_swasa
P6,-23.83262062072754,-29.49901008605957,-42.62774658203125,-47.950538635253906,-54.656578063964844,-55.55620193481445,-57.58314514160156,-59.37195587158203,-59.17893600463867,-60.670963287353516,-61.10942840576172,-61.092872619628906,-63.472225189208984,-65.28437042236328,-67.44648742675781,-68.31661987304688,-67.37117767333984,-68.06835174560547,-69.17108917236328,-70.67523193359375,-73.74651336669922,-75.33009338378906,-76.02672576904297,-76.8108901977539,-76.6678695678711,-77.70233917236328,-77.1769027709961,-77.17930603027344,-76.74300384521484,-77.23652648925781,-77.47237396240234,-78.43944549560547,3.790067195892334,3.080315351486206,3.098681688308716,3.708348512649536,3.8054232597351074,4.7298431396484375,4.819943904876709,4.560044765472412,4.947742462158203,4.908811092376709,4.982119083404541,5.762077808380127,5.288914203643799,5.2679572105407715,5.200243949890137,5.129756450653076,5.568377494812012,5.861474514007568,5.9403557777404785,6.041170120239258,4.9706130027771,4.490201473236084,4.417891025543213,4.213994026184082,4.7065629959106445,3.8130128383636475,4.38851261138916,4.227245807647705,4.400078773498535,3.9971132278442383,4.066653251647949,2.9891090393066406,-366.5407409667969,66.92041015625,21.20077133178711,15.286436080932617,16.930299758911133,11.364251136779785,9.910922050476074,10.524787902832031,4.4494476318359375,2.878119945526123,21.082090377807617,6.803158760070801,7.476423263549805,4.253241062164307,4.1840972900390625,3.432706356048584,3.1743297576904297,2.5300986766815186,2.905181646347046,3.0464696884155273,0.3245573937892914,0.3272364139556885,0.3630250096321106,0.5539917349815369,0.9231662750244141,0.8014484643936157,0.42197808623313904,0.3762069046497345,0.3995329737663269,0.41599154472351074,0.36504074931144714,0.33569422364234924,0.2248012125492096,0.2065989077091217,0.18317097425460815,0.15153907239437103,0.1431499570608139,0.1819416582584381,0.17252051830291748,0.2118329405784607,0.23660516738891602,0.2633421719074249,0.22635620832443237,0.21725454926490784,641.4366972378799,843.6169405271172,1617.1717215575404,0.013428300826566125,0.0012551303952932358,770.0,780.0,775.0,811.0,821.0,816.0,4,viparita_swasa
P6,-9.928898811340332,-15.105033874511719,-28.203201293945312,-33.033103942871094,-39.48381423950195,-39.997230529785156,-42.121307373046875,-43.39658737182617,-43.167091369628906,-44.667457580566406,-45.17821502685547,-45.55415344238281,-47.790103912353516,-48.829322814941406,-50.66914749145508,-51.482730865478516,-50.81913375854492,-51.78459930419922,-52.55979919433594,-53.541465759277344,-56.919944763183594,-58.70216369628906,-59.65391159057617,-60.63846969604492,-60.81893539428711,-62.20085144042969,-61.70240783691406,-61.10254669189453,-60.61427307128906,-61.77349090576172,-62.56783676147461,-64.26182556152344,2.341764211654663,2.8530261516571045,2.899294853210449,3.8528478145599365,3.7750308513641357,4.379618167877197,4.264565944671631,3.9053878784179688,4.236618995666504,4.136582851409912,4.387090682983398,5.29480504989624,4.390043258666992,4.595535755157471,4.428887367248535,4.345461845397949,5.214297771453857,5.301605224609375,5.295032978057861,5.3979105949401855,4.045308589935303,4.208619117736816,4.433839321136475,4.618497848510742,4.976529121398926,4.409646511077881,4.915035724639893,4.774106025695801,4.760049343109131,4.5135602951049805,5.0784149169921875,4.199431896209717,-277.2334289550781,65.59872436523438,17.469886779785156,15.56369400024414,16.026811599731445,10.654871940612793,9.100590705871582,10.820815086364746,3.906214952468872,3.9638867378234863,20.23179054260254,7.3689284324646,5.406376361846924,3.8431365489959717,3.28196120262146,2.9901349544525146,3.3063530921936035,2.572319746017456,2.8177855014801025,3.2440829277038574,0.3021288812160492,0.30956000089645386,0.3455083668231964,0.5361848473548889,0.9381428956985474,0.8252947926521301,0.4119476079940796,0.34677964448928833,0.3420127332210541,0.34714215993881226,0.3129306435585022,0.29851552844047546,0.20484432578086853,0.20198863744735718,0.1920624077320099,0.1547117382287979,0.12272869050502777,0.17047084867954254,0.1678304374217987,0.19735169410705566,0.2071988731622696,0.22752253711223602,0.1996324360370636,0.19499418139457703,728.7107915464861,1058.9989328052495,1745.4889451394818,0.01333880147911833,0.0010884846560657024,780.0,790.0,785.0,821.0,831.0,826.0,4,viparita_swasa
P6,-8.658092498779297,-13.766674995422363,-26.181509017944336,-30.472518920898438,-37.10837173461914,-37.546104431152344,-40.019676208496094,-41.84104919433594,-41.67672348022461,-43.27291488647461,-43.45736312866211,-43.531105041503906,-46.35845947265625,-47.378780364990234,-49.36543655395508,-49.858863830566406,-48.725040435791016,-49.57069778442383,-50.7401123046875,-51.91203308105469,-56.15959548950195,-57.619842529296875,-58.529136657714844,-59.35361099243164,-59.44664001464844,-61.18520736694336,-60.505035400390625,-59.92847442626953,-59.866207122802734,-60.568870544433594,-60.68659210205078,-63.30580139160156,2.450460433959961,2.9533541202545166,2.835798740386963,4.1055450439453125,4.34662389755249,4.900684356689453,4.689245223999023,4.109926700592041,4.5015387535095215,4.637829780578613,4.840228080749512,5.9021148681640625,5.114282131195068,5.056389808654785,4.597560405731201,5.022789001464844,5.827973365783691,6.085709571838379,6.139469623565674,6.310612678527832,5.058219909667969,5.050563812255859,5.352855682373047,5.617247581481934,5.887110710144043,5.128061294555664,5.5542893409729,5.782766819000244,5.459832191467285,5.214138507843018,5.974483489990234,4.498786926269531,-268.4524841308594,67.17369079589844,17.334030151367188,15.490504264831543,16.322891235351562,9.835155487060547,8.160482406616211,10.412038803100586,3.607633113861084,2.7913737297058105,23.91466522216797,7.872854709625244,5.900238037109375,3.9587435722351074,3.4309403896331787,2.965444326400757,3.6975207328796387,2.407200336456299,2.8946051597595215,3.19150972366333,0.28901660442352295,0.294745534658432,0.3445081114768982,0.5612471103668213,0.9418603181838989,0.8179312348365784,0.40978407859802246,0.351846843957901,0.35364848375320435,0.35620906949043274,0.31457728147506714,0.2932133674621582,0.20696687698364258,0.18259648978710175,0.17477808892726898,0.1487366110086441,0.11967265605926514,0.16950950026512146,0.17904028296470642,0.21151156723499298,0.22525595128536224,0.2462998777627945,0.2154572308063507,0.2050742357969284,764.7034187933823,1188.9975280053654,1757.3840928546433,0.015523038718097447,0.0010171042522415519,790.0,800.0,795.0,831.0,841.0,836.0,4,viparita_swasa
P6,-5.730531215667725,-10.716574668884277,-23.156129837036133,-27.731271743774414,-34.02864074707031,-34.47774887084961,-36.66490936279297,-38.79924011230469,-38.318458557128906,-39.810325622558594,-40.12691116333008,-40.49626159667969,-43.106201171875,-44.40084457397461,-46.4281005859375,-47.24124526977539,-45.815528869628906,-46.574249267578125,-47.31605911254883,-48.51673126220703,-52.45039367675781,-54.0479850769043,-54.92741775512695,-56.31367492675781,-56.43330383300781,-57.74970245361328,-57.42151641845703,-57.07072067260742,-56.03095245361328,-56.9521369934082,-57.55703353881836,-59.31229019165039,2.262685775756836,2.557817220687866,2.9330496788024902,4.253579616546631,5.055398464202881,5.839685440063477,5.579771518707275,4.867595195770264,5.217677116394043,5.427603244781494,5.732405662536621,6.73973274230957,5.994843482971191,6.24786901473999,6.1666035652160645,6.297111511230469,7.311354160308838,7.593104839324951,7.794077396392822,8.30642032623291,6.988103866577148,6.858451843261719,7.343457221984863,7.363785743713379,7.551088333129883,6.999466419219971,6.988064289093018,7.126983165740967,7.285601615905762,6.799367904663086,7.066057205200195,6.007997989654541,-250.26686096191406,66.40765380859375,17.534215927124023,15.290266036987305,15.98476505279541,9.168225288391113,8.989607810974121,10.51294231414795,3.363264799118042,2.9508869647979736,31.006410598754883,10.363395690917969,7.311166286468506,4.044552803039551,3.724238872528076,3.3705825805664062,3.6072607040405273,2.751298427581787,3.4017856121063232,2.967528820037842,0.28350183367729187,0.29151538014411926,0.3340011239051819,0.5567699670791626,0.95249342918396,0.8230500817298889,0.40679916739463806,0.3491138815879822,0.353456974029541,0.35970520973205566,0.3131491243839264,0.2881971597671509,0.18311083316802979,0.17495959997177124,0.16230283677577972,0.13990046083927155,0.09771858900785446,0.16551445424556732,0.1571284681558609,0.18743710219860077,0.19559581577777863,0.2193191796541214,0.1808158904314041,0.1721663922071457,832.1217543255701,1383.0461612710267,1785.0647989217189,0.018783533932714615,0.001000150921754539,800.0,810.0,805.0,841.0,851.0,846.0,4,viparita_swasa
P6,-6.943602561950684,-11.924356460571289,-24.5519962310791,-28.832853317260742,-34.77751541137695,-35.390567779541016,-37.21332931518555,-39.2307243347168,-39.088138580322266,-40.66670608520508,-41.340171813964844,-41.205810546875,-43.2736930847168,-44.696197509765625,-46.660621643066406,-47.755271911621094,-47.00768280029297,-47.62069320678711,-48.281822204589844,-49.00320816040039,-52.620853424072266,-54.7730598449707,-55.88797378540039,-57.80369567871094,-58.253562927246094,-59.271766662597656,-58.68943786621094,-58.058937072753906,-56.70654296875,-57.883174896240234,-58.724666595458984,-60.85877990722656,2.2417006492614746,2.5064563751220703,2.810020685195923,3.8329896926879883,4.598108768463135,4.900412559509277,4.838624000549316,4.124007225036621,4.3419976234436035,4.407247066497803,4.794490814208984,5.387598037719727,4.91909646987915,5.026953220367432,4.9007158279418945,4.835421562194824,5.222698211669922,5.4419989585876465,5.816417694091797,6.153374195098877,5.1622467041015625,4.894002914428711,5.103008270263672,5.051974773406982,5.324262619018555,4.997448444366455,5.485205173492432,5.526618003845215,5.763294696807861,5.16591739654541,5.552495002746582,4.940672874450684,-255.4418487548828,66.97283935546875,16.375080108642578,14.734783172607422,16.127239227294922,8.721551895141602,8.967656135559082,10.311441421508789,2.471613883972168,4.384174346923828,22.800594329833984,7.864659309387207,5.891828536987305,4.028419494628906,3.547001600265503,3.2250595092773438,3.559464931488037,2.5353779792785645,3.2820029258728027,3.3652114868164062,0.2906157076358795,0.2921537458896637,0.33334067463874817,0.5433347225189209,0.958925724029541,0.8292922973632812,0.40230387449264526,0.33853861689567566,0.3493471145629883,0.3617461025714874,0.3191882073879242,0.2983939051628113,0.2025882452726364,0.18442396819591522,0.17259091138839722,0.1420792192220688,0.08936256915330887,0.15437807142734528,0.16787098348140717,0.19107064604759216,0.1964227259159088,0.2162977010011673,0.18825127184391022,0.18931259214878082,799.2074491872787,1305.2568404691126,1798.7221513455318,0.01601811738689095,0.001012203050777316,810.0,820.0,815.0,851.0,861.0,856.0,4,viparita_swasa
P6,-5.966471195220947,-11.275693893432617,-22.557275772094727,-25.562009811401367,-31.01885414123535,-31.782806396484375,-34.217803955078125,-37.08774185180664,-36.849334716796875,-38.187828063964844,-38.031368255615234,-37.44804000854492,-40.534183502197266,-41.67446517944336,-43.68654251098633,-44.37042236328125,-42.33876419067383,-42.68792724609375,-43.3708610534668,-44.46733474731445,-49.359527587890625,-50.475399017333984,-51.336185455322266,-52.61859130859375,-52.5990104675293,-54.4412956237793,-53.53122329711914,-52.70352554321289,-52.40873336791992,-53.96879577636719,-53.623023986816406,-57.23972702026367,2.3061084747314453,2.7036826610565186,3.450108766555786,4.660030364990234,5.325099468231201,5.450000762939453,4.973140239715576,4.149043560028076,4.598846912384033,4.958402633666992,5.547025680541992,6.38120174407959,5.694634914398193,6.073471546173096,5.5229010581970215,5.621094226837158,6.706485271453857,7.13005256652832,7.5220136642456055,7.5506391525268555,6.157774925231934,6.548304557800293,6.831071376800537,7.070631980895996,7.318698406219482,6.717162132263184,6.984140872955322,7.170198917388916,7.019207000732422,6.515624523162842,7.46951150894165,6.350222587585449,-234.65704345703125,61.561370849609375,15.145224571228027,15.351958274841309,14.833017349243164,8.033684730529785,6.783112525939941,9.79908561706543,1.5915861129760742,2.2072982788085938,29.796363830566406,9.694099426269531,5.5607194900512695,3.7123897075653076,3.636146306991577,2.9569342136383057,3.627467632293701,2.7168736457824707,3.3665785789489746,3.5586981773376465,0.31851741671562195,0.32234159111976624,0.35093361139297485,0.5591353178024292,0.95279860496521,0.8508207201957703,0.43004173040390015,0.35839924216270447,0.3618847131729126,0.3677748441696167,0.33722546696662903,0.3214010000228882,0.2023337185382843,0.18096807599067688,0.15617957711219788,0.13873830437660217,0.09405481070280075,0.14700840413570404,0.15485820174217224,0.180843323469162,0.1998300403356552,0.2236216813325882,0.20394860208034515,0.19695734977722168,1050.4423787473324,2128.639564602668,2042.1979832908387,0.02170075949825986,0.0010480248602107167,820.0,830.0,825.0,861.0,871.0,866.0,4,viparita_swasa
P6,-6.502068042755127,-11.638484001159668,-22.90085220336914,-26.385601043701172,-32.08612823486328,-32.45372009277344,-34.918426513671875,-38.172183990478516,-37.741004943847656,-38.94365310668945,-38.792022705078125,-38.348915100097656,-40.91517639160156,-42.33205032348633,-44.342708587646484,-45.413673400878906,-43.790008544921875,-44.05851364135742,-44.42259979248047,-45.39584732055664,-50.06698226928711,-51.78681564331055,-52.49372100830078,-53.99717330932617,-54.1121940612793,-55.65916061401367,-54.52117919921875,-54.3018913269043,-53.697776794433594,-54.91044616699219,-55.589576721191406,-58.43954849243164,2.292067289352417,2.8526699542999268,3.013150691986084,4.170007705688477,5.246890544891357,5.482259750366211,5.124685287475586,4.582573413848877,4.756542682647705,4.727031230926514,5.48137903213501,6.41538143157959,5.9380950927734375,6.3160271644592285,5.694457530975342,5.549878120422363,6.518956184387207,7.0049824714660645,7.489781379699707,7.797640323638916,6.5985822677612305,6.503726005554199,6.865662097930908,7.064297199249268,7.254288673400879,6.6885480880737305,7.0711236000061035,7.056086540222168,7.325375556945801,6.916660785675049,7.064790725708008,6.2632832527160645,-240.26251220703125,63.043094635009766,15.072360038757324,15.412344932556152,15.024580955505371,8.478279113769531,7.177324295043945,9.786030769348145,1.1281174421310425,2.5756490230560303,29.761281967163086,10.29046630859375,5.608038425445557,3.9998531341552734,3.8175675868988037,2.9047904014587402,3.797455310821533,2.5269570350646973,3.5992629528045654,3.078749418258667,0.3167172372341156,0.32618606090545654,0.3636753559112549,0.5410492420196533,0.9405565857887268,0.8560208082199097,0.4419650137424469,0.34233877062797546,0.34619346261024475,0.3618825674057007,0.3287319242954254,0.3167034387588501,0.21028602123260498,0.19290795922279358,0.17554210126399994,0.16056175529956818,0.09594057500362396,0.15442883968353271,0.15723584592342377,0.18411463499069214,0.20131762325763702,0.22720211744308472,0.203558087348938,0.20363174378871918,1005.2800133571052,1970.5129105640951,1982.8635054112756,0.01974763449825986,0.001032547210343182,830.0,840.0,835.0,871.0,881.0,876.0,4,viparita_swasa
P6,-5.974905014038086,-11.17834758758545,-23.26079750061035,-27.558544158935547,-33.397403717041016,-33.358062744140625,-35.67262649536133,-38.105751037597656,-37.865562438964844,-39.44939041137695,-39.57759475708008,-39.432186126708984,-41.949798583984375,-43.3189697265625,-45.28421401977539,-46.4399299621582,-45.561607360839844,-45.93793487548828,-46.31893539428711,-47.65895080566406,-51.68243408203125,-53.34511947631836,-54.513206481933594,-55.854183197021484,-56.25117874145508,-57.65924072265625,-56.68373489379883,-56.65222930908203,-55.824092864990234,-56.80192184448242,-57.74345779418945,-59.81056213378906,2.319000720977783,2.6113133430480957,2.8628017902374268,3.987720489501953,4.66434383392334,5.251729488372803,5.309525012969971,4.861666202545166,5.023877143859863,4.95973014831543,5.026679039001465,6.379218101501465,5.860946178436279,5.665451526641846,5.019635200500488,4.447040557861328,5.845995903015137,6.241848468780518,6.5676188468933105,6.563104152679443,5.330227851867676,5.444144248962402,5.503344535827637,5.882116794586182,6.145468235015869,5.655998706817627,6.164796829223633,5.7449951171875,6.165060520172119,5.868393898010254,5.914355754852295,5.406670570373535,-247.5090789794922,66.79740142822266,15.710412979125977,14.923151969909668,15.31148624420166,8.96255874633789,8.28227710723877,10.156110763549805,2.415238380432129,3.5217552185058594,25.482534408569336,9.031667709350586,5.706940174102783,4.5755510330200195,4.082799911499023,2.9646685123443604,3.750229835510254,2.538496494293213,3.134293794631958,3.4543795585632324,0.3036103844642639,0.30573707818984985,0.3546736538410187,0.5494663119316101,0.9420617818832397,0.8373521566390991,0.4253922998905182,0.34210678935050964,0.35602104663848877,0.38208553194999695,0.340688019990921,0.316425621509552,0.20289911329746246,0.17574168741703033,0.1640009582042694,0.15576152503490448,0.10909885913133621,0.15320844948291779,0.15247032046318054,0.18442073464393616,0.21092985570430756,0.250460147857666,0.2183098942041397,0.2060173898935318,835.0442736492365,1423.2398084034223,1807.9058063093346,0.01628321671983759,0.000978723051957786,840.0,850.0,845.0,881.0,891.0,886.0,4,viparita_swasa
P6,-6.165198802947998,-11.367379188537598,-23.400798797607422,-26.92793083190918,-32.55829620361328,-32.70611572265625,-34.9246940612793,-37.89023208618164,-37.41703414916992,-38.774574279785156,-39.0364875793457,-38.76716613769531,-41.0568962097168,-42.19780349731445,-44.28645324707031,-45.66596603393555,-44.27547836303711,-44.16655349731445,-43.949527740478516,-45.4085807800293,-50.16093444824219,-51.60433578491211,-52.86970520019531,-53.848018646240234,-54.10186767578125,-55.939476013183594,-54.72266387939453,-54.942108154296875,-54.37642288208008,-54.79268264770508,-56.04988479614258,-58.86581039428711,2.356607675552368,2.576599359512329,2.968902826309204,4.372297286987305,5.297338962554932,5.863715171813965,5.472590446472168,4.5631489753723145,5.365994930267334,5.352370262145996,5.758371829986572,6.877333641052246,6.596914291381836,7.175468444824219,6.551088809967041,5.843327522277832,6.950088024139404,7.768823623657227,8.295064926147461,8.458056449890137,6.89117956161499,6.851604461669922,7.288902759552002,7.633541107177734,7.719232559204102,7.0823974609375,7.64004373550415,7.225870132446289,7.499370574951172,7.623071670532227,7.595973968505859,6.469979286193848,-240.9850311279297,63.42765808105469,14.62493896484375,15.697037696838379,14.801645278930664,8.391792297363281,7.670433521270752,10.200386047363281,1.7643131017684937,3.0485870838165283,32.162841796875,10.542779922485352,6.516271114349365,4.2615885734558105,4.010524272918701,3.077436923980713,3.6442131996154785,2.6882026195526123,3.432992458343506,3.2631759643554688,0.308928906917572,0.3070113956928253,0.3474888205528259,0.5456551909446716,0.9359644651412964,0.837454080581665,0.42471373081207275,0.3523530960083008,0.365349680185318,0.3801648020744324,0.34041473269462585,0.31854018568992615,0.20734794437885284,0.1814769059419632,0.172954723238945,0.15682241320610046,0.11397796124219894,0.15873494744300842,0.16362854838371277,0.19359458982944489,0.21465370059013367,0.24136705696582794,0.21531254053115845,0.2081436961889267,991.1807805705947,1946.331772948086,1936.670403362485,0.021469647259280744,0.0010311537189409137,850.0,860.0,855.0,891.0,901.0,896.0,4,viparita_swasa
P6,-6.299158573150635,-11.313247680664062,-23.171937942504883,-27.10097312927246,-32.68650817871094,-33.20859146118164,-35.28038024902344,-37.81264877319336,-37.422183990478516,-38.791831970214844,-38.796512603759766,-38.45420455932617,-40.77645492553711,-41.527252197265625,-43.54119110107422,-44.68627166748047,-43.43294143676758,-43.9389762878418,-44.3900260925293,-45.69338607788086,-49.906375885009766,-51.62560272216797,-52.790584564208984,-54.212032318115234,-54.40393829345703,-56.28440475463867,-55.38094711303711,-54.90196228027344,-54.22359085083008,-55.306209564208984,-55.96039962768555,-58.981971740722656,2.2749085426330566,2.7148261070251465,3.3494608402252197,4.885450839996338,5.398064136505127,5.940471649169922,5.7260894775390625,4.81630277633667,5.155523300170898,5.265134811401367,6.038642883300781,7.016092777252197,6.293419361114502,6.523135662078857,5.808478355407715,5.893489360809326,7.3439459800720215,7.54957389831543,8.057755470275879,8.288082122802734,6.520925521850586,6.860006332397461,7.301255226135254,7.375548362731934,7.688244342803955,6.733760356903076,7.189444065093994,7.061437129974365,7.2770490646362305,6.979396343231201,7.241915225982666,6.131171226501465,-240.8233642578125,63.80280303955078,13.476090431213379,15.215633392333984,15.796204566955566,8.857810020446777,7.656994342803955,9.880475997924805,2.0262982845306396,3.4716944694519043,31.45574951171875,9.91894245147705,6.600467205047607,3.6231319904327393,4.038482189178467,3.41167950630188,3.7786200046539307,2.7122278213500977,3.448291540145874,3.6907527446746826,0.3170660138130188,0.3148093521595001,0.33250072598457336,0.4915980398654938,0.9286163449287415,0.8764731287956238,0.4578891098499298,0.34948599338531494,0.35486137866973877,0.37215375900268555,0.3399571180343628,0.32352086901664734,0.21948371827602386,0.19608727097511292,0.16597354412078857,0.15551234781742096,0.11456945538520813,0.14566832780838013,0.14924806356430054,0.18377766013145447,0.19800101220607758,0.22647015750408173,0.2109595537185669,0.21012748777866364,975.2893382093748,1879.3340342227377,1915.854030628806,0.021243066632830626,0.0009788627503439784,860.0,870.0,865.0,901.0,911.0,906.0,4,viparita_swasa
P6,-6.891379356384277,-12.554576873779297,-24.540321350097656,-28.49645233154297,-34.57638931274414,-34.94837951660156,-37.03812026977539,-39.89714050292969,-39.60276794433594,-40.83021545410156,-40.82114791870117,-40.760433197021484,-42.848934173583984,-43.55878448486328,-45.2305793762207,-46.74076461791992,-46.20454025268555,-46.59724044799805,-46.60426330566406,-47.2757568359375,-51.488616943359375,-53.879310607910156,-54.843017578125,-56.529823303222656,-57.04221725463867,-58.04127883911133,-57.188026428222656,-56.63905715942383,-55.67097854614258,-56.75188446044922,-57.74165344238281,-60.287906646728516,2.386507749557495,2.7078375816345215,2.976357936859131,4.21516227722168,4.869722843170166,5.456169128417969,5.397747039794922,4.411830902099609,4.80825662612915,4.817695617675781,5.326170444488525,6.054500579833984,5.571427345275879,6.054543972015381,5.5610198974609375,5.028965950012207,5.756687641143799,6.188163757324219,6.707499027252197,7.07087516784668,6.033393859863281,5.298689365386963,5.947644233703613,6.052009105682373,6.223725318908691,5.893731594085693,6.297307014465332,6.033129692077637,6.381936073303223,6.095822811126709,6.232618808746338,5.744969844818115,-251.3980255126953,64.21915435791016,15.158124923706055,15.474699020385742,16.61326789855957,9.013859748840332,8.1722993850708,10.035656929016113,1.5713412761688232,4.2291035652160645,26.912494659423828,8.398380279541016,5.5379638671875,3.8648765087127686,3.9073381423950195,3.016422986984253,3.6577956676483154,2.4605295658111572,3.2609364986419678,3.363985538482666,0.33928996324539185,0.33456236124038696,0.3772137761116028,0.5879423022270203,0.9485136866569519,0.8148875832557678,0.43793001770973206,0.3845215439796448,0.39230915904045105,0.4007442593574524,0.36037683486938477,0.3416570723056793,0.22225484251976013,0.19030632078647614,0.1756412386894226,0.15585236251354218,0.10020088404417038,0.15967980027198792,0.16848142445087433,0.19985881447792053,0.2212529182434082,0.24531154334545135,0.22008198499679565,0.2158331423997879,867.9182381393131,1529.6068372969837,1866.5326855308213,0.016457683802204175,0.0010798814473673701,870.0,880.0,875.0,911.0,921.0,916.0,4,viparita_swasa
P6,-20.393388748168945,-26.035568237304688,-37.2027587890625,-41.098663330078125,-46.58871841430664,-46.92459487915039,-48.78732681274414,-52.085693359375,-52.283267974853516,-53.587947845458984,-53.68692398071289,-53.350894927978516,-55.03804016113281,-56.03514862060547,-57.4038200378418,-58.758609771728516,-58.285621643066406,-58.62314987182617,-58.92903518676758,-60.17267990112305,-64.62920379638672,-66.7271728515625,-68.0491943359375,-69.09829711914062,-69.40216827392578,-70.91012573242188,-69.92489624023438,-69.3094482421875,-68.45751953125,-69.8639907836914,-70.83553314208984,-73.8408203125,4.20464563369751,3.2932090759277344,3.820073127746582,4.3178277015686035,5.111248016357422,5.2242021560668945,5.252377986907959,5.23961877822876,5.060869216918945,5.139663219451904,5.554089069366455,6.301850318908691,6.118093967437744,6.495339870452881,5.94131326675415,5.496222972869873,6.3831787109375,6.870062351226807,7.441126346588135,7.725788593292236,6.31617546081543,5.927367687225342,6.288567543029785,6.7274699211120605,6.919084072113037,6.206475257873535,6.614597320556641,6.633599281311035,6.855391979217529,6.568991184234619,6.807008743286133,5.855536937713623,-322.8508605957031,65.00723266601562,13.980222702026367,15.09271240234375,16.217105865478516,8.635273933410645,6.309163570404053,9.599438667297363,1.523010492324829,4.086678504943848,28.760473251342773,10.290178298950195,6.326731204986572,4.589066028594971,4.164461135864258,3.3564212322235107,3.578381299972534,2.5402956008911133,3.2343392372131348,3.540835380554199,0.344992995262146,0.3349202275276184,0.3546319901943207,0.5204845666885376,0.9133318066596985,0.8097431659698486,0.4394163489341736,0.37429070472717285,0.39096641540527344,0.4190292954444885,0.38387247920036316,0.3590899705886841,0.24030528962612152,0.2045190930366516,0.17933736741542816,0.16248443722724915,0.16740615665912628,0.18562772870063782,0.1593838632106781,0.21158134937286377,0.2378072738647461,0.2759479582309723,0.25262320041656494,0.2419377863407135,937.9741031923326,1788.055235825116,1881.326560429987,0.019738571273201857,0.0012224726378917694,880.0,890.0,885.0,921.0,931.0,926.0,4,viparita_swasa
P6,-5.941023826599121,-11.092180252075195,-21.915050506591797,-24.800451278686523,-29.41376495361328,-30.04058074951172,-32.346038818359375,-35.85385513305664,-35.4387092590332,-36.66801452636719,-36.596160888671875,-36.036319732666016,-37.70783615112305,-38.04265213012695,-39.51362991333008,-41.152671813964844,-40.81136703491211,-40.93318557739258,-40.340179443359375,-41.240089416503906,-46.198360443115234,-48.647186279296875,-49.41392517089844,-50.22550582885742,-51.07544708251953,-52.437530517578125,-51.43589401245117,-51.29336929321289,-50.19923782348633,-51.614418029785156,-52.61210632324219,-56.12336730957031,2.3378539085388184,2.7024309635162354,3.10784912109375,4.402562141418457,5.715703010559082,5.653435230255127,5.522035121917725,5.12521505355835,5.217553615570068,5.23622989654541,5.644346714019775,6.508661270141602,6.147193908691406,6.582961082458496,6.0088791847229,5.90910005569458,6.810870170593262,7.387696266174316,7.9049787521362305,8.137149810791016,7.055096626281738,6.614195823669434,7.357586860656738,7.957190990447998,7.896731376647949,7.437066078186035,7.6339192390441895,7.565101146697998,8.04148006439209,7.606501579284668,7.92703914642334,7.277709484100342,-224.00436401367188,59.866302490234375,11.538850784301758,14.941324234008789,15.05242919921875,7.959557056427002,5.636580467224121,8.667315483093262,0.407680869102478,3.65798282623291,32.04995346069336,11.466184616088867,5.405208587646484,4.656569480895996,4.411439895629883,3.191328287124634,3.623161792755127,2.637058973312378,3.1357831954956055,3.1302404403686523,0.32033610343933105,0.33505648374557495,0.3693084418773651,0.5559946298599243,0.9373760223388672,0.8342360854148865,0.4624793827533722,0.3830178678035736,0.3799988031387329,0.3875052332878113,0.3507060110569,0.32986322045326233,0.21278397738933563,0.19724592566490173,0.18061184883117676,0.16935987770557404,0.11496806889772415,0.15537284314632416,0.1692289113998413,0.2000257968902588,0.210150346159935,0.2347605973482132,0.21336022019386292,0.2099115401506424,1213.0029216915154,2656.7276319605567,2124.4285569235467,0.026559781032482598,0.0010599520755931735,890.0,900.0,895.0,931.0,941.0,936.0,4,viparita_swasa
P6,-19.68564224243164,-25.46263885498047,-36.38742446899414,-40.49056625366211,-45.63588333129883,-46.64259338378906,-48.73690414428711,-51.473018646240234,-51.29593276977539,-52.38331985473633,-52.12589645385742,-51.806453704833984,-53.112518310546875,-53.4965934753418,-55.48808670043945,-56.60983657836914,-55.98341369628906,-56.191471099853516,-56.489051818847656,-57.792877197265625,-61.990901947021484,-64.14675903320312,-65.22491455078125,-66.25850677490234,-66.88905334472656,-68.38533020019531,-67.4444351196289,-67.23783111572266,-66.5346908569336,-67.4977035522461,-68.69802856445312,-71.62889099121094,4.079797267913818,3.287139892578125,4.1680684089660645,5.133133411407471,6.339376926422119,6.377431869506836,6.094048023223877,5.363048076629639,5.7996602058410645,5.85789155960083,6.296407222747803,7.485764503479004,7.1349945068359375,7.788008689880371,7.088044166564941,7.127138137817383,8.241329193115234,8.706598281860352,9.104727745056152,9.3932466506958,7.8629679679870605,7.6766839027404785,8.510802268981934,8.971837043762207,8.915633201599121,8.188478469848633,8.50012493133545,8.515950202941895,8.579206466674805,8.234041213989258,8.546603202819824,7.489465236663818,-312.75811767578125,61.132747650146484,11.999628067016602,15.775965690612793,16.57024383544922,9.331372261047363,6.778571605682373,9.238327980041504,1.4535731077194214,3.7197837829589844,36.73659133911133,12.608660697937012,7.168808937072754,4.210943222045898,4.466617584228516,3.9186432361602783,3.953488826751709,3.0219616889953613,3.599353790283203,3.526348829269409,0.37226590514183044,0.36721768975257874,0.3853292465209961,0.5693461894989014,0.9126785397529602,0.7980298399925232,0.4399673342704773,0.3912944793701172,0.40750351548194885,0.43489930033683777,0.40125152468681335,0.3763135075569153,0.23151439428329468,0.1944538652896881,0.17536728084087372,0.16253796219825745,0.16574707627296448,0.1797381192445755,0.15807420015335083,0.20090541243553162,0.22926126420497894,0.260839581489563,0.2398369312286377,0.22681757807731628,1087.1805445572897,2271.403202490574,1962.4410722742223,0.025590015951276104,0.0013962758239358664,900.0,910.0,905.0,941.0,951.0,946.0,4,viparita_swasa
P6,-19.880550384521484,-25.782201766967773,-38.14107894897461,-42.833011627197266,-48.45028305053711,-48.805057525634766,-50.60826873779297,-53.27682113647461,-53.17416763305664,-54.19900131225586,-54.648555755615234,-54.7846565246582,-56.00875473022461,-56.36916732788086,-58.320350646972656,-59.90482711791992,-60.00274658203125,-60.33420181274414,-60.37425231933594,-61.48466491699219,-65.5953140258789,-67.88243865966797,-69.04176330566406,-70.90257263183594,-71.0988540649414,-72.41578674316406,-71.75526428222656,-71.33324432373047,-70.2258529663086,-70.76831817626953,-72.2358169555664,-74.7810287475586,3.958650588989258,3.060891628265381,3.7855758666992188,4.418734073638916,4.73606014251709,5.173220157623291,5.080962181091309,4.343688488006592,4.8402509689331055,4.950387477874756,5.3420586585998535,6.147318363189697,5.865400314331055,6.467435836791992,5.814093589782715,5.217355728149414,5.694134712219238,5.983657360076904,6.645059585571289,6.996163845062256,5.837668418884277,5.411951541900635,5.8138275146484375,5.922780513763428,6.118271827697754,5.5886640548706055,6.275817394256592,5.866945266723633,6.007380485534668,5.896503925323486,5.888419151306152,4.980231761932373,-329.7625732421875,66.15245819091797,14.137561798095703,15.211807250976562,17.350156784057617,9.56608772277832,8.340020179748535,9.974662780761719,2.332665205001831,5.082058429718018,26.479394912719727,8.654876708984375,6.013625144958496,4.376255989074707,4.184341907501221,3.175239086151123,3.102539539337158,2.4693329334259033,3.299598217010498,3.5865015983581543,0.34772899746894836,0.3350670337677002,0.3584519326686859,0.5535207390785217,0.9247481822967529,0.798008382320404,0.4277721047401428,0.38930174708366394,0.4077166020870209,0.4275244474411011,0.3917090892791748,0.36273157596588135,0.2294558733701706,0.1966710388660431,0.17068073153495789,0.15146607160568237,0.14858531951904297,0.18257085978984833,0.16344046592712402,0.20105725526809692,0.23004694283008575,0.26702049374580383,0.24557967483997345,0.2357473373413086,781.5337209592253,1301.4348218169953,1749.5964060635717,0.014556672346287703,0.0013804817572236061,910.0,920.0,915.0,951.0,961.0,956.0,4,viparita_swasa
P6,-7.368236064910889,-12.75782299041748,-24.80872917175293,-29.249792098999023,-35.31081771850586,-35.87300491333008,-37.9394416809082,-39.966854095458984,-39.33518600463867,-40.74771499633789,-41.03660202026367,-40.90717315673828,-42.62849044799805,-43.5919075012207,-45.69010543823242,-47.05420684814453,-46.241943359375,-46.37862014770508,-46.84539031982422,-48.54997634887695,-52.905242919921875,-54.44258499145508,-55.66497802734375,-56.88105392456055,-57.01430130004883,-58.74789810180664,-58.15475082397461,-57.42436218261719,-56.740745544433594,-57.64436721801758,-58.44108963012695,-61.298126220703125,2.273608922958374,2.762838363647461,2.9275434017181396,4.268524646759033,4.582720756530762,5.319687843322754,4.969884872436523,4.274762153625488,4.875322341918945,4.764678001403809,5.259880542755127,6.407886505126953,5.971383094787598,6.024608612060547,5.50246524810791,5.037184715270996,6.209997177124023,6.542725086212158,6.8709025382995605,6.9999470710754395,5.436410903930664,5.5804362297058105,5.9168877601623535,6.132099151611328,6.418723106384277,5.764465808868408,6.214046478271484,6.352169513702393,6.2989983558654785,5.822239875793457,6.199848175048828,5.03706169128418,-254.14149475097656,65.19348907470703,14.18675422668457,14.903742790222168,16.625194549560547,9.818029403686523,8.296452522277832,10.38540267944336,2.553196668624878,3.6168689727783203,26.4635009765625,8.483198165893555,6.367061614990234,4.688038349151611,4.005068302154541,3.0830647945404053,3.4928479194641113,2.4272568225860596,3.2097668647766113,3.4836196899414062,0.32385197281837463,0.3197558522224426,0.35483694076538086,0.5686469674110413,0.9460423588752747,0.8122483491897583,0.427471786737442,0.369148850440979,0.38055619597435,0.39319145679473877,0.35244321823120117,0.3313523828983307,0.21629148721694946,0.18153978884220123,0.16550134122371674,0.14550279080867767,0.1091274619102478,0.16432814300060272,0.17436173558235168,0.2100740224123001,0.2216033786535263,0.24342890083789825,0.21158301830291748,0.2105501890182495,846.16017794869,1496.6825197578307,1823.3429918214308,0.01650639863689095,0.0010657408274710178,920.0,930.0,925.0,961.0,971.0,966.0,4,viparita_swasa
P6,-6.630441188812256,-11.521530151367188,-23.327312469482422,-27.1673526763916,-33.204627990722656,-33.85206604003906,-36.057865142822266,-38.421836853027344,-37.729766845703125,-39.25645446777344,-39.32966995239258,-39.21051025390625,-40.912925720214844,-41.65526580810547,-44.078338623046875,-45.381370544433594,-44.74681091308594,-44.965187072753906,-44.52293014526367,-45.85590362548828,-50.29480743408203,-52.18452835083008,-53.17570495605469,-54.535762786865234,-54.9625358581543,-56.3575439453125,-55.467681884765625,-54.92898941040039,-54.24240493774414,-55.32162857055664,-56.12374496459961,-59.148372650146484,2.3151111602783203,2.531765937805176,3.1658849716186523,4.449398994445801,5.432927131652832,5.8657450675964355,5.742934703826904,5.0819573402404785,5.2388200759887695,5.3602190017700195,6.063933372497559,7.094491958618164,6.69723653793335,7.243639945983887,6.765336990356445,6.386282920837402,7.251802921295166,7.730023384094238,8.405827522277832,8.587138175964355,7.146949768066406,6.9003496170043945,7.292407512664795,7.412962436676025,7.452656269073486,6.960155487060547,7.314535617828369,7.461487293243408,7.640336036682129,7.064733982086182,7.412533283233643,6.239052772521973,-242.99227905273438,63.307098388671875,14.32291030883789,15.193387031555176,15.830777168273926,9.240212440490723,8.001439094543457,9.951786041259766,1.3786872625350952,3.622899055480957,32.67763137817383,9.729260444641113,7.05470609664917,4.223626613616943,4.102494716644287,3.1626224517822266,3.613417148590088,2.3978607654571533,3.4872512817382812,3.0411367416381836,0.29542574286460876,0.30653467774391174,0.3454738259315491,0.5250142812728882,0.9485406875610352,0.8511832356452942,0.4282711446285248,0.33217549324035645,0.3372786045074463,0.35778775811195374,0.32261815667152405,0.3011834919452667,0.18357427418231964,0.17619553208351135,0.16673336923122406,0.15164540708065033,0.10216494649648666,0.1485680490732193,0.1511504352092743,0.18051724135875702,0.1909121870994568,0.21779564023017883,0.19108852744102478,0.1809093952178955,983.9116823080946,1920.1521942067866,1946.8859790131269,0.019710248694895592,0.0010283009614795446,930.0,940.0,935.0,971.0,981.0,976.0,4,viparita_swasa
P6,-19.308326721191406,-24.895431518554688,-36.48527145385742,-40.434383392333984,-45.79574966430664,-46.617279052734375,-48.92326354980469,-51.85643005371094,-51.215415954589844,-52.653160095214844,-52.5152473449707,-52.09809875488281,-53.56013107299805,-54.0929069519043,-55.926429748535156,-57.12145233154297,-56.89836883544922,-57.59203338623047,-57.59357833862305,-58.740230560302734,-63.12324905395508,-65.1909408569336,-66.22427368164062,-67.64082336425781,-68.0462875366211,-69.2855224609375,-68.58269500732422,-68.1461181640625,-67.67969512939453,-68.7060775756836,-69.32412719726562,-72.31295013427734,4.022618770599365,3.0227749347686768,3.6251027584075928,4.736578464508057,5.585216045379639,5.926394939422607,5.609501838684082,4.894296169281006,5.151272296905518,5.193155288696289,5.660940170288086,6.823650360107422,6.626644611358643,7.1467485427856445,6.715761661529541,6.386911869049072,6.956413745880127,7.262494087219238,7.958362579345703,8.180974960327148,7.225653648376465,6.816150665283203,7.3051838874816895,7.593908309936523,7.493255615234375,7.118170738220215,7.497030258178711,7.547147750854492,7.659758567810059,7.367363929748535,7.803322792053223,6.896822929382324,-316.1803283691406,63.59172821044922,12.951869010925293,15.381074905395508,16.873823165893555,9.611787796020508,7.126186370849609,9.141948699951172,1.6703741550445557,3.9154837131500244,31.95686912536621,11.101080894470215,6.94427490234375,4.860558986663818,4.150104522705078,3.9293367862701416,3.838251829147339,2.730966329574585,3.501889705657959,3.665104389190674,0.31964337825775146,0.31252792477607727,0.3386387228965759,0.5486503839492798,0.9322245121002197,0.8230188488960266,0.43896234035491943,0.3857564628124237,0.38562288880348206,0.39158400893211365,0.3498281240463257,0.3277713656425476,0.22067569196224213,0.18670320510864258,0.16212476789951324,0.14392758905887604,0.1370408684015274,0.1647394299507141,0.17930364608764648,0.22103554010391235,0.22673122584819794,0.24748364090919495,0.2249470353126526,0.22076089680194855,966.7116317012214,1934.7408144214037,1898.833803733266,0.019753299013921113,0.0013961184304207563,940.0,950.0,945.0,981.0,991.0,986.0,4,viparita_swasa
P6,-6.202606678009033,-11.508782386779785,-24.2804012298584,-28.65144157409668,-33.476280212402344,-33.70800018310547,-35.94675064086914,-37.8509521484375,-37.452632904052734,-38.943172454833984,-39.346981048583984,-39.14470291137695,-40.766902923583984,-42.01398468017578,-43.987850189208984,-45.0816650390625,-45.0280876159668,-45.613346099853516,-45.802635192871094,-47.32792663574219,-51.44747543334961,-53.38529968261719,-54.602882385253906,-55.8654670715332,-56.438323974609375,-57.593379974365234,-57.235321044921875,-56.347721099853516,-55.04705810546875,-55.80564880371094,-56.826168060302734,-59.09477996826172,2.4027347564697266,2.788728952407837,3.1124720573425293,4.468708038330078,4.935426235198975,5.477292537689209,5.2071051597595215,4.436987400054932,4.7411088943481445,4.611178398132324,5.048608779907227,5.983805179595947,5.658802509307861,5.842311382293701,5.569666862487793,5.27946662902832,6.090761184692383,6.200838565826416,6.606800556182861,7.245748519897461,6.050330638885498,5.844144344329834,6.007902145385742,6.310621738433838,6.336671352386475,5.925563812255859,6.494702339172363,6.324047565460205,6.46450138092041,6.111440658569336,6.520358085632324,5.620944976806641,-246.0421600341797,65.66024017333984,14.124184608459473,12.976150512695312,16.566024780273438,8.990311622619629,8.43498706817627,9.98128890991211,2.750979423522949,4.477842807769775,26.971115112304688,9.061996459960938,5.953938961029053,4.363106727600098,3.9149293899536133,3.4601664543151855,3.481206178665161,2.6419131755828857,3.4068779945373535,3.2548229694366455,0.313628613948822,0.32507628202438354,0.3735271692276001,0.6009122133255005,0.9560491442680359,0.810636043548584,0.3980136811733246,0.3353465497493744,0.34916406869888306,0.3617621958255768,0.3279627561569214,0.3112809956073761,0.20885124802589417,0.19347362220287323,0.1684778481721878,0.13638359308242798,0.10312501341104507,0.1611490398645401,0.1680428832769394,0.18601734936237335,0.2053661197423935,0.23335126042366028,0.20570111274719238,0.1981259137392044,849.6109167776449,1490.0626835303074,1827.7410981125443,0.01676243474477958,0.0011610232759267092,950.0,960.0,955.0,991.0,1001.0,996.0,4,viparita_swasa
P6,-5.9199604988098145,-11.269993782043457,-23.71717071533203,-28.43189811706543,-34.13871383666992,-34.858333587646484,-37.01791000366211,-39.00823974609375,-38.6991081237793,-39.7765998840332,-40.007930755615234,-40.023372650146484,-42.094608306884766,-43.14723205566406,-44.88129425048828,-46.07368469238281,-45.772987365722656,-46.52093505859375,-46.98646545410156,-48.17991256713867,-52.17377853393555,-54.178138732910156,-55.43793487548828,-56.57423782348633,-57.17560577392578,-58.30754852294922,-58.059600830078125,-57.157039642333984,-56.457637786865234,-57.374935150146484,-57.730690002441406,-60.29861831665039,2.267090082168579,2.7629687786102295,3.1462316513061523,4.155820846557617,4.527515411376953,4.949524879455566,4.802701473236084,4.290974140167236,4.567327976226807,4.6793599128723145,4.96343994140625,5.657505035400391,5.309859275817871,5.498330593109131,5.02883768081665,4.6238555908203125,5.215403079986572,5.273525714874268,5.556819438934326,5.943672180175781,4.872184753417969,4.643731594085693,4.840874671936035,5.117700576782227,5.162542819976807,4.729074478149414,5.212246417999268,5.315123558044434,5.193968296051025,4.667967319488525,5.458611011505127,4.425784587860107,-250.572509765625,66.8999252319336,15.031612396240234,14.524883270263672,17.063678741455078,9.847624778747559,8.844189643859863,10.08906078338623,2.8165132999420166,3.878021717071533,22.3481502532959,7.1922101974487305,6.261227130889893,4.591096878051758,3.7870891094207764,2.9554412364959717,3.610119581222534,2.6205368041992188,3.2900357246398926,3.195565938949585,0.30301088094711304,0.30688589811325073,0.34378737211227417,0.5364456176757812,0.9480254054069519,0.8348762392997742,0.4295072555541992,0.35681095719337463,0.355498343706131,0.36462700366973877,0.3238788843154907,0.3037073016166687,0.21337762475013733,0.18660874664783478,0.1639433056116104,0.14400003850460052,0.10283172130584717,0.16084536910057068,0.1582537442445755,0.19484202563762665,0.20420996844768524,0.23261971771717072,0.210555762052536,0.20911066234111786,760.581647338223,1196.891370450261,1752.2527906704393,0.015040421983758701,0.0010519716888666153,960.0,970.0,965.0,1001.0,1011.0,1006.0,4,viparita_swasa
P6,-6.965287208557129,-12.27711009979248,-24.40989875793457,-28.373958587646484,-33.86188888549805,-34.10841369628906,-36.62693786621094,-40.08730697631836,-40.23577880859375,-41.23924255371094,-40.76704788208008,-40.32019805908203,-42.78559494018555,-43.95734786987305,-45.76935958862305,-46.79109191894531,-46.017086029052734,-47.10411071777344,-47.140480041503906,-47.82136917114258,-52.38549041748047,-54.94658279418945,-55.56454849243164,-56.45270919799805,-57.22301483154297,-58.00651550292969,-57.28464889526367,-56.66896057128906,-56.25708770751953,-57.22468566894531,-57.650840759277344,-60.56734848022461,2.4028756618499756,2.8162662982940674,2.876450777053833,4.015019416809082,5.114049434661865,5.851045608520508,5.426977157592773,4.357644557952881,4.719747543334961,4.794837474822998,5.3408308029174805,6.41934061050415,5.973688125610352,6.4730329513549805,5.814993858337402,5.618056297302246,6.410333156585693,6.647894859313965,7.014603137969971,7.399824619293213,6.24038553237915,5.58715295791626,6.030572891235352,6.366081714630127,6.16880989074707,6.03100061416626,6.347513675689697,6.522650241851807,6.684289932250977,6.17432975769043,6.593928337097168,5.76627254486084,-252.24124145507812,65.34255981445312,16.01551628112793,15.097164154052734,16.591861724853516,9.347558975219727,7.284801006317139,9.513320922851562,1.4908387660980225,3.3849992752075195,27.952003479003906,8.75806999206543,5.980188369750977,4.7031402587890625,3.685702323913574,3.486833333969116,3.9456162452697754,2.6701197624206543,3.285064697265625,2.853456735610962,0.3311816155910492,0.3270099461078644,0.3577907979488373,0.5647972226142883,0.9413714408874512,0.8059957027435303,0.39705759286880493,0.3458061218261719,0.3574741780757904,0.3691863715648651,0.33926451206207275,0.3295212686061859,0.23662710189819336,0.20192664861679077,0.1760863959789276,0.15322333574295044,0.1291847825050354,0.17604582011699677,0.1597789227962494,0.19917917251586914,0.21727706491947174,0.2410903126001358,0.2240932434797287,0.2286423295736313,899.5658746948395,1629.354029963022,1882.0037251971435,0.018102659150232018,0.000979240401647985,970.0,980.0,975.0,1011.0,1021.0,1016.0,0,breath_retention
P6,-5.90797758102417,-11.269150733947754,-23.454870223999023,-27.60593605041504,-33.172218322753906,-33.667022705078125,-36.011775970458984,-38.29184341430664,-37.91582489013672,-39.01405715942383,-39.06816482543945,-39.02168655395508,-40.80206298828125,-41.704132080078125,-43.30094528198242,-44.56771469116211,-44.5301628112793,-44.821781158447266,-44.830684661865234,-46.03133010864258,-50.77785873413086,-52.661338806152344,-53.811092376708984,-55.07360076904297,-55.523826599121094,-56.88519287109375,-56.237953186035156,-55.37542724609375,-54.59681701660156,-55.7018928527832,-56.373069763183594,-59.359764099121094,2.450706720352173,2.668461799621582,3.0239923000335693,4.387646675109863,5.112485408782959,5.453425884246826,4.96397066116333,4.038835048675537,4.5114216804504395,4.367671489715576,5.114604949951172,6.080627918243408,5.277148246765137,5.37431001663208,5.095654487609863,4.952644348144531,5.942765235900879,6.1884355545043945,6.6149067878723145,6.931108474731445,5.72898530960083,5.703055381774902,6.121984958648682,6.634731292724609,6.658449649810791,6.091737270355225,6.6793413162231445,6.697317600250244,6.5033698081970215,5.822541236877441,6.525234699249268,5.332831382751465,-243.4864044189453,64.68905639648438,13.738210678100586,14.620726585388184,16.84963607788086,9.437572479248047,7.928138256072998,10.065814018249512,1.99355149269104,3.9710311889648438,26.694032669067383,9.00232219696045,5.2470903396606445,4.536501407623291,3.8481976985931396,2.8723788261413574,3.7268431186676025,2.4220383167266846,3.325730800628662,3.397432327270508,0.3351742625236511,0.3319387435913086,0.3539237678050995,0.5244783759117126,0.9392848610877991,0.8403728604316711,0.43335381150245667,0.3548016846179962,0.3646285831928253,0.38388094305992126,0.34783047437667847,0.3372262716293335,0.22827959060668945,0.19803619384765625,0.17454621195793152,0.15739811956882477,0.11439886689186096,0.1539568305015564,0.14310413599014282,0.17772464454174042,0.2034410685300827,0.23547741770744324,0.21672837436199188,0.22205668687820435,869.2983161786553,1565.7036801225347,1847.2748290506627,0.017023002465197216,0.00109267293009907,980.0,990.0,985.0,1021.0,1031.0,1026.0,0,breath_retention
P6,-6.620874881744385,-12.104942321777344,-24.413143157958984,-28.705615997314453,-34.21371078491211,-34.716041564941406,-37.165287017822266,-39.560359954833984,-39.37324142456055,-40.7732048034668,-41.18096160888672,-40.81690979003906,-42.646522521972656,-43.99588394165039,-46.06085968017578,-47.04813003540039,-46.690948486328125,-47.32810592651367,-47.24355697631836,-48.21501541137695,-52.55120849609375,-54.56562805175781,-55.49076461791992,-56.64862060546875,-56.87772750854492,-58.014225006103516,-57.40734100341797,-57.18663024902344,-56.130428314208984,-56.88119888305664,-57.944610595703125,-60.1381721496582,2.407961845397949,2.661508560180664,2.794847249984741,4.368396282196045,5.347843170166016,5.7643914222717285,5.240862846374512,4.636503219604492,4.802024841308594,4.970447063446045,5.366178512573242,6.495617389678955,6.033496379852295,6.5087571144104,5.911046028137207,5.311007976531982,5.787370681762695,6.2604756355285645,6.986501693725586,7.413379192352295,6.202743053436279,5.955407619476318,6.291059494018555,6.500147819519043,6.430173397064209,6.140210151672363,6.525668621063232,6.324837684631348,6.473138809204102,6.153054714202881,6.333232402801514,5.477341175079346,-252.56260681152344,65.2552490234375,16.46085548400879,14.932764053344727,16.23073387145996,9.448001861572266,8.17509651184082,9.852466583251953,2.2623846530914307,3.7878541946411133,27.99496078491211,8.476314544677734,6.277583599090576,4.5585479736328125,4.156836032867432,3.2285337448120117,3.411864757537842,2.736186981201172,3.5330002307891846,2.864410877227783,0.3563949465751648,0.3470577597618103,0.36389121413230896,0.541837751865387,0.9392069578170776,0.817442774772644,0.42199841141700745,0.36644119024276733,0.3845445215702057,0.4001675248146057,0.3670641779899597,0.3532662093639374,0.22993579506874084,0.1965702623128891,0.1737491339445114,0.15043695271015167,0.11687752604484558,0.15580536425113678,0.15120092034339905,0.18656785786151886,0.22092889249324799,0.2535608410835266,0.23301026225090027,0.22870412468910217,830.1534150641368,1424.8885223317866,1824.4910951013987,0.01615859737529002,0.0011053230846300721,990.0,1000.0,995.0,1031.0,1041.0,1036.0,0,breath_retention
P6,-8.074548721313477,-13.181640625,-25.581113815307617,-29.727733612060547,-35.64485168457031,-36.4798583984375,-38.72147750854492,-41.34067916870117,-41.490238189697266,-42.72837448120117,-42.55008316040039,-42.322296142578125,-43.941837310791016,-45.640869140625,-47.71002197265625,-48.738189697265625,-48.33183670043945,-48.84013366699219,-48.81509017944336,-49.628379821777344,-53.70589828491211,-55.654483795166016,-56.821285247802734,-58.25711441040039,-58.39631652832031,-59.50277328491211,-58.51189041137695,-58.474849700927734,-57.77427291870117,-58.38695526123047,-59.64527130126953,-61.71074295043945,2.345536947250366,2.5907981395721436,2.9563961029052734,4.393301486968994,5.389594078063965,5.502415180206299,5.361058235168457,4.376284599304199,4.846066951751709,4.846774578094482,5.632223606109619,6.531577110290527,6.04971170425415,6.495408535003662,5.913442134857178,5.326742649078369,6.005005359649658,6.483086109161377,7.268263339996338,7.8410258293151855,6.500695705413818,6.251889705657959,6.635863780975342,6.6473846435546875,6.802840709686279,6.408663749694824,6.83792781829834,6.326413154602051,6.874428749084473,6.69299840927124,6.326120853424072,5.673134803771973,-260.9809265136719,65.17970275878906,16.726591110229492,15.697392463684082,16.3976993560791,9.799881935119629,8.354784965515137,9.705349922180176,1.5548232793807983,3.69069242477417,29.03207015991211,8.802816390991211,5.980693817138672,4.610401630401611,4.079254627227783,3.1137537956237793,3.2325494289398193,2.6389870643615723,3.663254976272583,2.8519678115844727,0.29985857009887695,0.29498887062072754,0.32629257440567017,0.5260728001594543,0.9499907493591309,0.838996946811676,0.403644323348999,0.3367202579975128,0.34703585505485535,0.3601863384246826,0.32410743832588196,0.30644527077674866,0.19326114654541016,0.17010535299777985,0.1563694328069687,0.14183123409748077,0.10133951157331467,0.15504597127437592,0.15224626660346985,0.18321727216243744,0.20830987393856049,0.2388765662908554,0.2137877494096756,0.20070746541023254,839.9809948562091,1464.432676098463,1824.5261202669521,0.016667270881670533,0.0010746459010988474,1000.0,1010.0,1005.0,1041.0,1051.0,1046.0,0,breath_retention
P6,-5.935551643371582,-11.066605567932129,-23.525718688964844,-27.999160766601562,-32.41692352294922,-33.48222351074219,-35.5326042175293,-36.93942642211914,-36.97161102294922,-38.261695861816406,-38.25421905517578,-38.60890197753906,-39.72193908691406,-41.57596969604492,-43.09901428222656,-43.225791931152344,-43.340328216552734,-44.31258010864258,-45.27298355102539,-46.65840530395508,-49.59668731689453,-51.600494384765625,-52.44577407836914,-53.67955780029297,-54.63733673095703,-55.55879211425781,-55.35755157470703,-52.902992248535156,-51.82027053833008,-52.50148010253906,-54.18192672729492,-56.79226303100586,2.2442777156829834,2.6507790088653564,3.5180513858795166,5.37375020980835,6.735239505767822,7.299474716186523,7.009929180145264,6.736386299133301,6.6774091720581055,7.105377197265625,7.836236953735352,8.377601623535156,7.617023944854736,7.851889133453369,8.126754760742188,8.477787017822266,8.907289505004883,9.155805587768555,9.519411087036133,9.625804901123047,8.807273864746094,8.961006164550781,10.078757286071777,10.446698188781738,9.910807609558105,9.421074867248535,9.62633228302002,10.682687759399414,10.02614974975586,10.18830394744873,9.589219093322754,7.850005626678467,-238.16712951660156,61.277183532714844,15.413688659667969,12.47041130065918,16.686630249023438,9.203974723815918,7.962583541870117,9.923989295959473,2.575122356414795,5.05470609664917,41.51763916015625,13.859213829040527,7.658189296722412,6.976474285125732,5.136331558227539,3.828460693359375,4.0937724113464355,2.838169813156128,3.673337936401367,3.5463383197784424,0.3394377827644348,0.34043169021606445,0.3713299036026001,0.5809259414672852,0.9396857023239136,0.8307207226753235,0.4213923215866089,0.36311906576156616,0.3825314939022064,0.39941027760505676,0.35907870531082153,0.33863332867622375,0.2329760491847992,0.20251403748989105,0.1723479926586151,0.1599287986755371,0.11308343708515167,0.1645909696817398,0.1597365140914917,0.19237756729125977,0.21839113533496857,0.24892666935920715,0.22740821540355682,0.22169049084186554,1128.7323347053155,2143.6278730423433,2006.9076391347144,0.03212913283062645,0.0009920971933752298,1010.0,1020.0,1015.0,1051.0,1061.0,1056.0,0,breath_retention
P6,-6.061915874481201,-11.046906471252441,-25.627227783203125,-32.15243148803711,-40.31529998779297,-42.990882873535156,-45.59946060180664,-47.30955505371094,-47.71687698364258,-49.09481430053711,-49.58365249633789,-51.50827407836914,-52.6187858581543,-55.867210388183594,-57.425411224365234,-57.49264144897461,-57.751068115234375,-59.350257873535156,-59.91328430175781,-61.75271987915039,-62.93471145629883,-63.47307205200195,-63.83146667480469,-64.2121353149414,-64.17801666259766,-64.40862274169922,-64.0608901977539,-63.79523468017578,-64.26325225830078,-64.25598907470703,-64.38250732421875,-64.99370574951172,2.323539972305298,2.8118984699249268,2.3333663940429688,2.892442226409912,2.550872325897217,2.362271785736084,2.29304838180542,2.6157917976379395,2.3096659183502197,2.148622989654541,2.3331797122955322,2.154738664627075,2.280496835708618,2.05737042427063,2.0672881603240967,1.9691200256347656,1.9872974157333374,2.101607084274292,1.7494168281555176,1.6103825569152832,1.5311473608016968,1.4161802530288696,1.281135082244873,1.2089344263076782,1.146691918373108,1.1027722358703613,1.0194849967956543,1.0594239234924316,1.2209811210632324,1.0702402591705322,0.8098207116127014,0.8531376123428345,-296.9792175292969,70.616455078125,32.63413619995117,19.1079158782959,17.873687744140625,14.702662467956543,11.279204368591309,10.189620971679688,5.549983501434326,2.98500657081604,3.529383659362793,2.59027361869812,2.8890788555145264,2.4249539375305176,2.211338996887207,2.4685022830963135,2.205845594406128,2.0930073261260986,2.108107566833496,2.1776065826416016,0.2774696350097656,0.27542853355407715,0.3254830241203308,0.5594788789749146,0.9445536732673645,0.8078234195709229,0.3866829574108124,0.3385990858078003,0.34149113297462463,0.3409295380115509,0.2998776137828827,0.2817646265029907,0.19616763293743134,0.16736893355846405,0.15522648394107819,0.13815785944461823,0.11606604605913162,0.16248449683189392,0.16843284666538239,0.20822788774967194,0.21751129627227783,0.23322992026805878,0.20347632467746735,0.19581878185272217,429.09614675734196,258.77314521099186,1375.8758531565145,0.011781059672273782,0.0009280512458644807,1020.0,1030.0,1025.0,1061.0,1071.0,1066.0,0,breath_retention
P6,-6.388617038726807,-11.065180778503418,-25.641569137573242,-32.16974639892578,-40.19085693359375,-42.88343048095703,-45.97444534301758,-47.818790435791016,-47.89592361450195,-49.2213249206543,-49.978702545166016,-51.87917709350586,-52.68699264526367,-56.12519454956055,-57.5876579284668,-57.61172866821289,-58.13264083862305,-59.74168014526367,-60.19346237182617,-62.11381530761719,-63.175926208496094,-63.629180908203125,-63.9736442565918,-64.28435516357422,-64.3200454711914,-64.52178955078125,-64.17195129394531,-64.1181640625,-64.50588989257812,-64.55303192138672,-64.67861938476562,-65.19386291503906,2.4510602951049805,2.7241528034210205,3.020240306854248,3.537449836730957,2.6113810539245605,2.6078438758850098,2.4960782527923584,2.703737258911133,2.6554596424102783,2.403373956680298,2.40193247795105,2.2019147872924805,2.594621419906616,2.496304512023926,2.6296420097351074,2.490218162536621,2.2427821159362793,2.3467814922332764,2.252286195755005,2.173110246658325,2.1626830101013184,2.266777753829956,1.9489669799804688,1.9627543687820435,1.9085073471069336,1.6689183712005615,1.4855750799179077,1.2306548357009888,1.3281877040863037,1.2833822965621948,1.0509727001190186,0.9564092755317688,-298.1210632324219,70.77999114990234,32.87199020385742,19.3301944732666,17.784894943237305,14.861124038696289,11.14050006866455,9.784253120422363,5.429518699645996,2.8290350437164307,6.715741157531738,3.36662220954895,3.742299795150757,2.3899011611938477,2.2212677001953125,2.3345136642456055,2.296396255493164,2.2618298530578613,2.226069211959839,2.1486377716064453,0.2667038142681122,0.2703547775745392,0.3217453956604004,0.5476500391960144,0.9503015279769897,0.8016441464424133,0.3704724907875061,0.3108963668346405,0.3174923360347748,0.326678991317749,0.2932370603084564,0.2756360173225403,0.2014024555683136,0.183058500289917,0.17456167936325073,0.14889565110206604,0.10026523470878601,0.16768531501293182,0.167497918009758,0.1934521496295929,0.2057688981294632,0.22707338631153107,0.2080196738243103,0.20195899903774261,437.0524451282967,286.60143788065545,1381.1802091333186,0.012511782192575406,0.0009177825995720923,1030.0,1040.0,1035.0,1071.0,1081.0,1076.0,0,breath_retention
P6,-6.36214542388916,-11.196577072143555,-25.845989227294922,-32.316627502441406,-40.46039962768555,-43.0152587890625,-45.81174850463867,-47.51191329956055,-47.475284576416016,-49.386497497558594,-50.108741760253906,-52.085628509521484,-52.88977813720703,-56.3803825378418,-57.81073760986328,-57.81180191040039,-58.31303787231445,-60.03083419799805,-60.4506950378418,-62.17384719848633,-63.34803771972656,-63.8704719543457,-64.15988159179688,-64.29474639892578,-64.25902557373047,-64.69539642333984,-64.29253387451172,-64.13858032226562,-64.55036163330078,-64.56262969970703,-64.58190155029297,-65.04640197753906,2.417660713195801,2.751917839050293,2.5049593448638916,2.987072467803955,2.58351993560791,2.6768434047698975,2.4623632431030273,2.6647119522094727,2.6358416080474854,2.3642804622650146,2.3343656063079834,2.229921340942383,2.2598626613616943,2.0434982776641846,2.1379282474517822,2.046205997467041,1.9626656770706177,1.7809150218963623,1.799146294593811,1.7099275588989258,1.7048758268356323,1.6073055267333984,1.5104871988296509,1.4433385133743286,1.3352489471435547,1.2880834341049194,1.2353503704071045,1.2002894878387451,1.1629698276519775,1.1146992444992065,1.060757040977478,1.0926941633224487,-298.6178894042969,70.7528076171875,33.255516052246094,19.032501220703125,17.50127601623535,14.604244232177734,11.235913276672363,9.953346252441406,5.863031387329102,3.0388455390930176,5.255936145782471,2.7303519248962402,2.5446088314056396,2.1548912525177,2.2050890922546387,2.2238988876342773,2.2503182888031006,2.146942377090454,2.061941385269165,1.9446102380752563,0.26416435837745667,0.27097347378730774,0.3330601751804352,0.5551800727844238,0.9409540891647339,0.8091220259666443,0.38756802678108215,0.3281959593296051,0.33439189195632935,0.3419719338417053,0.29760122299194336,0.27351972460746765,0.19192352890968323,0.16692131757736206,0.17195206880569458,0.1544838696718216,0.11616230756044388,0.17180044949054718,0.16499745845794678,0.2013494372367859,0.22319376468658447,0.25071707367897034,0.21293877065181732,0.1967252790927887,441.0493963521365,273.23686285527845,1394.243833773517,0.011967988689095127,0.0008912518387660384,1040.0,1050.0,1045.0,1081.0,1091.0,1086.0,0,breath_retention
P6,-7.090126991271973,-11.98448371887207,-26.69398307800293,-33.168949127197266,-40.83843994140625,-43.78011703491211,-46.517356872558594,-48.09886169433594,-48.04005813598633,-49.6102409362793,-50.409114837646484,-52.14588928222656,-53.15024948120117,-56.28633499145508,-57.764366149902344,-57.78133010864258,-58.306610107421875,-59.82011413574219,-60.1701774597168,-62.0206184387207,-63.0412483215332,-63.66403579711914,-64.214111328125,-64.6172103881836,-64.67818450927734,-65.16817474365234,-64.81427001953125,-64.28219604492188,-64.3005599975586,-64.32012939453125,-64.62261962890625,-65.36963653564453,2.3013787269592285,2.723215103149414,2.6755454540252686,3.195389986038208,2.790548324584961,2.89910626411438,2.6674697399139404,2.7226696014404297,2.46248459815979,2.196796417236328,2.3659610748291016,2.5241127014160156,2.7555606365203857,3.005410671234131,2.7768921852111816,2.7654643058776855,2.8687665462493896,3.008434534072876,2.796020984649658,2.422809600830078,2.309584140777588,2.05403733253479,1.734848141670227,1.5359870195388794,1.2997829914093018,1.1477900743484497,1.109015703201294,1.6076257228851318,2.2728259563446045,2.6620771884918213,2.0296473503112793,1.5395441055297852,-299.9493103027344,69.53793334960938,32.08261489868164,18.894052505493164,18.03921127319336,14.233253479003906,11.486495971679688,10.091706275939941,5.379090309143066,3.395493745803833,6.917549133300781,3.7993805408477783,4.406630516052246,2.880316972732544,3.0344443321228027,2.6305062770843506,2.4295454025268555,2.1807467937469482,2.2712831497192383,2.3291566371917725,0.27315518260002136,0.2689308524131775,0.314983993768692,0.5200620293617249,0.9478391408920288,0.8412688970565796,0.3987019956111908,0.32681187987327576,0.34213533997535706,0.36172547936439514,0.31785327196121216,0.28977614641189575,0.19564931094646454,0.168130561709404,0.15941928327083588,0.1416017860174179,0.10062137991189957,0.14909929037094116,0.15450851619243622,0.1948278397321701,0.21257120370864868,0.24339836835861206,0.21083460748195648,0.19945141673088074,459.28214851579094,294.19551415675755,1431.8590949985273,0.01207108287412993,0.0009170862031169236,1050.0,1060.0,1055.0,1091.0,1101.0,1096.0,0,breath_retention
P6,-7.069196701049805,-12.014200210571289,-26.56989288330078,-33.23831558227539,-41.167724609375,-43.73970413208008,-46.503047943115234,-48.50210189819336,-48.38424301147461,-49.92863464355469,-50.85816192626953,-52.59878921508789,-53.49967956542969,-56.58096694946289,-58.1848258972168,-58.128089904785156,-58.96959686279297,-60.56401824951172,-61.08948516845703,-62.75616455078125,-63.74150848388672,-64.33216094970703,-64.81688690185547,-65.09717559814453,-65.17442321777344,-65.52462005615234,-65.01856231689453,-64.78832244873047,-65.11953735351562,-65.12017059326172,-65.27113342285156,-65.91992950439453,2.5058088302612305,2.654561996459961,2.3980329036712646,3.0617332458496094,2.4962687492370605,2.531883955001831,2.155137777328491,2.2694194316864014,2.433964967727661,2.207620143890381,2.2606699466705322,2.1049084663391113,2.400747537612915,2.2508952617645264,2.0391721725463867,1.8480262756347656,1.774848461151123,1.6048997640609741,1.6041977405548096,1.551371455192566,1.4268267154693604,1.2461769580841064,1.2243748903274536,1.138137698173523,1.1113089323043823,1.0192466974258423,0.9021845459938049,0.9666032791137695,1.0933947563171387,1.0024313926696777,0.9193015694618225,0.8549802303314209,-302.3360900878906,70.62421417236328,32.67795944213867,18.962617874145508,17.880218505859375,14.710769653320312,11.25485897064209,9.841011047363281,5.546791076660156,3.435358762741089,2.977003574371338,2.725059986114502,2.8207995891571045,2.328136682510376,2.1340696811676025,2.45976185798645,2.1847150325775146,2.3140907287597656,2.1338999271392822,2.1269519329071045,0.2827899754047394,0.27794620394706726,0.329652339220047,0.5647404789924622,0.9455775022506714,0.8038865923881531,0.3890123963356018,0.33916381001472473,0.36151278018951416,0.3784521222114563,0.3275694251060486,0.2974196672439575,0.2027129828929901,0.17751444876194,0.16807737946510315,0.14523673057556152,0.12128341197967529,0.1651480495929718,0.17149829864501953,0.19642432034015656,0.21374556422233582,0.24105128645896912,0.20648236572742462,0.19790750741958618,434.80395989046644,265.1181957837877,1385.494979797144,0.011478574535962877,0.0009251961600966752,1060.0,1070.0,1065.0,1101.0,1111.0,1106.0,2,meditation
P6,-5.912911415100098,-10.838157653808594,-24.610485076904297,-29.87969398498535,-35.84603500366211,-37.563194274902344,-39.331539154052734,-41.29866409301758,-41.20937728881836,-42.74452209472656,-43.46969985961914,-44.39358901977539,-45.07981872558594,-47.919921875,-49.7041130065918,-50.01340866088867,-49.941402435302734,-51.44123077392578,-52.32193374633789,-54.06684112548828,-55.940391540527344,-57.687355041503906,-58.4498405456543,-59.22372055053711,-59.57725524902344,-60.01025390625,-60.06012725830078,-58.79227066040039,-57.76430130004883,-57.94318389892578,-59.45137405395508,-60.99954605102539,2.4945549964904785,2.7045440673828125,3.1880085468292236,4.679345607757568,6.497289657592773,7.618673801422119,8.389556884765625,7.815535068511963,7.781528949737549,7.644861698150635,8.102602005004883,9.33725643157959,9.528450012207031,9.960906028747559,9.15645694732666,9.306220054626465,9.735367774963379,9.339350700378418,9.801502227783203,10.65674877166748,9.45478343963623,8.456628799438477,9.402368545532227,8.604049682617188,7.710334300994873,7.821313381195068,7.6191630363464355,8.193280220031738,8.9931640625,9.217633247375488,8.044001579284668,6.721466541290283,-265.78131103515625,67.48402404785156,23.16878890991211,14.507932662963867,17.113414764404297,11.440187454223633,9.415586471557617,10.168951034545898,4.0570149421691895,4.436707019805908,41.76918411254883,10.1115140914917,10.71132755279541,5.81613826751709,4.182489395141602,4.214850425720215,3.455159902572632,2.999241828918457,3.5114221572875977,2.6978976726531982,0.2990017831325531,0.29023081064224243,0.33465880155563354,0.5354474186897278,0.9378594160079956,0.8344683647155762,0.414905309677124,0.3447839915752411,0.34804707765579224,0.3604128062725067,0.32914018630981445,0.30758634209632874,0.2213418185710907,0.18541017174720764,0.172698512673378,0.16162511706352234,0.11396297812461853,0.1531021147966385,0.1611875593662262,0.19749490916728973,0.21546295285224915,0.24213965237140656,0.2210366278886795,0.21704453229904175,757.4244862849426,1128.4947229372099,1679.0895097897612,0.021019884715777263,0.0009559421450830996,1070.0,1080.0,1075.0,1111.0,1121.0,1116.0,2,meditation
P6,-6.769296646118164,-11.94001293182373,-26.069242477416992,-32.47578430175781,-40.719356536865234,-43.18733215332031,-45.627323150634766,-47.34670639038086,-47.76074981689453,-49.25093460083008,-50.058753967285156,-51.8114128112793,-52.47089767456055,-55.57539749145508,-56.862003326416016,-56.88160705566406,-57.8239631652832,-59.461307525634766,-60.15597915649414,-61.816097259521484,-63.16562271118164,-63.740203857421875,-64.21306610107422,-64.43252563476562,-64.68792724609375,-65.00574493408203,-64.5944595336914,-64.0881118774414,-64.11100769042969,-64.15495300292969,-64.60696411132812,-65.3316650390625,2.3291618824005127,2.738213539123535,2.645479202270508,3.0520853996276855,2.6286542415618896,2.606311082839966,2.5055315494537354,2.673631191253662,2.6363563537597656,2.4946272373199463,2.6387829780578613,2.635239362716675,2.766481399536133,2.7562310695648193,2.6760435104370117,2.487926721572876,2.356175184249878,1.9964090585708618,1.890112280845642,1.849044919013977,1.6454834938049316,1.4429538249969482,1.3665162324905396,1.3868569135665894,1.2796952724456787,1.136347770690918,0.9972958564758301,1.3767695426940918,1.765336036682129,1.9777497053146362,1.6373339891433716,1.2646615505218506,-298.0802307128906,70.4764175415039,31.691524505615234,18.323190689086914,18.27143669128418,14.42843246459961,10.742223739624023,9.79537296295166,5.543659687042236,3.7221968173980713,5.793279647827148,2.9833006858825684,3.4380252361297607,3.038743257522583,2.7883565425872803,2.446789503097534,2.2492713928222656,2.149111747741699,2.2600455284118652,2.2337646484375,0.30260685086250305,0.29917141795158386,0.3473816514015198,0.5671383738517761,0.9431287050247192,0.8094514012336731,0.38954854011535645,0.3421470522880554,0.3674519956111908,0.3864009380340576,0.34080109000205994,0.3153906762599945,0.22450265288352966,0.1900782585144043,0.1776989996433258,0.15434105694293976,0.11558574438095093,0.16930675506591797,0.1630176603794098,0.19644418358802795,0.21261297166347504,0.24092864990234375,0.21905449032783508,0.22209757566452026,448.5963183507125,278.85747852015663,1412.6348313655058,0.01162132033062645,0.0009272666648030281,1080.0,1090.0,1085.0,1121.0,1131.0,1126.0,2,meditation
P6,-5.993440628051758,-11.308588981628418,-25.691741943359375,-31.480422973632812,-38.55548858642578,-40.77360916137695,-42.802268981933594,-44.42348098754883,-44.487483978271484,-46.00441360473633,-46.54228973388672,-47.770538330078125,-48.88349151611328,-52.032936096191406,-54.0063591003418,-54.08289337158203,-54.738643646240234,-55.91194152832031,-56.107234954833984,-57.81418991088867,-59.61448669433594,-60.16703796386719,-60.653236389160156,-61.19803237915039,-61.48957443237305,-62.02764129638672,-61.457576751708984,-60.59641647338867,-60.5408935546875,-61.02876281738281,-61.629940032958984,-62.9010009765625,2.383843183517456,2.609318256378174,2.6761412620544434,3.786588430404663,4.44316291809082,5.167622089385986,5.555120944976807,5.639962196350098,6.087854385375977,6.669060707092285,8.079727172851562,9.246695518493652,8.057482719421387,7.824785232543945,7.130429744720459,6.793350696563721,6.916860580444336,7.477636337280273,8.42371940612793,9.058430671691895,7.67181396484375,8.010693550109863,8.494723320007324,7.671896934509277,7.3872389793396,7.308098793029785,7.744439125061035,8.407958030700684,8.525911331176758,7.537713527679443,7.087379455566406,5.64199686050415,-281.5550537109375,67.58395385742188,28.299997329711914,16.745763778686523,16.59617042541504,13.649554252624512,10.94608211517334,10.424830436706543,4.586719036102295,4.0180344581604,35.1612548828125,10.43730640411377,8.334646224975586,4.621301174163818,4.151209831237793,2.590191602706909,2.469266653060913,2.309192419052124,4.133526802062988,2.6491947174072266,0.3044035732746124,0.30564525723457336,0.35636287927627563,0.5641654133796692,0.9518714547157288,0.8294498324394226,0.4018286466598511,0.34143251180648804,0.35413795709609985,0.36991626024246216,0.3340190351009369,0.31438568234443665,0.21311300992965698,0.18372730910778046,0.18133896589279175,0.16033728420734406,0.09938539564609528,0.15667495131492615,0.1473926603794098,0.18008261919021606,0.2023610770702362,0.23178346455097198,0.20869381725788116,0.20866942405700684,641.7964692229099,837.7215392075116,1553.2536914874595,0.019031639718677495,0.0009651613072492182,1090.0,1100.0,1095.0,1131.0,1141.0,1136.0,2,meditation
P6,-6.84173583984375,-11.649726867675781,-24.034992218017578,-28.231874465942383,-32.80432891845703,-33.07821273803711,-35.66353988647461,-38.63129806518555,-38.38005828857422,-39.48051452636719,-37.94050979614258,-37.476776123046875,-40.182464599609375,-42.3696174621582,-45.66695785522461,-46.82197570800781,-45.720924377441406,-47.87950134277344,-47.594329833984375,-47.42972946166992,-51.52861785888672,-54.27138137817383,-53.349796295166016,-55.86978530883789,-56.81346130371094,-57.029781341552734,-56.48418426513672,-54.41545867919922,-53.132713317871094,-54.22251892089844,-55.309059143066406,-58.11973571777344,2.4298439025878906,2.576350688934326,2.972991704940796,3.854684352874756,4.566895484924316,5.3551435470581055,5.506693363189697,5.352468967437744,5.617065906524658,5.904226303100586,6.75344181060791,7.272108554840088,6.921686172485352,7.173163890838623,6.462385177612305,6.08240270614624,6.239243030548096,6.097942352294922,6.692418098449707,7.1639227867126465,5.982741832733154,5.856600284576416,6.735354423522949,5.759732723236084,5.573006629943848,5.59467077255249,6.018148899078369,5.8228230476379395,6.284339427947998,6.240352153778076,5.6896467208862305,4.743588924407959,-245.4412841796875,63.942386627197266,17.587356567382812,10.968850135803223,15.329341888427734,9.885445594787598,9.37315559387207,9.19612979888916,-0.081732839345932,4.225046157836914,28.261125564575195,7.693728923797607,7.35664176940918,4.4020538330078125,4.728667259216309,3.261366605758667,2.8853719234466553,2.532792568206787,3.3007140159606934,2.3204221725463867,0.3018527030944824,0.301658034324646,0.33750009536743164,0.5366248488426208,0.9407582879066467,0.8311797976493835,0.4014750123023987,0.3421304523944855,0.36001890897750854,0.3839009702205658,0.34202656149864197,0.3143925964832306,0.21477089822292328,0.18676325678825378,0.1648537963628769,0.14017540216445923,0.11671479791402817,0.16878557205200195,0.15060368180274963,0.18042632937431335,0.20465974509716034,0.23802144825458527,0.2087240219116211,0.20463119447231293,993.7214600150947,1750.784308838457,2012.0193754631086,0.02181518271461717,0.0009211139986291528,1100.0,1110.0,1105.0,1141.0,1151.0,1146.0,2,meditation
P6,-6.330095291137695,-11.422881126403809,-25.812522888183594,-31.873394012451172,-38.77139663696289,-40.77555847167969,-44.292606353759766,-46.65796661376953,-46.57537841796875,-48.44124221801758,-48.19670867919922,-49.81179428100586,-51.15911865234375,-54.347129821777344,-55.73211669921875,-55.82228088378906,-56.24673080444336,-57.669010162353516,-58.4561653137207,-60.22096252441406,-61.95237350463867,-62.67994689941406,-63.28766632080078,-63.82187271118164,-63.936729431152344,-64.34610748291016,-64.06902313232422,-63.05857849121094,-62.876686096191406,-63.18385314941406,-63.734275817871094,-64.54064178466797,2.443567991256714,2.6129517555236816,2.399885416030884,2.9923737049102783,3.107633352279663,3.8966352939605713,3.8174338340759277,3.353480100631714,3.1011483669281006,3.0250844955444336,3.550341844558716,3.559732675552368,3.067016363143921,3.1373515129089355,3.230595588684082,2.9884064197540283,3.202962636947632,2.9324910640716553,2.696258068084717,2.627887487411499,2.337339401245117,1.9588806629180908,1.793552041053772,1.4830386638641357,1.3937103748321533,1.288074254989624,1.1238269805908203,1.7850953340530396,2.186330556869507,2.03066086769104,1.6365966796875,1.4055675268173218,-291.69970703125,70.89789581298828,30.36786651611328,17.67803382873535,18.240020751953125,13.369425773620605,10.271132469177246,9.715761184692383,4.469909191131592,3.3354949951171875,9.335783958435059,3.7078893184661865,4.282620429992676,3.4186878204345703,2.8296170234680176,3.049669027328491,2.4513347148895264,2.2253470420837402,2.2256314754486084,2.3651888370513916,0.3017235994338989,0.2879194915294647,0.31919726729393005,0.5017960667610168,0.9271101951599121,0.8381694555282593,0.4045605957508087,0.3260722756385803,0.35276132822036743,0.38130679726600647,0.34089988470077515,0.3173694908618927,0.2366292029619217,0.1975499540567398,0.16900339722633362,0.14967265725135803,0.12702658772468567,0.1639420986175537,0.15034888684749603,0.18506062030792236,0.22755269706249237,0.2693272531032562,0.23996582627296448,0.23368394374847412,474.7430080736197,325.19633211281905,1447.037014117862,0.01173800935324826,0.0009422557195648551,1110.0,1120.0,1115.0,1151.0,1161.0,1156.0,2,meditation
P6,-7.588620185852051,-12.789908409118652,-27.024702072143555,-33.15494155883789,-41.30335998535156,-43.87571334838867,-46.678550720214844,-48.30943298339844,-48.51445007324219,-50.479698181152344,-50.886131286621094,-52.931854248046875,-53.65068817138672,-56.722068786621094,-58.29369354248047,-58.10426712036133,-58.54940414428711,-60.01044845581055,-60.73073196411133,-62.800010681152344,-64.164794921875,-64.59586334228516,-65.27025604248047,-65.60734558105469,-65.60665893554688,-65.87889862060547,-65.54485321044922,-64.90589904785156,-64.96710205078125,-65.11003112792969,-65.51045989990234,-66.13932037353516,2.4219141006469727,2.725351333618164,2.5216169357299805,3.0340981483459473,2.7448570728302,3.1799204349517822,2.9256551265716553,3.149881362915039,2.837867498397827,2.619676113128662,2.7714738845825195,2.7745532989501953,2.7453269958496094,2.560795545578003,2.671659231185913,2.528183937072754,2.698500871658325,2.7393429279327393,2.4492838382720947,2.252812623977661,1.9472651481628418,1.8459811210632324,1.6765117645263672,1.5228943824768066,1.369047999382019,1.2701051235198975,1.265128254890442,1.648969054222107,2.0056185722351074,1.8560588359832764,1.388502597808838,1.2964568138122559,-303.2958068847656,70.53953552246094,32.05204391479492,18.616395950317383,18.376258850097656,13.954090118408203,10.533848762512207,10.1265869140625,5.410831928253174,3.2890806198120117,7.408636569976807,3.4470221996307373,3.574340581893921,2.7501885890960693,2.6858139038085938,2.579451322555542,2.2590503692626953,2.183556318283081,2.192983627319336,2.296811580657959,0.2870974838733673,0.27755287289619446,0.31190025806427,0.46058279275894165,0.9074530005455017,0.8830929398536682,0.4614013135433197,0.3395465612411499,0.3552984595298767,0.39220941066741943,0.3469160497188568,0.3130950331687927,0.20570889115333557,0.18589401245117188,0.1726171374320984,0.1653081178665161,0.1308138519525528,0.1430206000804901,0.1451280564069748,0.18385359644889832,0.20296218991279602,0.23976358771324158,0.2174375206232071,0.2079411745071411,448.60532732081657,286.62641839472155,1410.230323314569,0.011361885513341068,0.0009345458820462227,1120.0,1130.0,1125.0,1161.0,1171.0,1166.0,2,meditation
P6,-6.883995056152344,-11.819788932800293,-26.24071502685547,-32.594482421875,-39.87308883666992,-42.06929016113281,-45.279571533203125,-46.94691848754883,-46.938167572021484,-48.82883071899414,-49.086090087890625,-50.50240707397461,-51.532569885253906,-54.429569244384766,-56.16128158569336,-56.24211502075195,-56.580299377441406,-57.992733001708984,-58.961917877197266,-60.72135925292969,-62.3747444152832,-63.16720199584961,-63.77132034301758,-64.32334899902344,-64.52769470214844,-64.87928009033203,-64.49221801757812,-63.76772689819336,-63.71003723144531,-63.558963775634766,-64.0458984375,-65.08186340332031,2.5068447589874268,2.6056222915649414,2.778684139251709,3.1546287536621094,3.3173840045928955,3.5511484146118164,3.465301513671875,3.470383644104004,3.4962239265441895,3.079714298248291,3.5868923664093018,4.186556816101074,4.215355396270752,4.461881160736084,4.009949207305908,3.472857713699341,3.583076000213623,3.49556303024292,3.2524287700653076,3.3154640197753906,2.343701124191284,1.750856637954712,2.137420654296875,1.6901143789291382,1.2503759860992432,1.1109514236450195,1.1512624025344849,1.7056798934936523,2.24894118309021,2.9830901622772217,2.3304789066314697,1.1526769399642944,-294.7548828125,70.56533813476562,29.91624641418457,17.671438217163086,18.66832160949707,13.637954711914062,10.636412620544434,9.917562484741211,4.936766624450684,3.5153117179870605,10.68188190460205,3.981736898422241,5.328676223754883,3.9522979259490967,3.2886693477630615,2.8521246910095215,2.705561399459839,2.7024106979370117,2.729186534881592,2.5013976097106934,0.2901420295238495,0.29001209139823914,0.3316693902015686,0.5306100249290466,0.9433650374412537,0.8385517597198486,0.3993159830570221,0.3280383348464966,0.3298928141593933,0.3384387791156769,0.3050685226917267,0.2924290895462036,0.2200605422258377,0.18052071332931519,0.16119034588336945,0.14293313026428223,0.1055486798286438,0.1557224988937378,0.1588791459798813,0.19519472122192383,0.208804652094841,0.23089641332626343,0.21174494922161102,0.21532315015792847,475.9473641544749,326.82006552711715,1446.1755482379222,0.012448339617169374,0.0009151067351922393,1130.0,1140.0,1135.0,1171.0,1181.0,1176.0,2,meditation
P6,-6.326663017272949,-11.268285751342773,-25.536630630493164,-31.582185745239258,-39.95283508300781,-42.706974029541016,-45.789833068847656,-46.98292922973633,-46.87754821777344,-48.945037841796875,-49.29975128173828,-51.16419219970703,-52.05448913574219,-55.007911682128906,-56.731327056884766,-56.69765090942383,-57.59866714477539,-58.88148880004883,-59.39278793334961,-61.359737396240234,-62.70847702026367,-63.358787536621094,-63.8390007019043,-64.27808380126953,-64.41268920898438,-64.60502624511719,-64.19853973388672,-63.798919677734375,-63.92554473876953,-64.06378173828125,-64.3676986694336,-64.97116088867188,2.424372673034668,2.46127986907959,2.5234909057617188,2.991429090499878,2.550780773162842,2.684354782104492,2.637120485305786,2.8368096351623535,2.7888965606689453,2.8345556259155273,2.9727590084075928,2.8549177646636963,2.7425193786621094,2.8461458683013916,2.693195343017578,2.523648738861084,2.498595952987671,2.5511348247528076,2.3874871730804443,2.173170566558838,1.9243680238723755,1.7198841571807861,1.4956883192062378,1.4287388324737549,1.265718698501587,1.1786788702011108,1.0689268112182617,1.2498434782028198,1.6570378541946411,1.483011245727539,1.1400494575500488,1.0907186269760132,-295.691650390625,71.05570983886719,31.64082908630371,18.496517181396484,18.284988403320312,14.4229736328125,11.017363548278809,9.987420082092285,5.12426233291626,3.135921001434326,6.399082660675049,3.114856481552124,4.096479892730713,2.926602363586426,2.567744255065918,2.6656999588012695,2.2598798274993896,2.142937421798706,2.247317314147949,2.2373852729797363,0.29921236634254456,0.2892017662525177,0.3204520344734192,0.5111309885978699,0.9386937022209167,0.8408557176589966,0.3954978883266449,0.3335612714290619,0.3540089726448059,0.3758440613746643,0.3378867208957672,0.31407105922698975,0.2205757051706314,0.1809951364994049,0.15469956398010254,0.14213906228542328,0.11588064581155777,0.16444891691207886,0.1410825103521347,0.18562354147434235,0.22682541608810425,0.2666122317314148,0.23476645350456238,0.22330135107040405,447.31149543692646,287.75054152769724,1402.2571935297967,0.011419663573085846,0.0009366461890749633,1140.0,1150.0,1145.0,1181.0,1191.0,1186.0,2,meditation
P6,-6.920427322387695,-11.690454483032227,-26.36602020263672,-32.81474685668945,-40.63580322265625,-42.97010040283203,-46.12980651855469,-47.675048828125,-47.51675796508789,-48.99315643310547,-49.28205490112305,-51.306915283203125,-52.04254150390625,-54.92670440673828,-56.49434280395508,-56.5617790222168,-56.97267532348633,-58.222110748291016,-58.9184684753418,-60.749149322509766,-62.05620574951172,-62.4219856262207,-63.20772171020508,-63.74324417114258,-63.907962799072266,-64.2203369140625,-63.966487884521484,-63.125553131103516,-63.06377029418945,-63.376739501953125,-63.954185485839844,-64.69712829589844,2.380525588989258,2.5673043727874756,2.423771619796753,2.929857015609741,2.4576268196105957,2.5514938831329346,2.2864151000976562,2.508765459060669,2.708528518676758,2.4264492988586426,2.587801694869995,2.587965250015259,2.7572033405303955,2.7570877075195312,2.737872362136841,2.5581040382385254,2.4444375038146973,2.5794341564178467,2.6503565311431885,2.5007500648498535,2.280121326446533,2.1439085006713867,1.9939649105072021,1.7968660593032837,1.7312785387039185,1.5652985572814941,1.5217747688293457,1.649872899055481,1.8579226732254028,1.6431808471679688,1.3561397790908813,1.2605525255203247,-295.02801513671875,68.39450073242188,30.569801330566406,18.78139305114746,18.435976028442383,14.318413734436035,11.184782981872559,10.24587631225586,5.002498626708984,3.5321450233459473,6.657983303070068,3.313265800476074,4.043825149536133,2.646260976791382,2.654904365539551,2.4780235290527344,2.1826250553131104,2.1923532485961914,2.252187967300415,2.1681504249572754,0.2952946126461029,0.28494828939437866,0.3167966306209564,0.5021018385887146,0.9372448921203613,0.8452361822128296,0.39591532945632935,0.3190726339817047,0.3378492593765259,0.3598444163799286,0.3250236511230469,0.3042621910572052,0.2104196697473526,0.17881567776203156,0.1584836095571518,0.14947853982448578,0.11634796112775803,0.15263065695762634,0.14649684727191925,0.18602177500724792,0.2068638801574707,0.23531204462051392,0.21115431189537048,0.20542249083518982,477.20199010639215,294.5452413536833,1468.069190286255,0.011498966792343388,0.0009363422286696732,1150.0,1160.0,1155.0,1191.0,1201.0,1196.0,2,meditation
P6,-5.899913787841797,-11.262603759765625,-25.559162139892578,-31.63542366027832,-39.574127197265625,-42.1536750793457,-45.35381317138672,-46.796932220458984,-46.670040130615234,-48.56962203979492,-48.90907287597656,-50.607391357421875,-51.64284896850586,-54.71025848388672,-56.1589469909668,-56.29191207885742,-56.93106460571289,-58.333499908447266,-58.923133850097656,-61.1392822265625,-62.38020324707031,-62.857696533203125,-63.49679183959961,-64.02303314208984,-64.0118179321289,-64.31429290771484,-63.97071838378906,-63.37692642211914,-63.41158676147461,-63.49876022338867,-63.82612991333008,-64.60032653808594,2.3818559646606445,2.545898914337158,2.3300297260284424,3.015526056289673,2.6521615982055664,2.9592173099517822,2.7504470348358154,2.7798402309417725,2.9147520065307617,2.7515969276428223,3.049745798110962,3.0558271408081055,2.977034568786621,2.9380404949188232,2.864412546157837,2.550666332244873,2.4829540252685547,2.731529474258423,2.5348498821258545,2.258568048477173,1.9574850797653198,1.8005620241165161,1.641623616218567,1.4946579933166504,1.435339331626892,1.3067344427108765,1.1856670379638672,1.4819656610488892,1.8132150173187256,1.7059787511825562,1.3837276697158813,1.2439714670181274,-293.6068420410156,70.72106170654297,31.3297061920166,18.18940544128418,18.453472137451172,14.286053657531738,10.910529136657715,9.97730541229248,5.169373512268066,3.2673463821411133,7.2970356941223145,3.143824577331543,3.7691848278045654,3.1433188915252686,2.701842784881592,2.6954097747802734,2.364887237548828,2.224868059158325,2.1911633014678955,2.304731607437134,0.3116026818752289,0.30581921339035034,0.3450986444950104,0.5316997766494751,0.9347984790802002,0.8166537880897522,0.40501731634140015,0.3471289575099945,0.37095484137535095,0.3958215117454529,0.35176458954811096,0.3269250690937042,0.20985159277915955,0.17765361070632935,0.16712656617164612,0.15644720196723938,0.11989079415798187,0.17521561682224274,0.1594373881816864,0.19351261854171753,0.20919159054756165,0.24348247051239014,0.21618546545505524,0.2093145251274109,444.7693621808136,282.45467254567865,1404.1072615664164,0.010848680394431555,0.0009572536218911409,1160.0,1170.0,1165.0,1201.0,1211.0,1206.0,2,meditation
P6,-7.634341716766357,-12.88314151763916,-27.107770919799805,-33.43168640136719,-41.51521301269531,-43.812255859375,-46.908931732177734,-48.47384262084961,-48.44154357910156,-50.303184509277344,-50.60554885864258,-52.580223083496094,-53.399417877197266,-56.24435043334961,-57.99191665649414,-57.94009017944336,-58.73944854736328,-60.1305046081543,-60.744815826416016,-62.90967559814453,-64.06547546386719,-64.54192352294922,-65.12093353271484,-65.44035339355469,-65.63827514648438,-65.8796615600586,-65.57878875732422,-65.10712432861328,-65.14671325683594,-65.15898895263672,-65.4675521850586,-66.17225646972656,2.3787944316864014,2.6876351833343506,2.418741226196289,2.9109721183776855,2.5753843784332275,2.4891672134399414,2.3187334537506104,2.6352040767669678,2.5631656646728516,2.377268075942993,2.533153533935547,2.5598514080047607,2.9197447299957275,2.855396032333374,2.710383653640747,2.2967679500579834,2.0741114616394043,2.27700138092041,2.2548108100891113,2.0054075717926025,1.9075982570648193,1.6285796165466309,1.4865715503692627,1.367017388343811,1.3073571920394897,1.2446209192276,1.122269868850708,1.287221074104309,1.594736933708191,1.4864951372146606,1.3801904916763306,1.2502565383911133,-303.1925354003906,70.54377746582031,31.512420654296875,18.27760124206543,18.3257999420166,14.3758544921875,10.945953369140625,9.8216552734375,5.415846347808838,3.3612589836120605,5.953625202178955,2.6752102375030518,3.4711437225341797,2.789985179901123,2.618840456008911,2.428321361541748,1.980987787246704,2.1946334838867188,2.1099424362182617,2.2945120334625244,0.30554917454719543,0.3063722252845764,0.3513667583465576,0.5448225140571594,0.9431650638580322,0.809407114982605,0.40098753571510315,0.339923620223999,0.34925755858421326,0.3647657632827759,0.32766643166542053,0.3112090528011322,0.21570347249507904,0.19003622233867645,0.17985691130161285,0.15864689648151398,0.11428087204694748,0.16620902717113495,0.16610835492610931,0.1956479847431183,0.2032238394021988,0.2364843189716339,0.21174216270446777,0.20713666081428528,445.8521806615913,280.55615347665315,1407.897641256853,0.01123160165313225,0.0009423295268788934,1170.0,1180.0,1175.0,1211.0,1221.0,1216.0,2,meditation
P6,-6.797525405883789,-11.808228492736816,-26.027565002441406,-32.0717887878418,-39.7416877746582,-42.09163284301758,-45.56345748901367,-47.10499572753906,-47.13456726074219,-48.95930480957031,-49.469539642333984,-51.22023010253906,-52.037567138671875,-54.79035568237305,-56.58111572265625,-56.573421478271484,-57.18291473388672,-58.21527862548828,-58.81838607788086,-60.772613525390625,-62.08759307861328,-62.6877555847168,-63.53954315185547,-63.89156723022461,-64.04789733886719,-64.38604736328125,-64.13465118408203,-63.35067367553711,-63.1966438293457,-63.34709930419922,-63.7623176574707,-64.6007080078125,2.667534828186035,2.785515308380127,2.4963274002075195,2.9219911098480225,2.535940647125244,2.5550453662872314,2.4180986881256104,2.3705549240112305,2.6596550941467285,2.365633487701416,2.4670639038085938,2.401306390762329,2.545464515686035,2.497755765914917,2.5761923789978027,2.5300405025482178,2.3344666957855225,2.542240619659424,2.5533769130706787,2.3810317516326904,2.1978020668029785,2.0215771198272705,1.9280409812927246,1.8225356340408325,1.638843297958374,1.4863563776016235,1.4522342681884766,1.8123054504394531,2.0520358085632324,1.9050209522247314,1.7242666482925415,1.5735304355621338,-294.509033203125,69.53128814697266,31.156879425048828,18.525243759155273,18.291772842407227,13.494430541992188,10.669869422912598,9.788915634155273,4.77817440032959,3.391834020614624,7.061604022979736,3.3143150806427,3.193190574645996,2.8031039237976074,2.7157227993011475,2.232059955596924,2.1516757011413574,2.357198476791382,2.2299392223358154,2.141960859298706,0.2943039536476135,0.29194408655166626,0.34429463744163513,0.5517167448997498,0.9548165202140808,0.8104020953178406,0.3814398944377899,0.3225081264972687,0.3404482305049896,0.35760536789894104,0.3227895498275757,0.30346423387527466,0.2152942270040512,0.18122883141040802,0.17058391869068146,0.15031811594963074,0.09693703055381775,0.1599595546722412,0.14783790707588196,0.1869221180677414,0.2150985300540924,0.24519723653793335,0.21878017485141754,0.21284745633602142,483.82388806753755,305.56164805684455,1475.445068914165,0.012260277697215776,0.0008947502356022596,1180.0,1190.0,1185.0,1221.0,1231.0,1226.0,2,meditation
P6,-5.373517990112305,-10.494507789611816,-25.013818740844727,-31.348546981811523,-39.22869110107422,-41.39189910888672,-44.79233932495117,-46.3792610168457,-46.21175765991211,-48.25727844238281,-48.86508560180664,-50.702964782714844,-51.473636627197266,-54.64658737182617,-56.56165313720703,-56.379234313964844,-56.80720520019531,-58.35544967651367,-58.835819244384766,-60.8051643371582,-61.936729431152344,-62.55146026611328,-63.11227798461914,-63.32596969604492,-63.40403747558594,-63.821781158447266,-63.40258026123047,-62.9365119934082,-62.99915313720703,-63.12641906738281,-63.32268524169922,-64.0751724243164,2.3476080894470215,2.536397695541382,2.407651901245117,2.9874913692474365,2.387022018432617,2.61708664894104,2.5708823204040527,2.494710922241211,2.421178102493286,2.109003782272339,2.33845853805542,2.3153576850891113,2.3648476600646973,2.3699519634246826,2.347776412963867,1.988210678100586,1.8526933193206787,1.924451231956482,1.8514472246170044,1.8059486150741577,1.5079940557479858,1.3961493968963623,1.3289709091186523,1.237481951713562,1.126643419265747,1.0668284893035889,0.9950408935546875,1.2114365100860596,1.511190414428711,1.549108624458313,1.4462321996688843,1.2240729331970215,-291.6707763671875,70.62387084960938,32.4025993347168,18.628700256347656,17.91607093811035,14.120683670043945,11.018166542053223,10.01790714263916,5.370299816131592,3.314565658569336,4.562314987182617,3.0206284523010254,2.563156843185425,2.4933204650878906,2.516328811645508,2.182340621948242,2.0968854427337646,2.122354745864868,2.0003926753997803,2.1303515434265137,0.3092559278011322,0.29443541169166565,0.3212432563304901,0.5086858868598938,0.9391388893127441,0.8479750156402588,0.41640499234199524,0.34998467564582825,0.3659919798374176,0.3888099491596222,0.3516842722892761,0.32859355211257935,0.2191620171070099,0.1859675943851471,0.17120157182216644,0.15597738325595856,0.11239833384752274,0.15295590460300446,0.16934771835803986,0.2091146856546402,0.226713627576828,0.2580169141292572,0.23160403966903687,0.22157670557498932,445.9896484997064,271.7380320113109,1408.8612588748713,0.01115116553074246,0.0009254089673049748,1190.0,1200.0,1195.0,1231.0,1241.0,1236.0,2,meditation
P6,-7.523738861083984,-12.17169189453125,-26.614545822143555,-33.05717849731445,-41.00639724731445,-43.29643249511719,-46.69600296020508,-48.04409408569336,-48.06418991088867,-50.13865661621094,-50.38315963745117,-52.315818786621094,-53.0140495300293,-56.50420379638672,-58.23631286621094,-57.9537353515625,-58.70793914794922,-60.09700012207031,-60.563758850097656,-62.5874137878418,-63.592552185058594,-64.1485595703125,-64.77851867675781,-65.03803253173828,-65.07009887695312,-65.43440246582031,-64.9470443725586,-64.49104309082031,-64.6142807006836,-64.70882415771484,-65.13316345214844,-65.64952850341797,2.4149930477142334,2.762519359588623,2.375011444091797,2.9747886657714844,2.4641969203948975,2.3886959552764893,2.348400831222534,2.4921698570251465,2.4099016189575195,2.1982274055480957,2.2629106044769287,2.1124632358551025,2.1501173973083496,2.1660375595092773,2.197399854660034,1.947266936302185,1.8872321844100952,1.9632452726364136,2.10713267326355,1.9686956405639648,1.782814621925354,1.3750841617584229,1.3681608438491821,1.3333901166915894,1.2637410163879395,1.1433136463165283,1.069500207901001,1.4274214506149292,1.6098971366882324,1.3576442003250122,1.1051461696624756,1.0841655731201172,-301.3304138183594,70.27881622314453,32.37055587768555,18.51566505432129,17.84406852722168,14.29271411895752,11.03123664855957,9.940314292907715,5.113727569580078,3.1970818042755127,4.493325233459473,2.7792322635650635,2.6747395992279053,2.2847180366516113,2.351292133331299,2.107754707336426,2.2576589584350586,2.2373032569885254,2.0973658561706543,2.1782689094543457,0.26681578159332275,0.26575541496276855,0.31032025814056396,0.5088165402412415,0.9366079568862915,0.8125916719436646,0.3917543590068817,0.32429590821266174,0.3403186798095703,0.35997241735458374,0.3166486918926239,0.28666478395462036,0.2091253250837326,0.18563570082187653,0.17192773520946503,0.1536055952310562,0.12315276265144348,0.1702776700258255,0.16652198135852814,0.20482583343982697,0.21668784320354462,0.2461119443178177,0.22463247179985046,0.21643613278865814,453.971114387946,276.334446599478,1424.8929709827778,0.011839970635150812,0.0008872691541910172,1200.0,1210.0,1205.0,1241.0,1251.0,1246.0,2,meditation
P6,-7.162217140197754,-12.179914474487305,-26.443445205688477,-32.86049270629883,-41.13585662841797,-43.56228256225586,-46.63076400756836,-48.06028747558594,-47.647178649902344,-49.8687744140625,-50.30205154418945,-52.178199768066406,-52.96687316894531,-56.36762237548828,-57.90951919555664,-57.6899299621582,-58.32157516479492,-59.76372528076172,-60.304222106933594,-62.37677001953125,-63.380863189697266,-63.94245910644531,-64.47904205322266,-64.78878021240234,-64.92416381835938,-65.2118148803711,-64.69541931152344,-64.2190933227539,-64.40340423583984,-64.65716552734375,-64.9827651977539,-65.40272521972656,2.3577380180358887,2.6943862438201904,2.499202251434326,3.0144710540771484,2.297908067703247,2.323941707611084,2.1643247604370117,2.391754150390625,2.5870187282562256,2.2079954147338867,2.2411558628082275,2.0680861473083496,2.2454798221588135,2.1227777004241943,2.2784924507141113,2.276440382003784,2.254432439804077,2.2986178398132324,2.108597993850708,1.8639017343521118,1.680266261100769,1.482670783996582,1.420621633529663,1.3778468370437622,1.3250776529312134,1.1600373983383179,1.1646846532821655,1.4673502445220947,1.6145718097686768,1.2805062532424927,1.0802446603775024,1.0917567014694214,-300.3116455078125,70.0073471069336,32.12506103515625,18.631189346313477,18.002559661865234,14.42518424987793,11.131135940551758,10.224140167236328,5.394413471221924,3.1968319416046143,4.790909290313721,2.786898374557495,3.1962780952453613,2.3807218074798584,2.4183170795440674,2.132699966430664,2.2713325023651123,2.145099401473999,2.18005108833313,2.1311161518096924,0.2789902687072754,0.2810031473636627,0.32960736751556396,0.530956506729126,0.9552812576293945,0.8213274478912354,0.3917025923728943,0.3237565755844116,0.3332200050354004,0.3493010401725769,0.3051314353942871,0.284091591835022,0.19295689463615417,0.17284345626831055,0.1579878181219101,0.14023937284946442,0.09572821110486984,0.16547316312789917,0.15422040224075317,0.18640945851802826,0.19597814977169037,0.22338256239891052,0.1900310516357422,0.18492485582828522,450.72981068461525,277.58347230278423,1420.7038752448973,0.012191170606148492,0.0009002161677926779,1210.0,1220.0,1215.0,1251.0,1261.0,1256.0,2,meditation
P6,-6.675560474395752,-12.0829439163208,-25.967464447021484,-32.31930160522461,-40.8148078918457,-43.18183517456055,-46.51314163208008,-47.895729064941406,-47.678810119628906,-49.83454895019531,-50.34307861328125,-52.46760940551758,-52.91413116455078,-56.208106994628906,-57.851200103759766,-57.64606475830078,-58.42064666748047,-59.81086730957031,-60.06940460205078,-62.25315856933594,-63.33320617675781,-63.865386962890625,-64.42424774169922,-64.55426025390625,-64.67996978759766,-65.0495834350586,-64.62834167480469,-64.20328521728516,-64.5562515258789,-64.65809631347656,-64.95838928222656,-65.46968078613281,2.50350022315979,2.740913152694702,2.608163595199585,3.1420915126800537,2.395188570022583,2.5752570629119873,2.305227518081665,2.45996356010437,2.696056365966797,2.397677421569824,2.311681032180786,2.223461389541626,2.4150285720825195,2.2758779525756836,2.3466427326202393,2.1735048294067383,2.1453096866607666,2.278496265411377,2.4573912620544434,2.133859157562256,1.8157896995544434,1.6102967262268066,1.587614893913269,1.4759291410446167,1.4003350734710693,1.330934762954712,1.1725209951400757,1.4163951873779297,1.6576353311538696,1.338558316230774,1.001612901687622,1.0101534128189087,-299.6946716308594,70.45115661621094,32.487483978271484,19.17319679260254,17.969318389892578,14.444823265075684,10.957446098327637,9.990053176879883,5.386008262634277,3.1107091903686523,5.398261547088623,2.811495304107666,3.249647378921509,2.285585403442383,2.4997737407684326,2.2145185470581055,2.1060805320739746,2.3121955394744873,2.279221773147583,2.1420319080352783,0.32536089420318604,0.3127279281616211,0.3558236062526703,0.5699511766433716,0.9535740613937378,0.7769627571105957,0.3882935345172882,0.3516279458999634,0.3679368197917938,0.3801622986793518,0.3433237075805664,0.3302415907382965,0.23442918062210083,0.19743210077285767,0.17268642783164978,0.1479799747467041,0.10933054983615875,0.17370569705963135,0.16245098412036896,0.2192259579896927,0.22642795741558075,0.24084888398647308,0.21216486394405365,0.2201583981513977,439.1643358799423,278.90743954828883,1394.5389521555883,0.011344891966357308,0.0009263663087040186,1220.0,1230.0,1225.0,1261.0,1271.0,1266.0,2,meditation
P6,-5.7125563621521,-11.14961051940918,-25.3309383392334,-31.831026077270508,-39.77838134765625,-42.44173812866211,-45.672733306884766,-47.12250900268555,-46.82857894897461,-49.03952407836914,-49.699649810791016,-51.62039566040039,-52.20087432861328,-55.831871032714844,-57.73146057128906,-57.34832763671875,-57.83342361450195,-59.393436431884766,-59.76999282836914,-61.91694641113281,-62.87387466430664,-63.348426818847656,-63.67811965942383,-63.90614700317383,-64.02599334716797,-64.23477935791016,-63.859317779541016,-63.518131256103516,-63.89856719970703,-63.924381256103516,-64.12965393066406,-64.61404418945312,2.39807391166687,2.767380475997925,2.369802474975586,2.9094111919403076,2.5307133197784424,2.5162508487701416,2.313983678817749,2.5492918491363525,2.5489816665649414,2.3674731254577637,2.5284249782562256,2.138079881668091,2.4723527431488037,2.1738297939300537,2.139643430709839,2.0156161785125732,2.003248453140259,1.9050235748291016,2.0127713680267334,1.8237857818603516,1.7055083513259888,1.6103569269180298,1.5926100015640259,1.4667831659317017,1.3689247369766235,1.436805009841919,1.3504140377044678,1.32111656665802,1.565325379371643,1.4512594938278198,1.1707674264907837,1.2442333698272705,-295.9710998535156,70.66168212890625,33.298072814941406,18.956340789794922,17.601186752319336,14.519109725952148,11.185583114624023,10.070534706115723,5.554330825805664,2.9961483478546143,5.580586910247803,2.6191318035125732,2.690959930419922,2.224989891052246,2.2892308235168457,2.198762893676758,2.169600009918213,2.169265031814575,2.003113269805908,2.091914415359497,0.32502061128616333,0.3162928521633148,0.3496033251285553,0.532145619392395,0.9360355138778687,0.8243747353553772,0.42562106251716614,0.3698023557662964,0.39333486557006836,0.4163806736469269,0.3640627861022949,0.33615246415138245,0.22141484916210175,0.18528692424297333,0.1633833646774292,0.15071628987789154,0.12036214023828506,0.16755840182304382,0.16089145839214325,0.19455835223197937,0.21405743062496185,0.2481299638748169,0.21525602042675018,0.21319183707237244,430.1784790981108,271.98783715197214,1380.0464006698046,0.01130977196925754,0.0009399048867635429,1230.0,1240.0,1235.0,1271.0,1281.0,1276.0,2,meditation
P6,-6.201083660125732,-10.936081886291504,-25.20496940612793,-31.525548934936523,-39.57292556762695,-42.03910827636719,-45.39612579345703,-46.90380859375,-46.698875427246094,-48.8928337097168,-49.29072570800781,-51.303768157958984,-51.92255401611328,-55.566864013671875,-57.155818939208984,-56.60342788696289,-57.378578186035156,-58.889610290527344,-59.39550018310547,-61.483787536621094,-62.443580627441406,-62.935997009277344,-63.479644775390625,-63.78812026977539,-63.769718170166016,-64.12474060058594,-63.573829650878906,-63.20271682739258,-63.35552215576172,-63.44490432739258,-63.76220703125,-64.31355285644531,2.43148136138916,2.7068634033203125,2.5517160892486572,3.137070417404175,2.492462396621704,2.539888858795166,2.242560863494873,2.3403968811035156,2.5383708477020264,2.1601414680480957,2.3020870685577393,2.1797807216644287,2.3081214427948,1.9975683689117432,2.270368814468384,2.2192678451538086,2.213163137435913,2.200812578201294,2.0833470821380615,1.9991947412490845,1.485120415687561,1.4008101224899292,1.2602595090866089,1.289596676826477,1.1601638793945312,1.096384048461914,1.09968900680542,1.4334230422973633,1.8410674333572388,1.6285654306411743,1.136163592338562,1.2426855564117432,-294.2547912597656,70.27985382080078,32.809539794921875,18.6854248046875,17.84259033203125,14.17611026763916,10.81601619720459,9.915995597839355,5.267144680023193,3.0241777896881104,4.56358003616333,2.990300178527832,3.0253140926361084,2.448063611984253,2.5298922061920166,2.248919725418091,2.2255923748016357,2.188120126724243,2.268256187438965,2.177847385406494,0.2676808536052704,0.2700623571872711,0.32164135575294495,0.5674558281898499,0.9643427133560181,0.8042417764663696,0.37784719467163086,0.32562652230262756,0.3289262354373932,0.3314344584941864,0.2934410572052002,0.27495095133781433,0.20276948809623718,0.17378708720207214,0.17043353617191315,0.13825349509716034,0.08854787051677704,0.15685924887657166,0.15769696235656738,0.1877022385597229,0.2133355736732483,0.23842096328735352,0.2140781581401825,0.20702503621578217,460.0113505728389,282.82938025667056,1434.3764084406155,0.011941931917053365,0.0008755566086620092,1240.0,1250.0,1245.0,1281.0,1291.0,1286.0,2,meditation
P6,-7.027640342712402,-12.24421501159668,-26.42383575439453,-32.79465103149414,-40.471588134765625,-43.35913848876953,-46.269371032714844,-47.72184371948242,-47.45930480957031,-49.51478958129883,-49.92120361328125,-51.842498779296875,-52.54003143310547,-55.80312728881836,-57.68812561035156,-57.18518829345703,-57.85731887817383,-59.24850845336914,-59.84048843383789,-61.678096771240234,-62.772865295410156,-63.239906311035156,-63.860626220703125,-64.23538970947266,-64.47264862060547,-64.79572296142578,-64.32799530029297,-63.774959564208984,-63.84919738769531,-63.97407150268555,-64.48149108886719,-65.01692199707031,2.545560836791992,2.7589402198791504,2.4138145446777344,2.885524272918701,2.1623170375823975,2.454224109649658,2.30880069732666,2.90777325630188,3.1920807361602783,2.7350919246673584,2.6906800270080566,2.5900003910064697,2.797142744064331,2.708885669708252,2.7839720249176025,2.451510429382324,2.5653977394104004,2.913456439971924,2.7756528854370117,2.5489566326141357,2.3840396404266357,2.3797478675842285,2.1360092163085938,1.8381162881851196,1.541646957397461,1.3812181949615479,1.5076332092285156,1.784555196762085,2.4031267166137695,2.1335983276367188,1.5566022396087646,1.5956636667251587,-297.9911804199219,69.31324005126953,31.72504425048828,18.64570426940918,17.868240356445312,14.13455581665039,11.153287887573242,10.065385818481445,5.170787334442139,3.3282902240753174,7.8867716789245605,3.4835894107818604,3.9357845783233643,3.1327016353607178,2.4146852493286133,2.4465720653533936,2.211242437362671,2.185201406478882,2.213508129119873,2.1528851985931396,0.2915286123752594,0.2848259508609772,0.33336305618286133,0.5476163625717163,0.943683922290802,0.8111993670463562,0.4033993184566498,0.35793179273605347,0.3839520514011383,0.4050382077693939,0.3516215980052948,0.31575384736061096,0.20711776614189148,0.17054344713687897,0.15728765726089478,0.14069706201553345,0.11224161088466644,0.16311658918857574,0.1702243834733963,0.20727403461933136,0.2298954278230667,0.26083341240882874,0.2299673855304718,0.21574673056602478,478.4796565465136,313.00584124854987,1462.0649096312043,0.012066551261600928,0.0008783469093032181,1250.0,1260.0,1255.0,1291.0,1301.0,1296.0,2,meditation
P6,-6.811002254486084,-11.950610160827637,-26.056676864624023,-32.11286163330078,-40.915550231933594,-43.31726837158203,-46.5169563293457,-47.91447448730469,-47.323726654052734,-49.552921295166016,-50.113651275634766,-51.97629165649414,-52.52761459350586,-56.234642028808594,-57.88908004760742,-57.3587760925293,-58.17320251464844,-59.65529251098633,-60.05457305908203,-62.06440353393555,-62.99010467529297,-63.587615966796875,-64.0544204711914,-64.3414306640625,-64.48687744140625,-64.8099594116211,-64.33995819091797,-63.719905853271484,-63.851806640625,-64.08240509033203,-64.51789855957031,-64.93544006347656,2.510639190673828,2.6497116088867188,2.6206939220428467,3.0763869285583496,2.3752734661102295,2.30415940284729,2.280032157897949,2.4087018966674805,2.6076533794403076,2.1670143604278564,2.4223716259002686,2.1204230785369873,2.2955498695373535,2.308131456375122,2.418461322784424,2.454742670059204,2.4585845470428467,2.3367347717285156,2.2713422775268555,2.132122278213501,1.9810882806777954,1.779711127281189,1.6895246505737305,1.6092331409454346,1.4942399263381958,1.435639500617981,1.46702241897583,1.8098126649856567,2.339221715927124,2.1199090480804443,1.4628404378890991,1.459992527961731,-298.4410095214844,69.64616394042969,32.584041595458984,18.72462272644043,17.962697982788086,14.493085861206055,11.266402244567871,10.149455070495605,5.191066265106201,3.103747844696045,5.891583442687988,3.4750585556030273,3.427025079727173,2.4263811111450195,2.6227121353149414,2.195935010910034,2.104860544204712,2.137784004211426,2.2130126953125,2.3547024726867676,0.31307828426361084,0.3098829686641693,0.35450461506843567,0.5749056935310364,0.9497244358062744,0.7947622537612915,0.38815489411354065,0.34103164076805115,0.37476712465286255,0.3988972008228302,0.3542681932449341,0.32874172925949097,0.23062072694301605,0.19632728397846222,0.17399342358112335,0.14616228640079498,0.10512510687112808,0.17005158960819244,0.15997934341430664,0.19894719123840332,0.23346638679504395,0.2662925720214844,0.2322424352169037,0.22687990963459015,464.0871727125435,288.2501518090197,1443.7445701525683,0.011747072578306265,0.0009068743092939258,1260.0,1270.0,1265.0,1301.0,1311.0,1306.0,2,meditation
P6,-6.609007835388184,-11.504018783569336,-25.782175064086914,-31.97502899169922,-40.53232955932617,-43.09910202026367,-46.39523696899414,-47.61861038208008,-47.329444885253906,-49.573272705078125,-50.02531433105469,-52.0228271484375,-52.76271438598633,-56.344600677490234,-57.88151550292969,-57.430076599121094,-58.099876403808594,-59.63833236694336,-59.993282318115234,-62.00786209106445,-62.9896240234375,-63.599449157714844,-64.04592895507812,-64.3433609008789,-64.3151626586914,-64.72703552246094,-64.3326416015625,-63.92667007446289,-64.04518127441406,-64.08897399902344,-64.4700927734375,-65.14431762695312,2.376797676086426,2.5520291328430176,2.5503270626068115,3.1085901260375977,2.3243565559387207,2.506837844848633,2.344057559967041,2.5004308223724365,2.37807559967041,2.1457080841064453,2.342069149017334,2.103610038757324,2.2851364612579346,2.177495002746582,2.3554775714874268,2.1656501293182373,2.228940725326538,2.204613208770752,2.11517071723938,2.139291763305664,1.854901671409607,1.6839808225631714,1.6759110689163208,1.783372402191162,1.6779577732086182,1.4066202640533447,1.3225795030593872,2.063236713409424,2.5523931980133057,2.291454315185547,1.790080189704895,1.6664685010910034,-298.16094970703125,70.16866302490234,32.86802291870117,19.1140193939209,17.887256622314453,14.385613441467285,11.16959285736084,10.160162925720215,5.33835506439209,2.9741122722625732,5.9856977462768555,3.638892889022827,3.116635799407959,2.604597806930542,2.4375078678131104,2.1812233924865723,2.0949904918670654,2.0979702472686768,2.2377989292144775,2.229830503463745,0.2751806378364563,0.27494221925735474,0.3271487355232239,0.5254895091056824,0.9481252431869507,0.8338557481765747,0.39507752656936646,0.31577280163764954,0.32312607765197754,0.3400183320045471,0.3035355806350708,0.2842872440814972,0.20215339958667755,0.17628487944602966,0.16628389060497284,0.14870303869247437,0.10406426340341568,0.1581447571516037,0.14920587837696075,0.1814723163843155,0.201239213347435,0.23054230213165283,0.20089970529079437,0.19614660739898682,459.24013069179637,315.2041264863689,1425.6346547548003,0.012380365429234338,0.0009036712581291795,1270.0,1280.0,1275.0,1311.0,1321.0,1316.0,2,meditation
P6,-6.72139835357666,-11.535167694091797,-26.284820556640625,-32.79798889160156,-40.02615737915039,-42.71903991699219,-46.131553649902344,-47.334930419921875,-47.0699577331543,-49.08454132080078,-49.826847076416016,-51.57379150390625,-52.36369705200195,-55.73663330078125,-57.25600051879883,-56.71923065185547,-57.3431282043457,-58.79487991333008,-59.44810485839844,-61.4221305847168,-62.54111099243164,-63.108516693115234,-63.66774368286133,-64.06769561767578,-64.13721466064453,-64.64068603515625,-64.18692016601562,-63.413055419921875,-63.18133544921875,-63.2907829284668,-63.94442367553711,-64.6339111328125,2.529472589492798,2.6025383472442627,2.468486785888672,3.1705498695373535,2.626127243041992,2.847370147705078,2.8345155715942383,3.06925106048584,3.232577323913574,3.228189706802368,2.9525532722473145,2.9899280071258545,3.142807960510254,3.2339162826538086,3.4064018726348877,3.2169759273529053,2.9039716720581055,2.8879356384277344,2.6822845935821533,2.878284454345703,2.739145040512085,2.4810962677001953,2.6124560832977295,2.5878968238830566,2.1675643920898438,1.984730839729309,1.8325977325439453,2.213481903076172,2.689343214035034,2.6301703453063965,2.13366436958313,1.994004249572754,-296.1015625,69.22245788574219,31.958091735839844,18.447002410888672,18.244417190551758,13.863739013671875,10.968369483947754,10.303523063659668,5.369158744812012,3.4964349269866943,10.623652458190918,3.7103383541107178,4.081051826477051,3.0081305503845215,2.6782608032226562,2.289231300354004,2.2658638954162598,2.1861319541931152,2.063418388366699,2.2830650806427,0.2967548966407776,0.2994074523448944,0.3488532602787018,0.5742670893669128,0.9548408389091492,0.8201236128807068,0.38367411494255066,0.32590681314468384,0.33446115255355835,0.34231504797935486,0.3111225664615631,0.30049607157707214,0.21629562973976135,0.1846427619457245,0.17641471326351166,0.1483331173658371,0.08826267719268799,0.1675998866558075,0.1664912849664688,0.19929815828800201,0.21074114739894867,0.22791212797164917,0.20557400584220886,0.21076802909374237,476.17403587052144,311.90669862964035,1460.3375617936697,0.012018969330046404,0.0009231549920514226,1280.0,1290.0,1285.0,1321.0,1331.0,1326.0,2,meditation
P6,-6.764970302581787,-11.856748580932617,-26.179014205932617,-32.45802688598633,-40.71530532836914,-42.636619567871094,-46.1778564453125,-47.860107421875,-47.46788024902344,-49.79407501220703,-50.06920623779297,-52.002296447753906,-52.47986602783203,-55.998104095458984,-57.67770767211914,-57.2895393371582,-58.05341720581055,-59.30742645263672,-59.93403625488281,-62.127445220947266,-63.29251480102539,-63.872154235839844,-64.47076416015625,-64.75801086425781,-64.90485382080078,-65.19723510742188,-64.83661651611328,-63.89059829711914,-63.67153549194336,-63.825157165527344,-64.33088684082031,-65.09318542480469,2.394141674041748,2.661658763885498,2.495821475982666,2.883500099182129,2.6198387145996094,2.4868133068084717,2.2662694454193115,2.4656786918640137,2.59735369682312,2.332838773727417,2.136753797531128,2.0999343395233154,2.1616404056549072,2.0174386501312256,2.2059645652770996,2.1919989585876465,2.129976749420166,2.1857614517211914,2.0622119903564453,1.9311355352401733,1.6371121406555176,1.364761233329773,1.2905633449554443,1.1256705522537231,1.1038458347320557,1.0200650691986084,1.0700879096984863,1.552711844444275,2.200470447540283,2.155590295791626,1.5836377143859863,1.3938252925872803,-298.57464599609375,70.18231964111328,32.52053451538086,18.220781326293945,18.611530303955078,13.990809440612793,10.845990180969238,10.109931945800781,5.077245712280273,3.433744430541992,4.7039361000061035,3.024763822555542,2.8527801036834717,2.7077057361602783,2.727668046951294,2.2832984924316406,2.1605331897735596,2.2890090942382812,2.2681026458740234,2.1482908725738525,0.31160449981689453,0.30862942337989807,0.35333460569381714,0.562767505645752,0.9558650255203247,0.8142215013504028,0.39344677329063416,0.3432134985923767,0.35919344425201416,0.37315696477890015,0.3347143828868866,0.31858474016189575,0.21814300119876862,0.18599647283554077,0.17066392302513123,0.14765849709510803,0.09496510028839111,0.1590362787246704,0.16003452241420746,0.200475811958313,0.21535243093967438,0.23633994162082672,0.2076999992132187,0.21191325783729553,456.420719188544,274.0612198194606,1435.8485573808773,0.011634915168213458,0.0009356911177746952,1290.0,1300.0,1295.0,1331.0,1341.0,1336.0,2,meditation
P6,-5.853499889373779,-11.186543464660645,-25.69827651977539,-31.958066940307617,-39.634952545166016,-41.66212463378906,-45.08338928222656,-46.80641555786133,-46.36158752441406,-48.68729782104492,-49.09183883666992,-50.930416107177734,-51.655208587646484,-54.96516036987305,-56.86606979370117,-56.23836898803711,-56.92028045654297,-58.45124053955078,-59.03407287597656,-61.148948669433594,-62.33683395385742,-63.03634262084961,-63.41199493408203,-63.721351623535156,-63.88302230834961,-64.07230377197266,-63.59036636352539,-63.00374221801758,-62.95589065551758,-63.076175689697266,-63.543701171875,-64.2789077758789,2.3272197246551514,2.893470525741577,2.516883373260498,2.941659688949585,2.4217605590820312,2.4911365509033203,2.1003549098968506,2.388119697570801,2.584083080291748,2.379910707473755,2.2033493518829346,2.3289623260498047,2.5548036098480225,2.3600053787231445,2.1232235431671143,2.0954651832580566,2.057734727859497,2.088521718978882,2.0093541145324707,2.0283820629119873,1.7592928409576416,1.5125905275344849,1.4227919578552246,1.411708950996399,1.343151569366455,1.2680662870407104,1.0965185165405273,1.5249338150024414,2.079294204711914,1.9774656295776367,1.6056405305862427,1.3541895151138306,-293.2980651855469,70.08901977539062,32.128231048583984,18.083494186401367,18.10543441772461,14.021124839782715,10.6613187789917,10.235514640808105,5.364778995513916,3.4493327140808105,5.225457668304443,2.882150888442993,3.1690287590026855,2.798412799835205,2.509948253631592,2.10024094581604,2.0315372943878174,2.17710280418396,2.244412422180176,2.2050464153289795,0.3086489737033844,0.3001655042171478,0.3385641574859619,0.5393012762069702,0.9312465190887451,0.8260799050331116,0.4285818338394165,0.3785378038883209,0.3880886435508728,0.3989757299423218,0.35127922892570496,0.32418233156204224,0.22278733551502228,0.1888360232114792,0.17687398195266724,0.1559009850025177,0.11872991919517517,0.16672462224960327,0.17638839781284332,0.2211667150259018,0.24147158861160278,0.273932546377182,0.2397582232952118,0.22636863589286804,464.03060524340475,281.25560787050466,1445.4718358177067,0.011458182279582367,0.0009064445039257407,1300.0,1310.0,1305.0,1341.0,1351.0,1346.0,2,meditation
P6,-8.373820304870605,-13.322179794311523,-27.844058990478516,-33.97187805175781,-42.00023651123047,-44.31002426147461,-47.674232482910156,-49.03276824951172,-49.00752258300781,-51.158226013183594,-51.94135665893555,-53.72426223754883,-54.16847229003906,-57.46354293823242,-59.23008346557617,-58.77269744873047,-59.43528747558594,-60.97917175292969,-61.28420639038086,-63.39613723754883,-64.39384460449219,-65.1189956665039,-65.68055725097656,-65.88036346435547,-66.03585052490234,-66.47308349609375,-66.14628601074219,-65.4423828125,-65.33811950683594,-65.43051147460938,-65.9171371459961,-66.65650939941406,2.382272720336914,2.7317850589752197,2.4503679275512695,2.8863322734832764,2.4073596000671387,2.4068758487701416,2.25856876373291,2.397751569747925,2.604095220565796,2.2970805168151855,2.3502919673919678,2.3207576274871826,2.3351058959960938,2.134762763977051,2.3819103240966797,2.151475429534912,2.197432041168213,2.253957748413086,2.238901376724243,2.1686065196990967,1.9236226081848145,1.7838404178619385,1.7136822938919067,1.658041000366211,1.5033681392669678,1.383192539215088,1.2687811851501465,1.5298014879226685,2.057692289352417,1.9165552854537964,1.595139980316162,1.3491066694259644,-306.8143005371094,69.87364196777344,32.35025405883789,18.817977905273438,18.134477615356445,13.844948768615723,10.796476364135742,9.968677520751953,5.314993858337402,3.530425786972046,5.52076530456543,3.390636920928955,3.1032986640930176,2.689525842666626,2.6889495849609375,2.268738031387329,2.107640027999878,2.1290135383605957,2.1929967403411865,2.1870956420898438,0.2855205237865448,0.2813650369644165,0.3298586308956146,0.5664306282997131,0.9547033309936523,0.8006143569946289,0.39329013228416443,0.34002041816711426,0.3470180928707123,0.35401085019111633,0.3149334192276001,0.29612672328948975,0.209800124168396,0.18492451310157776,0.17567823827266693,0.1412511020898819,0.09684742242097855,0.16901226341724396,0.18333914875984192,0.20978671312332153,0.21907036006450653,0.24061213433742523,0.2056494504213333,0.20286859571933746,470.7259350266493,297.26811738689094,1452.2089887512275,0.011710819678074245,0.0008969519985839725,1310.0,1320.0,1315.0,1351.0,1361.0,1356.0,2,meditation
P6,-5.987350940704346,-10.98310661315918,-24.904815673828125,-30.982440948486328,-39.46598434448242,-41.71589660644531,-44.99442672729492,-46.463645935058594,-46.20711135864258,-48.49394607543945,-48.879417419433594,-50.78886413574219,-51.69142532348633,-54.9206657409668,-56.52253723144531,-56.184226989746094,-56.80039596557617,-58.23925018310547,-58.75687026977539,-60.8298225402832,-61.949073791503906,-62.61103439331055,-63.09006118774414,-63.3950309753418,-63.51406478881836,-63.82838439941406,-63.42535400390625,-62.730777740478516,-62.6213264465332,-62.81307601928711,-63.181251525878906,-63.936012268066406,2.4003734588623047,2.793210983276367,2.4016950130462646,2.931683301925659,2.548489809036255,2.6296112537384033,2.381755828857422,2.498628854751587,2.597169876098633,2.4444010257720947,2.4656801223754883,2.255187511444092,2.476464033126831,2.2061426639556885,2.262737989425659,2.162186622619629,2.2706170082092285,2.297123432159424,2.2178516387939453,2.1055455207824707,1.9751181602478027,1.802344560623169,1.6985214948654175,1.6424399614334106,1.597551941871643,1.5787981748580933,1.4939042329788208,1.7468706369400024,2.14296817779541,2.096527338027954,1.894344687461853,1.6595406532287598,-291.8420104980469,69.9620590209961,32.4164924621582,18.404874801635742,18.08148765563965,13.833358764648438,10.737034797668457,10.036993026733398,5.121316909790039,3.137012004852295,6.869664669036865,3.114408254623413,2.884276866912842,2.4493446350097656,2.468623161315918,2.278106451034546,2.265259265899658,2.251925468444824,2.1189382076263428,2.1466941833496094,0.27016979455947876,0.2790375053882599,0.34129998087882996,0.5608364939689636,0.9439173340797424,0.7944180965423584,0.3823637366294861,0.3244239389896393,0.3344714045524597,0.34573861956596375,0.30156558752059937,0.27774640917778015,0.19051513075828552,0.16978782415390015,0.17429491877555847,0.1525833010673523,0.12015625089406967,0.1668119728565216,0.16156435012817383,0.20268937945365906,0.21688617765903473,0.24072760343551636,0.2010073959827423,0.18754741549491882,468.5054723896924,304.26266132540604,1452.0109566106821,0.011893217082366589,0.0008873894112184644,1320.0,1330.0,1325.0,1361.0,1371.0,1366.0,2,meditation
P6,-7.440306186676025,-13.12814712524414,-27.22730827331543,-33.423973083496094,-41.62656784057617,-43.90633010864258,-47.25180435180664,-48.530792236328125,-48.043521881103516,-50.36855697631836,-50.911598205566406,-53.23092269897461,-53.90780258178711,-57.46027755737305,-58.85792922973633,-58.42799377441406,-59.2338752746582,-60.80385208129883,-61.119590759277344,-63.19145202636719,-64.25072479248047,-64.80289459228516,-65.13704681396484,-65.43846893310547,-65.53205871582031,-65.85538482666016,-65.37430572509766,-65.12207794189453,-65.52689361572266,-65.52789306640625,-65.68184661865234,-66.248046875,2.5330350399017334,2.7430148124694824,2.604105234146118,2.899343252182007,2.5012288093566895,2.3551812171936035,2.145977258682251,2.3431904315948486,2.6388022899627686,2.299072265625,2.3458664417266846,2.0660288333892822,2.279808282852173,2.0910205841064453,2.3146677017211914,2.1836187839508057,2.2369091510772705,2.360302209854126,2.1309115886688232,1.9688652753829956,1.7996597290039062,1.588463306427002,1.6168493032455444,1.5366511344909668,1.43241286277771,1.225024700164795,1.2267612218856812,1.1723343133926392,1.2593806982040405,1.2190802097320557,1.0581984519958496,1.0268133878707886,-304.5138244628906,70.49202728271484,32.53495788574219,18.752809524536133,17.436370849609375,14.216290473937988,11.104598999023438,10.252508163452148,5.823909282684326,3.0938265323638916,5.011137008666992,2.654940366744995,3.0545668601989746,2.4499945640563965,2.481764554977417,2.3108928203582764,2.167752981185913,2.22316575050354,2.2702856063842773,2.05202054977417,0.3374011516571045,0.331207811832428,0.37018197774887085,0.5663660764694214,0.9435572624206543,0.8041231632232666,0.4147506058216095,0.37754374742507935,0.40188974142074585,0.4188961684703827,0.36957216262817383,0.3471544086933136,0.2316589206457138,0.19835172593593597,0.18490135669708252,0.15979014337062836,0.11811945587396622,0.16831333935260773,0.16064128279685974,0.1993434578180313,0.22176146507263184,0.2508235275745392,0.2163839340209961,0.22002501785755157,441.7922317640795,278.532731837297,1399.764628092133,0.011060533280162413,0.0009125161450356245,1330.0,1340.0,1335.0,1371.0,1381.0,1376.0,2,meditation
P6,-7.402807235717773,-12.846933364868164,-26.930423736572266,-33.110130310058594,-40.975555419921875,-43.22194290161133,-46.06002426147461,-47.22163772583008,-47.393341064453125,-49.08447265625,-49.60674285888672,-51.69237518310547,-52.77413558959961,-56.122642517089844,-57.74674987792969,-57.45264434814453,-57.948036193847656,-59.39512634277344,-60.091583251953125,-62.2440185546875,-63.420860290527344,-64.16942596435547,-64.65733337402344,-65.0385513305664,-65.15898132324219,-65.6374740600586,-65.19257354736328,-64.39393615722656,-64.3856201171875,-64.58467102050781,-65.11634826660156,-65.75576782226562,2.4072234630584717,2.5095624923706055,2.432396650314331,2.8283510208129883,2.872812032699585,3.327578544616699,3.7940316200256348,4.128909587860107,4.019077777862549,3.8998863697052,3.9903266429901123,3.873538017272949,3.3419406414031982,3.1616737842559814,3.3104352951049805,3.150974988937378,3.2749404907226562,3.174501657485962,2.9200122356414795,2.6330418586730957,2.418227434158325,2.0070531368255615,1.8595325946807861,1.5890523195266724,1.577038288116455,1.4918344020843506,1.371351957321167,1.972009301185608,2.4877915382385254,2.322673797607422,1.733916997909546,1.710044503211975,-299.9604797363281,70.75958251953125,31.041316986083984,17.489925384521484,17.59188461303711,13.70540714263916,10.978635787963867,10.570157051086426,5.429722785949707,3.3166961669921875,10.435173988342285,4.3183183670043945,4.66371488571167,4.3887104988098145,3.0505733489990234,2.756580114364624,2.1572210788726807,2.2038211822509766,2.254546642303467,2.1362879276275635,0.3391520082950592,0.3229304254055023,0.34901994466781616,0.5256254076957703,0.931650698184967,0.8113035559654236,0.4215892553329468,0.3739500939846039,0.3896205723285675,0.40594595670700073,0.36866772174835205,0.3505942225456238,0.23389863967895508,0.1951603889465332,0.17614082992076874,0.162482351064682,0.13376030325889587,0.16699381172657013,0.1713360995054245,0.21278396248817444,0.22991949319839478,0.26027539372444153,0.2376578003168106,0.23213015496730804,471.3274343248923,327.0199096396462,1442.0526304751327,0.011599795171113689,0.0009229476563632488,1340.0,1350.0,1345.0,1381.0,1391.0,1386.0,2,meditation
P6,-6.836472034454346,-11.830880165100098,-26.265960693359375,-32.436824798583984,-40.5767936706543,-42.898292541503906,-46.19045639038086,-48.006526947021484,-48.13993453979492,-49.84439468383789,-50.124019622802734,-52.38557052612305,-53.246238708496094,-56.39790344238281,-57.97429656982422,-57.90204620361328,-58.36375427246094,-59.74861145019531,-60.15875244140625,-62.247711181640625,-63.410980224609375,-64.0298080444336,-64.22380828857422,-64.5348892211914,-64.56770324707031,-65.0359878540039,-64.65924835205078,-64.179443359375,-64.47769927978516,-64.6707763671875,-64.81614685058594,-65.44046020507812,2.4187846183776855,2.6554324626922607,2.5087177753448486,3.0592589378356934,2.480754852294922,2.380964756011963,2.088332414627075,2.526334762573242,2.3652007579803467,2.172511339187622,2.167966604232788,2.112149715423584,2.1867475509643555,1.8743395805358887,2.170487642288208,1.9176671504974365,2.0518529415130615,2.0381994247436523,2.1029231548309326,1.923123836517334,1.842349648475647,1.6659239530563354,1.5442663431167603,1.4215033054351807,1.3301262855529785,1.2236510515213013,1.1397935152053833,1.2366105318069458,1.4727985858917236,1.5642751455307007,1.3421891927719116,1.064816951751709,-299.7465515136719,70.36116027832031,32.74729537963867,19.221206665039062,17.80048370361328,14.250035285949707,10.844691276550293,9.890148162841797,5.3402910232543945,2.914700984954834,4.639786720275879,2.6463241577148438,2.9480621814727783,2.40385365486145,2.5980160236358643,2.1159894466400146,2.136242389678955,2.058549642562866,2.129680633544922,2.141888380050659,0.2861536741256714,0.27615371346473694,0.31686145067214966,0.5437572002410889,0.9523563981056213,0.7953657507896423,0.38285672664642334,0.34427976608276367,0.3610985577106476,0.37378519773483276,0.3282662630081177,0.30115407705307007,0.21550238132476807,0.1801726222038269,0.15763568878173828,0.13296160101890564,0.10571631044149399,0.16117730736732483,0.16046209633350372,0.2049083560705185,0.22469806671142578,0.2583329975605011,0.22996148467063904,0.22005674242973328,441.6868601275492,269.3399026609629,1402.2022390255838,0.01212659512761021,0.0009175685700029135,1350.0,1360.0,1355.0,1391.0,1401.0,1396.0,2,meditation
P6,-6.11758279800415,-11.23558235168457,-25.755475997924805,-32.13664627075195,-39.993167877197266,-42.80171585083008,-46.009735107421875,-47.59647750854492,-47.597023010253906,-49.514122009277344,-49.69072723388672,-51.919654846191406,-53.05348205566406,-56.28189468383789,-57.63780975341797,-57.426509857177734,-58.20766067504883,-59.63532257080078,-60.140506744384766,-62.012367248535156,-63.0682373046875,-63.75376892089844,-64.106689453125,-64.28874206542969,-64.34519958496094,-64.75967407226562,-64.28614044189453,-63.84999465942383,-64.19757843017578,-64.35291290283203,-64.45465850830078,-65.0839614868164,2.4548439979553223,2.7397401332855225,2.379175901412964,2.8080990314483643,2.386920213699341,2.3787670135498047,2.163745641708374,2.280930757522583,2.243276596069336,2.1260197162628174,2.2576711177825928,2.1849498748779297,2.139150619506836,1.9870654344558716,2.163012742996216,2.1077797412872314,2.2102367877960205,2.1896250247955322,2.078291654586792,1.757115125656128,1.537999153137207,1.4041732549667358,1.2934011220932007,1.1953330039978027,1.0527249574661255,1.008651614189148,0.9329468011856079,1.1349260807037354,1.2391482591629028,1.1240572929382324,1.0541508197784424,0.8951640129089355,-297.9237365722656,70.70399475097656,33.146629333496094,19.17911148071289,17.909992218017578,14.475153923034668,11.076435089111328,10.061511993408203,5.4485321044921875,2.9912166595458984,3.6125361919403076,2.4395716190338135,3.2505619525909424,2.1838340759277344,2.446796178817749,2.3065736293792725,2.1433606147766113,2.0146780014038086,2.140308380126953,2.0098352432250977,0.33464479446411133,0.31104421615600586,0.3341037929058075,0.5391101241111755,0.9376300573348999,0.8044688701629639,0.40216967463493347,0.35805726051330566,0.38595885038375854,0.41067346930503845,0.373396635055542,0.3503139615058899,0.23791451752185822,0.20185008645057678,0.17465870082378387,0.14754274487495422,0.11671480536460876,0.17078086733818054,0.17344164848327637,0.2096525877714157,0.23843437433242798,0.2674770653247833,0.24313433468341827,0.2371053695678711,434.95747330358836,269.5897078016241,1385.9939630203755,0.011454783570185615,0.0009378392715007067,1360.0,1370.0,1365.0,1401.0,1411.0,1406.0,2,meditation
P6,-7.142509937286377,-12.173213958740234,-26.53858184814453,-32.72557830810547,-40.386566162109375,-42.639373779296875,-46.225616455078125,-47.84104919433594,-48.01110076904297,-49.9470329284668,-50.10712814331055,-52.43096160888672,-53.37895202636719,-56.479862213134766,-58.12934494018555,-57.809635162353516,-58.516170501708984,-60.0767822265625,-60.48981475830078,-62.5899543762207,-63.50644302368164,-64.09076690673828,-64.55867004394531,-64.81664276123047,-64.90042114257812,-65.20757293701172,-64.76329040527344,-64.41766357421875,-64.67210388183594,-64.67461395263672,-64.96138000488281,-65.57888793945312,2.369703531265259,2.704941987991333,2.330440044403076,2.8067469596862793,2.9886043071746826,3.0472068786621094,2.313386917114258,2.205267906188965,2.382861614227295,2.342991590499878,2.357295036315918,2.1348788738250732,2.3395848274230957,2.3515372276306152,2.542224407196045,2.33149790763855,2.4038994312286377,2.3182013034820557,2.302178144454956,2.3762946128845215,2.1119823455810547,1.8477445840835571,1.698554277420044,1.4792894124984741,1.4888055324554443,1.2761708498001099,1.1006232500076294,1.2764201164245605,1.590837001800537,1.4949957132339478,1.2319586277008057,1.1159969568252563,-300.48284912109375,70.63851165771484,32.733699798583984,18.72625732421875,17.53874397277832,13.984116554260254,10.642815589904785,9.723362922668457,5.315585613250732,3.1132943630218506,5.4475202560424805,2.9559197425842285,3.653869867324829,2.513946533203125,2.3797125816345215,2.4510905742645264,2.289191961288452,2.256542444229126,2.192837715148926,2.0823476314544678,0.3102875053882599,0.2975533604621887,0.32387784123420715,0.4801352620124817,0.9266627430915833,0.8563213348388672,0.4391070008277893,0.3398805260658264,0.3513425290584564,0.37744250893592834,0.33956295251846313,0.3201357424259186,0.22284430265426636,0.19397146999835968,0.1707984060049057,0.15959689021110535,0.12671062350273132,0.1551424115896225,0.15492437779903412,0.1969490349292755,0.20799505710601807,0.2399161458015442,0.21907967329025269,0.21620677411556244,448.44829193587066,286.7263404509861,1411.6549754811701,0.01187735643851508,0.000900412502232939,1370.0,1380.0,1375.0,1411.0,1421.0,1416.0,2,meditation
P6,-6.502254009246826,-11.210599899291992,-25.510488510131836,-31.519086837768555,-40.007652282714844,-42.030967712402344,-45.399169921875,-47.124855041503906,-47.15376663208008,-48.893035888671875,-49.346832275390625,-51.52069854736328,-52.54111862182617,-55.6604118347168,-57.36156463623047,-56.99491500854492,-57.41572570800781,-58.97043228149414,-59.41242218017578,-61.54835510253906,-62.620750427246094,-63.43351364135742,-63.903160095214844,-64.1709213256836,-64.1866455078125,-64.56037139892578,-64.15791320800781,-63.6939697265625,-63.653076171875,-63.583045959472656,-64.01973724365234,-64.75030517578125,2.307119607925415,2.7113778591156006,2.613739252090454,3.2083616256713867,2.814560651779175,3.234539270401001,3.2838284969329834,3.383316993713379,3.261413335800171,2.8276755809783936,2.7545108795166016,2.9573583602905273,2.7819371223449707,2.520825147628784,2.59814453125,2.6867966651916504,2.7092132568359375,3.0018858909606934,2.9911751747131348,2.670197010040283,2.2338483333587646,1.9602892398834229,1.768966555595398,1.7282947301864624,1.6537004709243774,1.4868299961090088,1.3004627227783203,1.5887616872787476,1.9143913984298706,1.846075415611267,1.674507737159729,1.4628063440322876,-295.7222595214844,70.64657592773438,32.592987060546875,18.62601661682129,18.02427864074707,13.734053611755371,10.759940147399902,10.078353881835938,5.187044143676758,2.90128231048584,8.273087501525879,3.967937707901001,4.071193695068359,3.0165393352508545,2.9002771377563477,2.7634928226470947,2.197016716003418,2.2642769813537598,2.1423087120056152,2.2814126014709473,0.24537920951843262,0.25888118147850037,0.33340659737586975,0.6021624207496643,0.9653596878051758,0.7852595448493958,0.36873719096183777,0.31956931948661804,0.3229961097240448,0.32302650809288025,0.28537172079086304,0.2594335079193115,0.16253869235515594,0.15871882438659668,0.17212995886802673,0.14124855399131775,0.08645482361316681,0.16366131603717804,0.17449161410331726,0.18839150667190552,0.19114607572555542,0.2107401341199875,0.18807780742645264,0.1712157428264618,458.5085378854696,308.6592318010441,1423.3361102910324,0.012214961571925755,0.0009118507150560617,1380.0,1390.0,1385.0,1421.0,1431.0,1426.0,2,meditation
P6,-8.807987213134766,-14.042474746704102,-28.589771270751953,-34.86731719970703,-41.19459915161133,-42.75180435180664,-45.85658264160156,-47.39219284057617,-47.71973419189453,-49.0493049621582,-49.34522247314453,-51.304927825927734,-51.8774528503418,-54.257808685302734,-56.03887939453125,-56.174076080322266,-56.86456298828125,-58.49916458129883,-59.398563385009766,-61.300537109375,-62.75135040283203,-63.82038879394531,-64.7961196899414,-65.53632354736328,-65.7671127319336,-66.10147857666016,-65.73636627197266,-64.76496124267578,-64.46897888183594,-64.60906982421875,-65.46346282958984,-66.19168090820312,2.5203607082366943,2.9845917224884033,2.4901468753814697,2.941187858581543,3.929030656814575,4.996893405914307,6.125234603881836,7.030547142028809,7.562965393066406,7.949429035186768,7.4042510986328125,7.4507036209106445,7.750084400177002,9.068807601928711,8.93382740020752,8.264440536499023,8.279139518737793,8.506828308105469,7.753289222717285,7.6971049308776855,7.068548202514648,6.135217666625977,5.299496173858643,4.13336706161499,3.606072187423706,3.47811222076416,3.2952353954315186,3.974379062652588,4.925421714782715,4.667703151702881,3.773085355758667,3.4115822315216064,-299.6966247558594,70.0968017578125,27.00498390197754,16.150177001953125,18.43295669555664,13.04688549041748,10.20569896697998,9.966559410095215,5.0037736892700195,4.483791351318359,28.136110305786133,5.431724548339844,14.456965446472168,5.652082443237305,3.625917434692383,4.044652462005615,3.066805362701416,3.2042152881622314,2.7419185638427734,3.2017600536346436,0.34394386410713196,0.32204675674438477,0.34294265508651733,0.5050997734069824,0.9116708636283875,0.8229731917381287,0.4284646511077881,0.3588355481624603,0.3720055818557739,0.3933905363082886,0.3634587228298187,0.35293883085250854,0.2551831901073456,0.2120177000761032,0.17396420240402222,0.1554320752620697,0.1553042232990265,0.1840556263923645,0.1550951451063156,0.19245408475399017,0.21704764664173126,0.2566533088684082,0.24036940932273865,0.25064197182655334,558.74149116239,571.9288695439385,1500.5509045667652,0.01347814856438515,0.0009630800923332572,1390.0,1400.0,1395.0,1431.0,1441.0,1436.0,2,meditation
P6,-20.74643325805664,-17.34438705444336,-18.57512092590332,-24.41246223449707,-27.765974044799805,-29.311931610107422,-31.080852508544922,-39.27404022216797,-37.111209869384766,-38.650856018066406,-37.97586441040039,-36.38939666748047,-39.10341262817383,-47.69979476928711,-52.643367767333984,-53.642574310302734,-52.802581787109375,-54.259796142578125,-50.132476806640625,-52.826168060302734,-54.59510040283203,-57.16571044921875,-60.355804443359375,-59.7838134765625,-69.33377075195312,-75.07589721679688,-69.5533447265625,-67.3790054321289,-64.427001953125,-63.7739143371582,-66.88313293457031,-72.71185302734375,3.776193857192993,7.960865020751953,14.925382614135742,15.243671417236328,15.72269058227539,15.692532539367676,15.856045722961426,12.85171127319336,13.965876579284668,14.062382698059082,14.792989730834961,15.91633415222168,15.343523025512695,12.104063034057617,10.329611778259277,9.795559883117676,10.349340438842773,11.312586784362793,13.643732070922852,12.821053504943848,13.599893569946289,12.282876968383789,11.342484474182129,11.554269790649414,7.9525885581970215,6.997969150543213,7.414117336273193,8.005447387695312,8.865371704101562,8.721185684204102,7.935410976409912,6.900256633758545,-272.7287902832031,90.39404296875,10.762228965759277,8.930994033813477,6.471604347229004,-1.5945308208465576,10.793999671936035,1.9381228685379028,-11.00902271270752,1.326615571975708,57.126224517822266,21.483306884765625,11.42917251586914,7.852762699127197,8.232786178588867,10.022828102111816,5.348134994506836,5.873147487640381,10.013901710510254,5.3979668617248535,0.5604606866836548,0.33461302518844604,0.22865211963653564,0.35023534297943115,0.40015339851379395,0.21211934089660645,0.16129566729068756,0.20317505300045013,0.19071601331233978,0.145863875746727,0.1777466982603073,0.3432596027851105,0.4014732241630554,0.2705312669277191,0.24994687736034393,0.37900322675704956,0.3891831934452057,0.26158562302589417,0.21248431503772736,0.20881986618041992,0.2561418414115906,0.1983233392238617,0.24361349642276764,0.27426889538764954,982.2066479979784,1585.7380524035673,1534.031570147243,0.03599912993039443,0.0051508089527487755,1400.0,1410.0,1405.0,1441.0,1451.0,1446.0,2,meditation
P7,0.0,0.0,0.0,0.0,0.0,0.0,0.0,0.0,0.0,0.0,0.0,0.0,0.0,0.0,0.0,0.0,0.0,0.0,0.0,0.0,0.0,0.0,0.0,0.0,0.0,0.0,0.0,0.0,0.0,0.0,0.0,0.0,0.0,0.0,0.0,0.0,0.0,0.0,0.0,0.0,0.0,0.0,0.0,0.0,0.0,0.0,0.0,0.0,0.0,0.0,0.0,0.0,0.0,0.0,0.0,0.0,0.0,0.0,0.0,0.0,0.0,0.0,0.0,0.0,0.0,0.0,0.0,0.0,0.0,0.0,0.0,0.0,0.0,0.0,0.0,0.0,0.0,0.0,0.0,0.0,0.0,0.0,0.0,0.0,0.0,0.0,0.0,0.0,0.0,0.0,0.0,0.0,0.0,0.0,0.0,0.0,0.0,0.0,0.0,0.0,0.0,0.0,0.0,0.0,0.0,0.0,0.0,0.0,0.0,0.0,0.0,0.0,0.0,0.0,10.0,5.0,54.32,64.32,59.31999999999999,3,pranayama
P7,0.0,0.0,0.0,0.0,0.0,0.0,0.0,0.0,0.0,0.0,0.0,0.0,0.0,0.0,0.0,0.0,0.0,0.0,0.0,0.0,0.0,0.0,0.0,0.0,0.0,0.0,0.0,0.0,0.0,0.0,0.0,0.0,0.0,0.0,0.0,0.0,0.0,0.0,0.0,0.0,0.0,0.0,0.0,0.0,0.0,0.0,0.0,0.0,0.0,0.0,0.0,0.0,0.0,0.0,0.0,0.0,0.0,0.0,0.0,0.0,0.0,0.0,0.0,0.0,0.0,0.0,0.0,0.0,0.0,0.0,0.0,0.0,0.0,0.0,0.0,0.0,0.0,0.0,0.0,0.0,0.0,0.0,0.0,0.0,0.0,0.0,0.0,0.0,0.0,0.0,0.0,0.0,0.0,0.0,0.0,0.0,0.0,0.0,0.0,0.0,0.0,0.0,0.0,0.0,0.0,0.0,0.0,0.0,0.0,0.0,0.0,0.0,0.0,10.0,20.0,15.0,64.32,74.32,69.32,3,pranayama
P7,0.0,0.0,0.0,0.0,0.0,0.0,0.0,0.0,0.0,0.0,0.0,0.0,0.0,0.0,0.0,0.0,0.0,0.0,0.0,0.0,0.0,0.0,0.0,0.0,0.0,0.0,0.0,0.0,0.0,0.0,0.0,0.0,0.0,0.0,0.0,0.0,0.0,0.0,0.0,0.0,0.0,0.0,0.0,0.0,0.0,0.0,0.0,0.0,0.0,0.0,0.0,0.0,0.0,0.0,0.0,0.0,0.0,0.0,0.0,0.0,0.0,0.0,0.0,0.0,0.0,0.0,0.0,0.0,0.0,0.0,0.0,0.0,0.0,0.0,0.0,0.0,0.0,0.0,0.0,0.0,0.0,0.0,0.0,0.0,0.0,0.0,0.0,0.0,0.0,0.0,0.0,0.0,0.0,0.0,0.0,0.0,0.0,0.0,0.0,0.0,0.0,0.0,0.0,0.0,0.0,0.0,0.0,0.0,0.0,0.0,0.0,0.0,0.0,20.0,30.0,25.0,74.32,84.32,79.32,3,pranayama
P7,0.0,0.0,0.0,0.0,0.0,0.0,0.0,0.0,0.0,0.0,0.0,0.0,0.0,0.0,0.0,0.0,0.0,0.0,0.0,0.0,0.0,0.0,0.0,0.0,0.0,0.0,0.0,0.0,0.0,0.0,0.0,0.0,0.0,0.0,0.0,0.0,0.0,0.0,0.0,0.0,0.0,0.0,0.0,0.0,0.0,0.0,0.0,0.0,0.0,0.0,0.0,0.0,0.0,0.0,0.0,0.0,0.0,0.0,0.0,0.0,0.0,0.0,0.0,0.0,0.0,0.0,0.0,0.0,0.0,0.0,0.0,0.0,0.0,0.0,0.0,0.0,0.0,0.0,0.0,0.0,0.0,0.0,0.0,0.0,0.0,0.0,0.0,0.0,0.0,0.0,0.0,0.0,0.0,0.0,0.0,0.0,0.0,0.0,0.0,0.0,0.0,0.0,0.0,0.0,0.0,0.0,0.0,0.0,0.0,0.0,0.0,0.0,0.0,30.0,40.0,35.0,84.32,94.32,89.32,3,pranayama
P7,0.0,0.0,0.0,0.0,0.0,0.0,0.0,0.0,0.0,0.0,0.0,0.0,0.0,0.0,0.0,0.0,0.0,0.0,0.0,0.0,0.0,0.0,0.0,0.0,0.0,0.0,0.0,0.0,0.0,0.0,0.0,0.0,0.0,0.0,0.0,0.0,0.0,0.0,0.0,0.0,0.0,0.0,0.0,0.0,0.0,0.0,0.0,0.0,0.0,0.0,0.0,0.0,0.0,0.0,0.0,0.0,0.0,0.0,0.0,0.0,0.0,0.0,0.0,0.0,0.0,0.0,0.0,0.0,0.0,0.0,0.0,0.0,0.0,0.0,0.0,0.0,0.0,0.0,0.0,0.0,0.0,0.0,0.0,0.0,0.0,0.0,0.0,0.0,0.0,0.0,0.0,0.0,0.0,0.0,0.0,0.0,0.0,0.0,0.0,0.0,0.0,0.0,0.0,0.0,0.0,0.0,0.0,0.0,0.0,0.0,0.0,0.0,0.0,40.0,50.0,45.0,94.32,104.32,99.32,3,pranayama
P7,-38.84975051879883,-43.588470458984375,-49.42555618286133,-53.27020263671875,-56.57771682739258,-57.52281188964844,-57.887779235839844,-59.22916793823242,-59.69922637939453,-59.68345642089844,-60.73350143432617,-61.45918273925781,-61.4976806640625,-62.40940475463867,-63.31480026245117,-64.63062286376953,-64.44368743896484,-65.21784210205078,-66.12297058105469,-67.03321075439453,-67.6781005859375,-68.47811889648438,-68.94428253173828,-68.89100646972656,-68.77220916748047,-68.68061065673828,-68.64716339111328,-68.47853088378906,-68.11258697509766,-67.99990844726562,-68.39279174804688,-69.09053802490234,31.858686447143555,27.712038040161133,22.616241455078125,19.323265075683594,16.484603881835938,15.64339542388916,15.327448844909668,14.153511047363281,13.800829887390137,13.7716064453125,12.985955238342285,12.368509292602539,12.31203842163086,11.494823455810547,10.673341751098633,9.513803482055664,9.767313003540039,9.077767372131348,8.273224830627441,7.448995113372803,6.903842926025391,6.230227470397949,5.7995476722717285,5.879785060882568,5.993252277374268,6.020209789276123,6.058050155639648,6.204970836639404,6.536092281341553,6.695198059082031,6.302701950073242,5.718062400817871,-352.6275329589844,36.03489303588867,14.217558860778809,7.2140631675720215,9.369792938232422,7.253324508666992,5.013544082641602,5.194733142852783,2.963987350463867,2.611283540725708,64.14088439941406,31.61094093322754,12.825264930725098,6.84023904800415,8.492283821105957,6.788773059844971,4.918032169342041,5.118905067443848,3.3708338737487793,3.0818674564361572,0.25538137555122375,0.22513777017593384,0.24176602065563202,0.2664625644683838,0.3432283401489258,0.46265143156051636,0.40704870223999023,0.2947547435760498,0.28043192625045776,0.28107088804244995,0.2935192286968231,0.2801164984703064,0.3000202775001526,0.26198652386665344,0.2915812134742737,0.30805450677871704,0.34576332569122314,0.44049814343452454,0.38736096024513245,0.3228698968887329,0.31446900963783264,0.31984594464302063,0.3283393085002899,0.31503331661224365,422.1855199595893,451.37290866081787,1058.03357954836,0.010556391386310905,0.00033612296101637185,50.0,60.0,55.0,104.32,114.32,109.32,3,pranayama
P7,-10.407124519348145,-18.68194580078125,-30.594011306762695,-36.445823669433594,-42.57378387451172,-44.53571701049805,-45.158145904541016,-46.94333267211914,-48.627262115478516,-49.621856689453125,-51.39382553100586,-52.2452507019043,-54.06932830810547,-55.179317474365234,-57.16181182861328,-59.16290283203125,-59.43337631225586,-60.97368621826172,-61.97056198120117,-63.310035705566406,-64.06456756591797,-64.86898803710938,-65.30419921875,-65.36260986328125,-65.319091796875,-65.12430572509766,-65.11177825927734,-64.95079803466797,-64.88239288330078,-64.8214111328125,-65.14208221435547,-66.07099914550781,3.721118211746216,3.786233425140381,3.1194260120391846,3.779749631881714,3.221595287322998,3.3787922859191895,3.363828420639038,3.182314157485962,3.1025712490081787,3.1307530403137207,2.6952154636383057,2.890787363052368,3.0656116008758545,2.77714204788208,2.756044387817383,2.7485148906707764,2.663618326187134,2.6707756519317627,2.669010877609253,2.419454574584961,2.176555633544922,1.8780975341796875,1.6928033828735352,1.8436185121536255,1.8691822290420532,1.777101993560791,1.985013484954834,2.008061408996582,2.2609198093414307,2.1783838272094727,1.7848436832427979,1.791351318359375,-305.7374572753906,66.73934936523438,29.133544921875,14.12697696685791,14.58098030090332,13.04670524597168,9.553258895874023,8.958841323852539,5.981900691986084,5.111484527587891,6.78781270980835,4.906115531921387,3.81398344039917,2.8186933994293213,2.844534397125244,2.7895452976226807,3.0447070598602295,2.929157018661499,2.874469041824341,2.7746596336364746,0.37316685914993286,0.3665897846221924,0.429939329624176,0.4854205548763275,0.6164191961288452,0.8399696946144104,0.7392573952674866,0.5277280807495117,0.44735467433929443,0.4158596098423004,0.39283156394958496,0.3848766088485718,0.2631273865699768,0.22354786098003387,0.2603234052658081,0.2611914277076721,0.20804789662361145,0.22020173072814941,0.19012950360774994,0.27588018774986267,0.2673324644565582,0.2743968963623047,0.2608216106891632,0.26226508617401123,609.8202984642112,508.12863661905453,1687.2646793351012,0.01623336898201856,0.0006037011044099927,60.0,70.0,65.0,114.32,124.32,119.32,3,pranayama
P7,-10.88688850402832,-19.476240158081055,-29.95294761657715,-35.944007873535156,-42.093162536621094,-43.788299560546875,-44.779998779296875,-47.2529182434082,-48.32190704345703,-48.78233337402344,-51.662635803222656,-52.71398162841797,-53.69972610473633,-55.13933181762695,-57.49392318725586,-58.911041259765625,-59.061912536621094,-60.738868713378906,-61.34739303588867,-62.5083122253418,-63.868446350097656,-64.96121215820312,-65.22339630126953,-65.05860137939453,-64.97686767578125,-64.94185638427734,-65.10603332519531,-64.98889923095703,-64.9021224975586,-64.92092895507812,-65.34506225585938,-66.38043212890625,3.747713565826416,3.2282602787017822,3.029944658279419,3.428069829940796,3.343956708908081,3.125058650970459,3.48032808303833,3.609842300415039,3.428159713745117,2.933880090713501,3.2654905319213867,2.893291711807251,3.1026625633239746,3.046785593032837,2.8946781158447266,2.7610394954681396,2.5775444507598877,2.889220952987671,3.112389326095581,3.581014633178711,2.372004270553589,1.9933665990829468,1.8111395835876465,2.0361695289611816,2.0008857250213623,1.87688148021698,1.577268123626709,1.77486252784729,2.073500156402588,1.7738932371139526,1.5196434259414673,1.3925989866256714,-304.9803771972656,66.97314453125,28.611278533935547,14.54045581817627,14.032743453979492,12.276711463928223,8.82734203338623,8.873531341552734,5.554928779602051,4.421949863433838,7.0238823890686035,4.085981369018555,4.257379531860352,3.221234083175659,3.2184722423553467,2.9151723384857178,2.879894971847534,3.0213100910186768,2.8188064098358154,2.809014081954956,0.4418407082557678,0.399218887090683,0.42923352122306824,0.46697917580604553,0.5718529224395752,0.7673156261444092,0.7088078260421753,0.5521212220191956,0.5095556378364563,0.5065738558769226,0.4916989803314209,0.4745207726955414,0.2859456539154053,0.2381894439458847,0.2549453675746918,0.25320225954055786,0.23044857382774353,0.2673281133174896,0.21841147541999817,0.26830965280532837,0.2658143639564514,0.2884863317012787,0.2798948585987091,0.28929540514945984,633.7665435825439,549.5962899688225,1714.465330856569,0.017434246302204175,0.0005597006529569626,70.0,80.0,75.0,124.32,134.32,129.32,3,pranayama
P7,-10.278816223144531,-18.591575622558594,-29.14677619934082,-35.44209671020508,-42.12270736694336,-44.05282974243164,-44.210357666015625,-46.17441177368164,-47.12919616699219,-48.02858352661133,-50.65072250366211,-51.836265563964844,-53.06363296508789,-54.26742935180664,-56.285430908203125,-58.39814758300781,-58.610816955566406,-60.40654754638672,-61.91379165649414,-62.86690139770508,-63.31483459472656,-64.12349700927734,-64.55998229980469,-64.7165298461914,-64.5582275390625,-64.51014709472656,-64.56880950927734,-64.48170471191406,-64.38467407226562,-64.5173110961914,-64.90021514892578,-65.75120544433594,3.5376391410827637,3.8746225833892822,2.874777317047119,3.8930931091308594,3.08935809135437,2.9845948219299316,3.1858973503112793,3.098278045654297,2.8816442489624023,3.2467777729034424,3.027435064315796,2.6622958183288574,2.6434457302093506,2.6449880599975586,2.2815167903900146,2.2275006771087646,2.4235870838165283,2.3170597553253174,2.154222011566162,1.9572333097457886,1.6296466588974,1.5620355606079102,1.420725703239441,1.3458117246627808,1.3750966787338257,1.4240714311599731,1.7047085762023926,1.6533862352371216,1.7452576160430908,1.2854681015014648,1.061732292175293,0.9893596768379211,-301.9105529785156,67.44463348388672,28.60328483581543,13.70968246459961,13.80882453918457,13.181364059448242,9.47964096069336,8.790708541870117,6.181158065795898,5.110439777374268,4.371943950653076,3.3761370182037354,3.3041112422943115,2.693340301513672,3.254896402359009,2.804532051086426,2.9321672916412354,2.9824349880218506,2.499138116836548,2.848320722579956,0.4136352837085724,0.3863113224506378,0.4177336096763611,0.4629647135734558,0.5409489870071411,0.7871366143226624,0.7522810101509094,0.5878705382347107,0.5018997192382812,0.4849729835987091,0.4383697211742401,0.42923402786254883,0.26919299364089966,0.23463010787963867,0.24941405653953552,0.2676578462123871,0.22761331498622894,0.25208672881126404,0.2226492315530777,0.2522835433483124,0.2492060363292694,0.2854681611061096,0.24554690718650818,0.2626398801803589,606.9554450768621,496.03806781104987,1680.6999539341114,0.01665594185034803,0.0005582000594586134,80.0,90.0,85.0,134.32,144.32,139.32,3,pranayama
P7,-10.099691390991211,-16.987140655517578,-30.058103561401367,-36.613590240478516,-42.9349250793457,-44.905914306640625,-44.708133697509766,-47.312625885009766,-48.75775909423828,-49.00168991088867,-51.803367614746094,-52.38063430786133,-53.35163497924805,-54.83641052246094,-57.12675094604492,-58.36308288574219,-58.634071350097656,-61.23386764526367,-62.57780456542969,-63.8645133972168,-64.68248748779297,-65.25517272949219,-65.59039306640625,-65.48724365234375,-65.4176254272461,-65.23746490478516,-65.1129379272461,-64.90090942382812,-64.63204956054688,-64.494140625,-64.99420928955078,-65.94322204589844,3.798063039779663,4.06101655960083,2.836935520172119,3.540435791015625,3.207998037338257,3.3188090324401855,3.9171221256256104,3.5777859687805176,3.1542205810546875,3.320875883102417,3.2776479721069336,3.1783714294433594,3.0257625579833984,2.865518808364868,2.8531761169433594,2.645153522491455,2.6588494777679443,2.4114151000976562,2.2287797927856445,2.0610904693603516,1.9524046182632446,1.6727927923202515,1.5373400449752808,1.6579725742340088,1.5862265825271606,1.5869901180267334,1.7528718709945679,1.8185757398605347,2.071887493133545,2.3362669944763184,1.8607195615768433,1.8835630416870117,-305.3462829589844,67.36810302734375,29.686779022216797,13.691122055053711,15.763039588928223,14.143665313720703,9.451733589172363,9.08050537109375,6.747190475463867,5.509342670440674,6.570220470428467,4.565591335296631,3.7400004863739014,3.213409185409546,3.352332830429077,3.1016883850097656,3.039125680923462,2.9219579696655273,2.650573492050171,2.576803684234619,0.2918981909751892,0.29604050517082214,0.3546352982521057,0.41644835472106934,0.6247497200965881,0.9303427338600159,0.7203971147537231,0.4258105158805847,0.34597888588905334,0.3117973208427429,0.28881725668907166,0.2882578670978546,0.2599952816963196,0.21930354833602905,0.24840398132801056,0.24788588285446167,0.1917780041694641,0.15055307745933533,0.16275876760482788,0.2519204616546631,0.25279611349105835,0.26283785700798035,0.24959367513656616,0.25382548570632935,597.9831893595205,466.7359248114849,1670.354099815686,0.016049838674593968,0.0006355225341394544,90.0,100.0,95.0,144.32,154.32,149.32,3,pranayama
P7,-7.992406368255615,-15.132734298706055,-26.95630645751953,-33.04777526855469,-39.5074577331543,-41.81684875488281,-41.40610122680664,-44.43010711669922,-46.094200134277344,-46.31016159057617,-48.96996307373047,-49.83778762817383,-51.155887603759766,-52.46583938598633,-54.30677032470703,-56.4631233215332,-56.762752532958984,-58.38117599487305,-59.204505920410156,-60.060054779052734,-61.346370697021484,-62.26606750488281,-62.611087799072266,-62.651119232177734,-62.51470184326172,-62.367042541503906,-62.4714241027832,-62.543983459472656,-62.53660583496094,-62.53364562988281,-62.80772399902344,-63.64181137084961,3.352332592010498,4.009139537811279,2.9655275344848633,3.6728577613830566,3.163573980331421,2.84078311920166,3.330063819885254,3.333513021469116,3.3737566471099854,3.311250925064087,3.1797757148742676,3.0925512313842773,2.8102567195892334,2.6824097633361816,2.5993409156799316,2.3224616050720215,2.427776336669922,2.370507001876831,2.6823298931121826,3.2703146934509277,1.8528387546539307,1.4791351556777954,1.472254991531372,1.4388359785079956,1.394046425819397,1.3342058658599854,1.2780308723449707,1.228211760520935,1.1805747747421265,1.2360970973968506,1.139672040939331,1.1308109760284424,-290.0187072753906,67.90730285644531,29.256790161132812,14.84408187866211,14.45512866973877,12.925459861755371,9.294715881347656,8.692734718322754,5.7789483070373535,4.814551830291748,4.907240390777588,3.6490683555603027,3.8290529251098633,3.166764497756958,3.3799831867218018,3.279433012008667,2.908520460128784,2.9319546222686768,2.955951690673828,2.575942039489746,0.4049774408340454,0.3597409129142761,0.36916136741638184,0.39681538939476013,0.5246794819831848,0.7835384607315063,0.6797337532043457,0.4905194640159607,0.4722374975681305,0.4842209219932556,0.469066858291626,0.4440471827983856,0.2829347252845764,0.23773042857646942,0.25405624508857727,0.2540624141693115,0.21851319074630737,0.27081775665283203,0.22128938138484955,0.262369304895401,0.27004942297935486,0.3055093288421631,0.29391396045684814,0.28880012035369873,599.9054414783039,481.4494475964327,1663.5418904901042,0.018317910745359628,0.0005503490683622658,100.0,110.0,105.0,154.32,164.32,159.32,3,pranayama
P7,-11.358685493469238,-17.964099884033203,-31.484317779541016,-37.484493255615234,-43.799530029296875,-45.96184539794922,-46.33485794067383,-48.5208625793457,-49.95310592651367,-50.85300827026367,-52.84968185424805,-54.45051574707031,-55.922149658203125,-56.52656936645508,-59.17344284057617,-61.3126220703125,-61.191734313964844,-63.246639251708984,-64.50630187988281,-65.76054382324219,-66.60032653808594,-67.11070251464844,-67.17198181152344,-67.29622650146484,-67.2167739868164,-67.1657943725586,-67.2448959350586,-67.05844116210938,-66.9872817993164,-67.0498275756836,-67.29036712646484,-68.05792999267578,3.7337374687194824,4.309947967529297,3.2097344398498535,3.423302173614502,3.2060844898223877,2.9180166721343994,3.3375043869018555,2.889183282852173,3.1038200855255127,3.3101766109466553,2.7913830280303955,2.918905735015869,2.7113778591156006,2.6159939765930176,2.3823800086975098,2.0959935188293457,2.4490175247192383,2.2248222827911377,2.043663740158081,1.9016739130020142,1.7424390316009521,1.4922469854354858,1.4699324369430542,1.4746155738830566,1.4651602506637573,1.3119207620620728,1.3115061521530151,1.348756194114685,1.3425161838531494,1.34175705909729,1.229843258857727,1.177734375,-315.5296936035156,69.32649230957031,30.675827026367188,14.450501441955566,14.744741439819336,13.838692665100098,9.813875198364258,8.931249618530273,6.64299201965332,5.174062728881836,4.957103729248047,3.7924675941467285,3.3420982360839844,2.8449134826660156,2.6236252784729004,2.6120781898498535,2.642087936401367,2.625126361846924,2.7345147132873535,2.6628525257110596,0.30967384576797485,0.2923094630241394,0.3369411826133728,0.38888606429100037,0.5331602096557617,0.8695894479751587,0.7112433314323425,0.42416688799858093,0.3768760561943054,0.3798661231994629,0.35162052512168884,0.33328112959861755,0.268928587436676,0.23726427555084229,0.27677634358406067,0.2908499240875244,0.2296663075685501,0.21819260716438293,0.20344744622707367,0.2489931434392929,0.27652859687805176,0.3101453185081482,0.26934897899627686,0.2662581205368042,563.7920324077751,406.48292488399073,1606.6387610877125,0.016234501885150812,0.0006244680262170732,110.0,120.0,115.0,164.32,174.32,169.32,3,pranayama
P7,-8.139678955078125,-12.975642204284668,-28.391141891479492,-34.644039154052734,-39.828460693359375,-42.164188385009766,-43.14779281616211,-45.36564254760742,-46.59791946411133,-47.332157135009766,-49.91064453125,-50.76578903198242,-51.71357345581055,-53.2203254699707,-55.6623420715332,-56.882259368896484,-57.22687911987305,-59.339168548583984,-60.309539794921875,-61.33274459838867,-62.49684143066406,-63.326480865478516,-63.653141021728516,-63.675933837890625,-63.64710235595703,-63.466705322265625,-63.53163146972656,-63.6413688659668,-63.565673828125,-63.51395797729492,-63.905879974365234,-64.6738510131836,3.4569458961486816,3.3056676387786865,3.3757803440093994,3.535404920578003,3.182774782180786,2.960599660873413,3.4280221462249756,3.2381789684295654,3.033403158187866,3.374856948852539,2.720964193344116,2.966604709625244,2.6404173374176025,2.688863754272461,2.4438161849975586,2.4069855213165283,2.3313348293304443,2.139232873916626,2.4312944412231445,3.130777359008789,1.8415528535842896,1.45987868309021,1.307471513748169,1.3069645166397095,1.329566240310669,1.3626587390899658,1.1925687789916992,1.0960843563079834,1.07778000831604,0.9931405782699585,0.9058547019958496,0.8673567175865173,-294.8721008300781,69.12248992919922,29.818830490112305,15.340106964111328,15.423060417175293,13.752481460571289,9.734986305236816,9.176614761352539,6.454411029815674,5.184088706970215,4.333567142486572,3.4042744636535645,3.2700300216674805,2.996609926223755,3.111323118209839,3.4516148567199707,2.8209009170532227,2.8964858055114746,2.797424793243408,2.7137365341186523,0.22594574093818665,0.2191302627325058,0.25479552149772644,0.31577467918395996,0.5551167726516724,0.9459012746810913,0.7277308106422424,0.36952096223831177,0.29684945940971375,0.2748212218284607,0.26014620065689087,0.24560022354125977,0.20685924589633942,0.17767415940761566,0.1883416771888733,0.1831216663122177,0.1592470109462738,0.14239640533924103,0.16680410504341125,0.23449844121932983,0.22625528275966644,0.2335793823003769,0.2133094221353531,0.21292464435100555,551.4930798729775,389.72099994562063,1582.3407198266918,0.015934282555104408,0.0006012647063471377,120.0,130.0,125.0,174.32,184.32,179.32,3,pranayama
P7,-9.825536727905273,-18.504247665405273,-30.357938766479492,-35.92759704589844,-42.60643768310547,-44.85647964477539,-45.17047882080078,-47.444271087646484,-48.641849517822266,-48.968902587890625,-51.7396354675293,-52.896461486816406,-54.23372268676758,-55.105533599853516,-58.13301467895508,-60.176658630371094,-59.862220764160156,-61.79299545288086,-63.63140869140625,-64.5653305053711,-65.10807037353516,-65.74951171875,-65.99064636230469,-66.01564025878906,-65.90794372558594,-65.83358764648438,-65.9098129272461,-65.93408966064453,-65.92312622070312,-65.9249496459961,-66.17271423339844,-67.06438446044922,3.520530939102173,3.7976741790771484,3.179741144180298,3.613800048828125,2.9542908668518066,2.9613966941833496,3.5964815616607666,2.9233222007751465,2.643117904663086,3.1348767280578613,2.732715368270874,2.7407288551330566,2.5159125328063965,2.7817211151123047,2.516944646835327,2.2883033752441406,2.2689781188964844,2.0585081577301025,1.7189010381698608,1.6802246570587158,1.5183733701705933,1.3355798721313477,1.339303970336914,1.2908134460449219,1.3064806461334229,1.2010278701782227,1.2207361459732056,1.0179439783096313,0.9590353965759277,1.0300358533859253,0.8901786804199219,0.9047476053237915,-308.647705078125,69.198486328125,30.006389617919922,14.058563232421875,14.186963081359863,13.9202880859375,9.84768009185791,8.794443130493164,6.356389999389648,4.919168472290039,3.6350643634796143,3.499359369277954,3.0827667713165283,2.6099393367767334,2.9531850814819336,2.721020460128784,3.0610156059265137,2.7559337615966797,2.784559726715088,2.698779582977295,0.3870088458061218,0.37890154123306274,0.4423757791519165,0.4952831566333771,0.6197928190231323,0.8537991046905518,0.705385148525238,0.47466039657592773,0.3992857336997986,0.3773949146270752,0.37126559019088745,0.38430482149124146,0.29700902104377747,0.24132584035396576,0.26937922835350037,0.2759043872356415,0.22230641543865204,0.2215327024459839,0.19452695548534393,0.2698267698287964,0.25329625606536865,0.25995421409606934,0.2610219120979309,0.2837054133415222,542.2990319322514,381.62731338819606,1582.2694537135903,0.01429497172273782,0.0006332785123959184,130.0,140.0,135.0,184.32,194.32,189.32,3,pranayama
P7,-11.945552825927734,-21.35831069946289,-32.13704299926758,-37.06649398803711,-43.796058654785156,-46.25996398925781,-46.15528106689453,-48.793792724609375,-50.287689208984375,-50.74657440185547,-53.233314514160156,-54.1064338684082,-55.37031936645508,-56.26477813720703,-58.17856216430664,-59.972251892089844,-60.54352569580078,-62.367576599121094,-63.879032135009766,-65.31196594238281,-66.08973693847656,-66.73516082763672,-66.8424301147461,-66.92249298095703,-66.6755599975586,-66.55126953125,-66.73535919189453,-66.81407165527344,-66.70848846435547,-66.77143859863281,-67.1124496459961,-68.06751251220703,3.8363640308380127,3.713655471801758,3.1280760765075684,3.6456708908081055,3.02268648147583,3.432318687438965,3.3814430236816406,3.3556392192840576,3.133394241333008,3.181853771209717,3.1829135417938232,2.9361724853515625,2.7611231803894043,2.5033113956451416,2.508639097213745,2.696957588195801,2.5865585803985596,2.4152727127075195,2.120302677154541,1.934272050857544,1.6060893535614014,1.5041451454162598,1.4124318361282349,1.3931435346603394,1.3981035947799683,1.4225183725357056,1.251988410949707,1.1709086894989014,1.3180937767028809,1.2503986358642578,1.056800127029419,0.9940736293792725,-314.62725830078125,67.37187194824219,28.438919067382812,13.9251708984375,14.548227310180664,13.43525218963623,8.386310577392578,8.171062469482422,6.309455871582031,4.8739776611328125,5.407074928283691,3.4641075134277344,3.739945888519287,3.0338964462280273,3.063560962677002,2.803489923477173,3.0487112998962402,2.798778533935547,2.8404853343963623,2.783611536026001,0.46843621134757996,0.4273369610309601,0.44746384024620056,0.49318885803222656,0.5745941996574402,0.7657536268234253,0.6909010410308838,0.5666401982307434,0.513914942741394,0.5049819350242615,0.4871691167354584,0.48655077815055847,0.3047071099281311,0.2501417398452759,0.24721534550189972,0.2624224126338959,0.23951315879821777,0.27853506803512573,0.2244836986064911,0.2593083381652832,0.24930869042873383,0.2831589877605438,0.27716147899627686,0.2951447069644928,591.9373785502647,482.7983953560035,1657.4905494524353,0.01594334578016241,0.0006007481715641916,140.0,150.0,145.0,194.32,204.32,199.32,3,pranayama
P7,-10.577381134033203,-16.463706970214844,-29.927152633666992,-35.92436599731445,-42.06785583496094,-43.678897857666016,-43.24590301513672,-46.59917449951172,-48.75408172607422,-48.673160552978516,-50.79323959350586,-52.28855514526367,-53.54658126831055,-55.01096725463867,-57.24428939819336,-58.71982955932617,-58.778194427490234,-60.63599395751953,-61.44919204711914,-62.11001968383789,-63.45558166503906,-64.54495239257812,-64.65467834472656,-64.61884307861328,-64.86199951171875,-64.90191650390625,-64.96329498291016,-64.997314453125,-64.91156005859375,-64.85645294189453,-65.13346862792969,-65.9762954711914,3.9161159992218018,3.8842320442199707,2.847900629043579,3.359441041946411,3.3347716331481934,3.856964588165283,3.648106098175049,3.32985258102417,3.2243552207946777,3.0839743614196777,3.1941280364990234,3.0072357654571533,3.0979762077331543,2.755946636199951,2.7384588718414307,2.9298641681671143,2.775040864944458,2.6883668899536133,3.3850560188293457,3.986178159713745,2.697319984436035,2.2289814949035645,1.9858254194259644,2.1480064392089844,1.8318291902542114,1.5814999341964722,1.5642406940460205,1.7131632566452026,2.0034217834472656,2.1021687984466553,1.9238495826721191,1.794309139251709,-303.05975341796875,67.88229370117188,29.09873390197754,15.111688613891602,14.19754695892334,12.463371276855469,9.615059852600098,8.8917818069458,6.080810070037842,4.949716091156006,7.866281986236572,4.052516460418701,4.469509601593018,2.9492342472076416,3.0262842178344727,3.4016430377960205,2.9908151626586914,2.9454615116119385,2.948883056640625,2.7697575092315674,0.3405381739139557,0.30349239706993103,0.3188835680484772,0.35889148712158203,0.5193372368812561,0.8748445510864258,0.7215502262115479,0.43196457624435425,0.3969937264919281,0.40805506706237793,0.393836110830307,0.37124815583229065,0.2647545635700226,0.21785078942775726,0.22797971963882446,0.23103143274784088,0.20181065797805786,0.21923799812793732,0.21010497212409973,0.2413116991519928,0.2498476356267929,0.2867969870567322,0.27729153633117676,0.2687847316265106,604.2408369771425,498.8109048723898,1661.8500938969264,0.017280171476218097,0.0005881341639906168,150.0,160.0,155.0,204.32,214.32,209.32,3,pranayama
P7,-9.618834495544434,-15.1686429977417,-29.648319244384766,-35.97796630859375,-42.16407012939453,-44.096893310546875,-44.18788146972656,-46.77699661254883,-47.957305908203125,-49.10300827026367,-51.15802764892578,-52.380496978759766,-53.63136291503906,-54.31197738647461,-56.52505874633789,-58.53310775756836,-58.900394439697266,-60.517765045166016,-62.58551025390625,-63.67437744140625,-64.27950286865234,-65.0313720703125,-65.40715789794922,-65.58418273925781,-65.44291687011719,-65.36272430419922,-65.41654205322266,-65.32560729980469,-65.30503845214844,-65.2976303100586,-65.5435791015625,-66.48381042480469,3.4069862365722656,3.7388205528259277,3.1197619438171387,3.6083316802978516,3.523958683013916,3.1764276027679443,3.3132691383361816,3.05849027633667,2.8155744075775146,3.101331949234009,2.9656660556793213,2.8082635402679443,2.771496534347534,2.789717435836792,2.6069140434265137,2.3890912532806396,2.5322489738464355,2.8662681579589844,2.189263105392456,1.9331653118133545,1.7135463953018188,1.465983271598816,1.4099369049072266,1.366200566291809,1.378174066543579,1.3890283107757568,1.3979260921478271,1.378283143043518,1.1703596115112305,1.0875927209854126,0.9589888453483582,0.9720476865768433,-304.30303955078125,69.66241455078125,29.544286727905273,14.692190170288086,15.565804481506348,14.021238327026367,9.562212944030762,9.002398490905762,6.919082164764404,5.653290748596191,4.864307880401611,3.778099775314331,3.5259900093078613,2.82375431060791,3.1729538440704346,2.865605354309082,2.7960493564605713,2.710313081741333,2.7122867107391357,2.6413826942443848,0.26406097412109375,0.24202746152877808,0.28342631459236145,0.3400191068649292,0.516110360622406,0.9136443734169006,0.7558563351631165,0.4209553301334381,0.3420403301715851,0.3273232877254486,0.3126780688762665,0.2985442876815796,0.2116648554801941,0.1735154688358307,0.21099767088890076,0.225123792886734,0.18801014125347137,0.17673392593860626,0.17681369185447693,0.2425224483013153,0.24857179820537567,0.27627435326576233,0.25588732957839966,0.23990052938461304,558.2438120815189,408.75615166400814,1588.0750615208897,0.01610988254060325,0.0006063483888283372,160.0,170.0,165.0,214.32,224.32,219.32,3,pranayama
P7,-11.233656883239746,-17.936214447021484,-32.348777770996094,-38.06325149536133,-44.1432991027832,-46.009883880615234,-46.54714584350586,-48.92395782470703,-50.452205657958984,-51.61671447753906,-54.237998962402344,-54.68785858154297,-55.945648193359375,-57.3384895324707,-59.58757019042969,-60.82403564453125,-60.978511810302734,-63.12787628173828,-64.10375213623047,-65.1939468383789,-66.28235626220703,-66.9388198852539,-67.34480285644531,-67.30370330810547,-67.32437896728516,-67.2470474243164,-67.2870864868164,-67.31954956054688,-67.27486419677734,-67.2427749633789,-67.58916473388672,-68.4958724975586,3.674757957458496,4.820857524871826,2.868851900100708,3.5148544311523438,2.9464385509490967,2.9363584518432617,3.613318920135498,3.453523635864258,3.0444204807281494,3.3213446140289307,3.299199342727661,3.0402021408081055,3.126185178756714,2.833629846572876,2.9408133029937744,3.035970449447632,2.8562827110290527,2.599559783935547,2.651322364807129,3.0890886783599854,2.363248586654663,2.078367233276367,1.9561100006103516,1.803526759147644,1.682832956314087,1.657528281211853,1.666128158569336,1.7792820930480957,2.034548044204712,1.8776931762695312,1.6841400861740112,1.4774882793426514,-316.5984191894531,68.64541625976562,30.084524154663086,15.691178321838379,15.215072631835938,13.387189865112305,9.472199440002441,9.193050384521484,6.787076473236084,5.582182884216309,7.504467010498047,4.024805545806885,3.83671498298645,3.014918565750122,3.1269021034240723,3.079148292541504,2.8037075996398926,3.1862940788269043,2.937469720840454,2.86051607131958,0.3021153211593628,0.2882712781429291,0.3348732888698578,0.38891080021858215,0.5584895014762878,0.896567165851593,0.7375022172927856,0.43554890155792236,0.3606680631637573,0.34359708428382874,0.32615795731544495,0.31554919481277466,0.2797936499118805,0.23284371197223663,0.24718624353408813,0.24555297195911407,0.1975957304239273,0.19952957332134247,0.18188557028770447,0.25155264139175415,0.2667539417743683,0.2846496105194092,0.2679500877857208,0.2759571969509125,546.2588701217838,388.12224704538863,1576.4981611913452,0.015170705843967517,0.0006803922588005662,170.0,180.0,175.0,224.32,234.32,229.32,3,pranayama
P7,-9.709938049316406,-14.3137788772583,-28.51474952697754,-35.301353454589844,-42.06071853637695,-44.00828552246094,-44.44786071777344,-46.896080017089844,-47.517799377441406,-48.32529830932617,-50.78898239135742,-51.561767578125,-52.829280853271484,-53.880104064941406,-56.379539489746094,-58.637535095214844,-58.66112518310547,-60.83259582519531,-62.30903244018555,-63.16107940673828,-63.78207778930664,-64.50389099121094,-64.92253112792969,-64.93148040771484,-64.7593994140625,-64.5063247680664,-64.64302062988281,-64.73677825927734,-64.70527648925781,-64.78810119628906,-64.95878601074219,-65.91669464111328,3.420382261276245,3.406219959259033,2.799173355102539,3.6156394481658936,2.959421157836914,3.020733594894409,3.242910623550415,2.9723081588745117,2.922595500946045,2.965510368347168,2.821993827819824,2.6833953857421875,2.4153800010681152,2.964250326156616,2.6004364490509033,2.117363691329956,2.138310194015503,2.1965861320495605,1.72816801071167,1.8055609464645386,1.6504734754562378,1.4481785297393799,1.3516079187393188,1.254705548286438,1.2036386728286743,1.2071261405944824,1.2384917736053467,1.0370087623596191,1.0701286792755127,0.9298374056816101,0.8794484734535217,0.8851590156555176,-301.8092956542969,69.17311096191406,30.04837989807129,14.719239234924316,15.297855377197266,14.875126838684082,10.239641189575195,8.92449951171875,6.286471366882324,5.07057523727417,3.3907413482666016,3.4213414192199707,3.0480194091796875,2.4787745475769043,2.897205114364624,2.6957437992095947,2.787745952606201,2.671520709991455,2.6267082691192627,2.4811081886291504,0.32494398951530457,0.2847815454006195,0.2952756881713867,0.33362913131713867,0.5169714093208313,0.9056864976882935,0.7049315571784973,0.35878637433052063,0.3167438209056854,0.3252854347229004,0.3303236961364746,0.33442938327789307,0.2795531749725342,0.23256322741508484,0.23408377170562744,0.22381317615509033,0.17743359506130219,0.18900854885578156,0.1972699910402298,0.2280760556459427,0.248817577958107,0.2728528082370758,0.26368248462677,0.2706798017024994,567.147485980338,407.58206750290026,1605.6757176124872,0.01704679343097448,0.0005808855639770627,180.0,190.0,185.0,234.32,244.32,239.32,3,pranayama
P7,-9.67323112487793,-16.585573196411133,-30.30068016052246,-36.24186325073242,-42.68182373046875,-44.46955490112305,-45.164939880371094,-47.680049896240234,-48.849632263183594,-49.89081954956055,-52.065643310546875,-53.064918518066406,-54.48234176635742,-55.282073974609375,-57.66345977783203,-58.83573532104492,-58.9554557800293,-60.9140625,-62.452999114990234,-63.80180358886719,-64.36534881591797,-64.67206573486328,-65.01331329345703,-64.92597961425781,-65.13108825683594,-65.05073547363281,-64.99261474609375,-65.01129913330078,-64.73921203613281,-64.85589599609375,-65.17652130126953,-66.11389923095703,3.4683499336242676,3.5045528411865234,3.197510242462158,3.359046220779419,3.1680002212524414,3.0129361152648926,3.3314404487609863,3.0648839473724365,2.987872838973999,3.530076265335083,3.0864784717559814,3.0289721488952637,2.837982416152954,2.7954213619232178,2.665337562561035,2.637096881866455,2.641655445098877,2.711866617202759,2.564069986343384,2.3115530014038086,2.1783649921417236,2.631592035293579,2.5731680393218994,2.472545862197876,2.1363046169281006,2.0604634284973145,2.0550198554992676,2.0856387615203857,2.3682861328125,2.3702690601348877,2.2206225395202637,2.0753581523895264,-305.6653747558594,66.99063873291016,30.34556770324707,15.603166580200195,15.37867546081543,13.792552947998047,9.468806266784668,8.939042091369629,6.899106025695801,5.375997066497803,7.0755510330200195,5.296921253204346,3.4409492015838623,3.010439395904541,3.0606305599212646,2.8415799140930176,2.981416702270508,3.145998954772949,2.7230846881866455,2.4973249435424805,0.3274137079715729,0.2990809679031372,0.3305831253528595,0.3780982196331024,0.5683696269989014,0.866287887096405,0.7036786079406738,0.455893874168396,0.4245240092277527,0.4106716215610504,0.37560391426086426,0.35066431760787964,0.267139732837677,0.21730953454971313,0.2318819761276245,0.21760714054107666,0.18622809648513794,0.2269703447818756,0.18841718137264252,0.24578602612018585,0.2771601378917694,0.29983678460121155,0.2659109830856323,0.26758500933647156,580.3714862626524,449.99898038718095,1636.3294874292949,0.015459596142691415,0.0006322258850559592,190.0,200.0,195.0,244.32,254.32,249.32,3,pranayama
P7,-10.434499740600586,-17.693927764892578,-31.258350372314453,-37.734031677246094,-43.44541549682617,-45.37106704711914,-45.48367691040039,-48.133949279785156,-49.01716613769531,-50.18183898925781,-52.47031021118164,-53.83452224731445,-54.43193435668945,-55.5757942199707,-58.20151138305664,-59.592037200927734,-59.898590087890625,-61.450443267822266,-62.27030944824219,-63.536033630371094,-64.83390808105469,-65.60736083984375,-66.03544616699219,-65.8144760131836,-65.78511047363281,-65.79052734375,-65.65168762207031,-65.5569076538086,-65.54425811767578,-65.46344757080078,-65.97667694091797,-66.9154281616211,3.5290873050689697,3.3661317825317383,3.01965594291687,3.7307467460632324,3.509587049484253,3.1644179821014404,3.4978034496307373,3.3830726146698,3.2090184688568115,3.6180031299591064,3.376974582672119,2.8645737171173096,2.9465112686157227,3.171229600906372,2.925328493118286,2.8243408203125,2.6911680698394775,3.3187437057495117,3.670046329498291,3.7552077770233154,2.5056259632110596,2.266178846359253,2.1447157859802246,2.3016748428344727,2.2685298919677734,2.2372798919677734,2.391021966934204,2.4266550540924072,2.6061878204345703,2.877102851867676,2.438707113265991,2.3229801654815674,-309.1807556152344,66.9192886352539,29.334287643432617,15.057916641235352,15.17997932434082,13.42046070098877,9.666670799255371,9.709507942199707,6.617326259613037,5.567744731903076,8.457876205444336,5.560142993927002,4.256995677947998,3.4120988845825195,2.918163776397705,3.285771608352661,2.9809489250183105,2.984642267227173,3.0998449325561523,2.9272117614746094,0.34508976340293884,0.3267541229724884,0.36792847514152527,0.4217429757118225,0.5915694236755371,0.8963409066200256,0.7277801632881165,0.4595300853252411,0.37543511390686035,0.35557273030281067,0.35497695207595825,0.35506671667099,0.29034194350242615,0.23459018766880035,0.23960983753204346,0.23621197044849396,0.19901438057422638,0.1910223513841629,0.1845005750656128,0.23912952840328217,0.2372022271156311,0.26735034584999084,0.2772446274757385,0.2906339168548584,593.1069381473716,512.3253629821636,1649.435202169127,0.014495495577146172,0.0006464863545261323,200.0,210.0,205.0,254.32,264.32,259.32,3,pranayama
P7,-11.57953929901123,-17.095050811767578,-30.5494384765625,-36.618221282958984,-43.11640930175781,-44.704158782958984,-44.474159240722656,-48.25975036621094,-49.78887176513672,-50.386592864990234,-52.78904342651367,-53.93663024902344,-54.83003616333008,-55.432212829589844,-57.648826599121094,-59.909122467041016,-59.972076416015625,-61.562374114990234,-63.402626037597656,-64.75833892822266,-65.22394561767578,-65.60227966308594,-66.14225769042969,-66.1582260131836,-66.00355529785156,-65.98009490966797,-65.9832763671875,-66.08313751220703,-66.0228042602539,-66.01834106445312,-66.41796875,-67.23580169677734,3.665847063064575,4.635021209716797,3.121434211730957,3.717149257659912,3.241488456726074,3.0784480571746826,3.1618175506591797,3.2106645107269287,3.0072031021118164,3.0174107551574707,3.033273220062256,3.14601731300354,2.810800790786743,2.6940741539001465,2.6612114906311035,2.508838653564453,2.7212283611297607,2.823096990585327,2.466381549835205,2.179838180541992,2.0153322219848633,2.188676357269287,1.7299517393112183,1.6408733129501343,1.6624763011932373,1.6140680313110352,1.6237939596176147,1.616172194480896,1.6755486726760864,1.5623202323913574,1.3734681606292725,1.2690110206604004,-310.0106506347656,68.38874816894531,29.91165542602539,15.119952201843262,14.968242645263672,13.469146728515625,8.625435829162598,8.082279205322266,6.421470642089844,5.434944152832031,6.613282680511475,3.9420580863952637,3.3331520557403564,2.8833563327789307,3.206148147583008,2.7896430492401123,2.7827835083007812,3.011795997619629,2.845036745071411,2.7963154315948486,0.2853563725948334,0.28726136684417725,0.3390576243400574,0.39269155263900757,0.5569494366645813,0.9096531271934509,0.7210558652877808,0.39906373620033264,0.2990867495536804,0.27141717076301575,0.276633620262146,0.28441670536994934,0.25748348236083984,0.23692286014556885,0.2767707407474518,0.2755306363105774,0.19909797608852386,0.18116356432437897,0.18921129405498505,0.25518885254859924,0.23247091472148895,0.2340468317270279,0.25367334485054016,0.2631227970123291,589.7139277478237,450.7234152950986,1643.8696989549405,0.016742042488399073,0.0005842469399794936,210.0,220.0,215.0,264.32,274.32,269.32,3,pranayama
P7,-9.326069831848145,-14.081417083740234,-29.0322265625,-35.22120666503906,-40.89995193481445,-43.32484436035156,-43.72065353393555,-46.78959655761719,-47.383056640625,-47.905548095703125,-50.89712905883789,-51.65580749511719,-53.132484436035156,-53.99211502075195,-56.034400939941406,-58.095802307128906,-58.34105682373047,-60.74140930175781,-61.705894470214844,-62.950469970703125,-63.93966293334961,-64.6667251586914,-64.82649993896484,-64.57269287109375,-64.63822174072266,-64.6283950805664,-64.8174819946289,-64.9678726196289,-64.89017486572266,-65.03961181640625,-65.31018829345703,-66.0669174194336,3.5209133625030518,4.297366142272949,3.2239906787872314,3.729565382003784,3.35227370262146,3.107246160507202,3.3131966590881348,3.255704879760742,3.2698473930358887,3.4878523349761963,3.0235559940338135,2.9722514152526855,2.9176700115203857,3.1270740032196045,3.075917959213257,2.5956876277923584,2.3883655071258545,2.1931028366088867,2.9500551223754883,3.396986722946167,2.138385534286499,1.9688498973846436,1.8708877563476562,2.311817169189453,2.2646708488464355,1.919735312461853,1.5024346113204956,1.362366795539856,1.33964204788208,1.2255946397781372,1.1445188522338867,1.1158353090286255,-301.156005859375,70.06478881835938,29.75828742980957,15.107419967651367,15.108229637145996,14.274709701538086,9.519368171691895,8.738160133361816,6.73643684387207,5.026214599609375,6.389139175415039,3.7117960453033447,4.243115425109863,3.5789875984191895,3.6245269775390625,3.1780405044555664,2.744175910949707,3.097586154937744,2.9795093536376953,2.82011342048645,0.24738666415214539,0.2376696914434433,0.2675371766090393,0.3167518079280853,0.5165287256240845,0.9116502404212952,0.7408099174499512,0.3965930640697479,0.31785428524017334,0.3014213442802429,0.2828018367290497,0.26219940185546875,0.24263599514961243,0.217462956905365,0.2265869379043579,0.2216530293226242,0.17870408296585083,0.18722066283226013,0.1796325147151947,0.26946523785591125,0.25401636958122253,0.26712238788604736,0.25405001640319824,0.23747935891151428,546.2281725290184,416.6000330807715,1559.342664714266,0.016711454103828308,0.0006321035325527191,220.0,230.0,225.0,274.32,284.32,279.32,3,pranayama
P7,-12.222332954406738,-21.505687713623047,-33.07569885253906,-38.56732177734375,-44.71616744995117,-46.393611907958984,-46.62124252319336,-48.925079345703125,-50.34105682373047,-51.26152038574219,-52.859413146972656,-53.513404846191406,-54.21528625488281,-54.88088607788086,-56.665122985839844,-58.63990783691406,-59.22150802612305,-61.531105041503906,-63.38727951049805,-64.33460235595703,-65.6590347290039,-65.75641632080078,-66.68611145019531,-67.03984069824219,-67.0642318725586,-66.31204986572266,-66.2813949584961,-66.8934097290039,-67.48793029785156,-67.97997283935547,-68.50674438476562,-69.57167053222656,4.221490859985352,4.347540378570557,3.191014528274536,3.550621271133423,4.058750629425049,3.914841651916504,3.892331600189209,3.883441686630249,4.0364990234375,4.068759441375732,4.943764686584473,5.157139778137207,5.730064868927002,6.637171745300293,6.799545764923096,6.7414655685424805,5.670734405517578,5.2941813468933105,4.593283176422119,4.711824417114258,4.418240070343018,5.654605865478516,4.591222286224365,3.9217240810394287,3.2990031242370605,4.3653059005737305,4.998626708984375,4.0876545906066895,2.81508469581604,2.0887229442596436,1.1813628673553467,1.0124564170837402,-314.32965087890625,67.41690826416016,24.223203659057617,14.44115924835205,14.942955017089844,14.728145599365234,7.832252025604248,8.505364418029785,6.267454624176025,5.953784465789795,19.02349281311035,4.177214622497559,9.023100852966309,3.0255675315856934,3.0543200969696045,4.641829490661621,3.620075225830078,2.9973011016845703,3.042475938796997,3.8282175064086914,0.401545912027359,0.3883976340293884,0.4401646852493286,0.49749505519866943,0.6160497665405273,0.849014937877655,0.7163524031639099,0.5027438998222351,0.4189375340938568,0.3975747227668762,0.3978632986545563,0.40701910853385925,0.2801287770271301,0.23106427490711212,0.2508224546909332,0.261267751455307,0.21950872242450714,0.23088958859443665,0.20154248178005219,0.2532682418823242,0.24382011592388153,0.26678964495658875,0.27018481492996216,0.2817821800708771,584.7999740456676,554.8172174086427,1605.3918098524637,0.01562613290313225,0.0007137744687497616,230.0,240.0,235.0,284.32,294.32,289.32,3,pranayama
P7,-15.032326698303223,-24.448678970336914,-35.267913818359375,-40.63119125366211,-46.603179931640625,-48.2751579284668,-47.963863372802734,-51.42033386230469,-52.66559982299805,-53.67385482788086,-55.362430572509766,-56.151329040527344,-57.21248245239258,-57.97675323486328,-60.63261413574219,-62.28057861328125,-61.994266510009766,-63.85001754760742,-65.1212387084961,-66.18719482421875,-67.57209014892578,-68.66009521484375,-68.89982604980469,-68.72273254394531,-68.49343872070312,-68.44505310058594,-68.52245330810547,-68.63008117675781,-68.66693878173828,-68.69830322265625,-69.10668182373047,-69.8683853149414,4.042330265045166,3.5233469009399414,3.4420599937438965,3.711887836456299,3.6264710426330566,3.470299005508423,3.9468164443969727,3.676795721054077,3.5796101093292236,3.789360523223877,3.7454960346221924,3.8015928268432617,3.5148797035217285,3.296900987625122,3.416382074356079,3.321155548095703,3.615696430206299,3.5701446533203125,3.6298818588256836,3.5952439308166504,2.950772762298584,2.517274856567383,2.2412116527557373,2.5560829639434814,2.772035837173462,2.8377695083618164,3.022522211074829,2.6552810668945312,2.577378034591675,2.5834009647369385,2.600891590118408,2.713050603866577,-326.5130920410156,65.23501586914062,26.819854736328125,13.915505409240723,14.44687271118164,12.614378929138184,8.163832664489746,8.464943885803223,5.930549621582031,4.867485523223877,10.73085880279541,5.967489242553711,4.733718395233154,3.6462385654449463,3.2589528560638428,3.2325427532196045,3.6845407485961914,3.134432554244995,2.56648588180542,3.2424209117889404,0.406431645154953,0.3971850275993347,0.46147066354751587,0.5217521786689758,0.5965882539749146,0.7471551299095154,0.6603622436523438,0.5479600429534912,0.5011993646621704,0.4997669756412506,0.4545992910861969,0.4347699284553528,0.2832764983177185,0.23284363746643066,0.25342679023742676,0.27863553166389465,0.25307542085647583,0.28305962681770325,0.20936325192451477,0.2667835056781769,0.27635857462882996,0.31800881028175354,0.2630566656589508,0.27659836411476135,676.2841495257525,716.2163187898782,1763.9858410781903,0.01720200116009281,0.0005821012891829014,240.0,250.0,245.0,294.32,304.32,299.32,3,pranayama
P7,-9.8202543258667,-13.604594230651855,-30.693254470825195,-36.18491744995117,-42.9073600769043,-44.58784103393555,-44.873138427734375,-47.8425178527832,-49.19964599609375,-49.54856872558594,-51.67444610595703,-52.757442474365234,-54.27491760253906,-55.28211975097656,-57.758609771728516,-58.31296157836914,-58.86933517456055,-61.22801208496094,-62.17554473876953,-63.3046875,-64.82357025146484,-65.74205017089844,-66.03353881835938,-65.66474151611328,-65.66959381103516,-65.34397888183594,-65.49150085449219,-65.65482330322266,-65.38323211669922,-65.44676208496094,-65.74149322509766,-66.68268585205078,3.2636682987213135,3.198016405105591,3.2374844551086426,3.824897289276123,3.3966784477233887,3.130531072616577,3.2060904502868652,3.251941680908203,3.1423466205596924,3.1077613830566406,3.005265235900879,3.10398530960083,2.9465925693511963,2.638923168182373,2.611908197402954,2.8609635829925537,2.569105386734009,2.2771060466766357,2.6887574195861816,3.2322418689727783,2.1473121643066406,1.9054583311080933,1.9221872091293335,2.1414167881011963,1.960547924041748,2.1703498363494873,1.977744221687317,1.7812741994857788,2.170348882675171,2.2284598350524902,2.0459530353546143,1.9799580574035645,-306.2794494628906,69.05908203125,30.116182327270508,15.671103477478027,16.487096786499023,14.337246894836426,9.705425262451172,9.840856552124023,6.987979412078857,5.034811973571777,6.490025043487549,4.642078399658203,3.8889169692993164,3.1481986045837402,2.8563690185546875,3.040287971496582,3.1371586322784424,3.1607322692871094,2.926044225692749,2.7401463985443115,0.18175886571407318,0.17938588559627533,0.22231841087341309,0.2778782248497009,0.511168360710144,0.9425622224807739,0.711928129196167,0.30866169929504395,0.2608649432659149,0.25734999775886536,0.2365533709526062,0.2087731808423996,0.17648202180862427,0.1735682487487793,0.23004357516765594,0.23410382866859436,0.17826983332633972,0.14640772342681885,0.18296575546264648,0.20510128140449524,0.22512668371200562,0.2539781332015991,0.23624731600284576,0.20008258521556854,558.7035897615008,392.1690903241009,1585.182501686521,0.01515824390951276,0.0006687598070129752,250.0,260.0,255.0,304.32,314.32,309.32,3,pranayama
P7,-9.71491813659668,-17.04130744934082,-29.00984764099121,-35.37846374511719,-41.978755950927734,-44.16913604736328,-43.34817886352539,-46.39814758300781,-48.14665603637695,-48.54598617553711,-50.90482711791992,-51.82249069213867,-53.435062408447266,-54.18385696411133,-56.73635482788086,-58.3295783996582,-58.258697509765625,-60.482200622558594,-62.11198806762695,-62.9664306640625,-63.38890838623047,-64.33561706542969,-64.6812515258789,-64.71017456054688,-64.49939727783203,-64.3736801147461,-64.5378646850586,-64.70208740234375,-64.7594223022461,-64.89574432373047,-65.17449188232422,-66.00692749023438,3.875497817993164,4.126462936401367,3.193942070007324,3.252974510192871,3.287263870239258,2.8492488861083984,3.4072632789611816,3.1016268730163574,3.2604105472564697,2.922091484069824,3.0100066661834717,2.9641168117523193,2.837167263031006,2.8395578861236572,2.7136600017547607,2.3946142196655273,2.4681754112243652,2.507798671722412,2.06148624420166,2.1355180740356445,2.0508358478546143,1.8097023963928223,1.6393853425979614,1.63718581199646,1.7354106903076172,1.6634401082992554,1.471280813217163,1.295860767364502,1.3213926553726196,1.2198797464370728,1.1177542209625244,1.1131901741027832,-302.11639404296875,68.22289276123047,29.19133186340332,14.830934524536133,14.352519989013672,13.67227840423584,9.247635841369629,8.727880477905273,6.48307991027832,5.133551120758057,5.839237689971924,3.875330686569214,3.5696821212768555,2.8172342777252197,3.2591392993927,2.937546491622925,2.8541226387023926,2.646192789077759,2.8041961193084717,2.587303638458252,0.3425156772136688,0.33046841621398926,0.3834128975868225,0.4362165331840515,0.5986364483833313,0.8473168611526489,0.7006726861000061,0.4959605038166046,0.44240590929985046,0.42493993043899536,0.39910683035850525,0.36880433559417725,0.25936460494995117,0.225801482796669,0.2593880891799927,0.2571064829826355,0.2116403877735138,0.2322729527950287,0.18556353449821472,0.27329185605049133,0.28963056206703186,0.3097744882106781,0.28795963525772095,0.273000031709671,587.859078323165,473.2808194968097,1635.8822789057847,0.0169890153712297,0.0005855952622368932,260.0,270.0,265.0,314.32,324.32,319.32,3,pranayama
P7,-9.984813690185547,-16.17542266845703,-29.37042236328125,-35.66322708129883,-41.60105895996094,-43.412139892578125,-44.16530990600586,-47.35555648803711,-48.57172775268555,-48.82276916503906,-50.87043380737305,-51.42897415161133,-53.06534957885742,-54.228965759277344,-56.749900817871094,-57.815372467041016,-58.00021743774414,-60.551116943359375,-62.05099105834961,-63.15402603149414,-63.974639892578125,-64.51531982421875,-64.7077865600586,-64.59458923339844,-64.4743881225586,-64.40641784667969,-64.4657974243164,-64.47290802001953,-64.4296875,-64.34626007080078,-64.64584350585938,-65.5182876586914,3.6228272914886475,3.423470973968506,2.8789169788360596,3.3610124588012695,3.074275016784668,2.814429998397827,3.076188325881958,2.973257541656494,2.9730687141418457,2.9635190963745117,2.9190311431884766,2.9077670574188232,2.557056188583374,2.730306625366211,2.540282964706421,2.620847463607788,2.472681999206543,2.396609306335449,2.3675081729888916,2.1000795364379883,1.8925644159317017,1.9906361103057861,1.924498438835144,2.066284418106079,1.9451984167099,1.8959541320800781,1.9347574710845947,1.7965888977050781,1.9965492486953735,2.0822603702545166,1.9794436693191528,1.8671718835830688,-301.8620910644531,67.64230346679688,29.605134963989258,14.444546699523926,15.336899757385254,14.15605354309082,9.101991653442383,8.244163513183594,6.207203388214111,4.650906085968018,5.819146633148193,4.942656993865967,3.389158010482788,2.7355704307556152,3.122413158416748,2.6368865966796875,2.5909414291381836,2.890237808227539,2.7399280071258545,2.3162081241607666,0.29801180958747864,0.29043084383010864,0.33646702766418457,0.3889044523239136,0.5619797706604004,0.912312924861908,0.74310702085495,0.44716811180114746,0.37261849641799927,0.345760703086853,0.3121544420719147,0.3025418519973755,0.24563010036945343,0.2182026505470276,0.24589791893959045,0.2431003600358963,0.18854106962680817,0.17058630287647247,0.17444954812526703,0.2514828145503998,0.24865789711475372,0.2560654878616333,0.2289605587720871,0.23901666700839996,605.5313818854283,502.83276763703594,1671.8027703015061,0.017723136600928075,0.0005797022604383528,270.0,280.0,275.0,324.32,334.32,329.32,3,pranayama
P7,-10.772134780883789,-15.426015853881836,-30.516508102416992,-37.31861114501953,-42.771995544433594,-44.75799560546875,-45.25240707397461,-47.875526428222656,-49.009193420410156,-49.83823776245117,-52.38652801513672,-53.617095947265625,-54.932777404785156,-55.84956741333008,-58.04903030395508,-59.72893524169922,-59.88480758666992,-62.09641647338867,-62.73844528198242,-62.99065399169922,-64.7390365600586,-65.99140167236328,-66.17639923095703,-66.0009536743164,-65.8359375,-65.89671325683594,-66.14055633544922,-66.16622161865234,-66.10958099365234,-66.16712951660156,-66.3852767944336,-67.15674591064453,3.326591968536377,3.4879801273345947,3.4314401149749756,3.530238151550293,3.512512683868408,3.0894176959991455,3.4714958667755127,3.338902235031128,3.0005125999450684,3.137293577194214,3.0441246032714844,2.797304391860962,2.8112051486968994,2.8150954246520996,2.3793373107910156,2.6785411834716797,2.6192898750305176,2.4621567726135254,3.451202154159546,4.307507514953613,2.4746572971343994,1.618021845817566,1.444598913192749,1.6048601865768433,1.6856648921966553,1.623456358909607,1.483534336090088,1.249456763267517,1.2443147897720337,1.2322698831558228,1.0272077322006226,0.9753000736236572,-309.10797119140625,68.91893768310547,29.93265724182129,15.83497142791748,15.119697570800781,13.343623161315918,9.908885955810547,9.465812683105469,6.645477771759033,5.238048076629639,5.927169322967529,3.5257225036621094,3.9849207401275635,3.330333948135376,3.3983659744262695,3.234334707260132,3.0732641220092773,3.0695853233337402,2.7442729473114014,2.9554247856140137,0.2693363428115845,0.25074365735054016,0.2808605432510376,0.33029910922050476,0.5076162815093994,0.9179595708847046,0.7165898084640503,0.36284521222114563,0.31629160046577454,0.31795430183410645,0.29770687222480774,0.2859944701194763,0.243438720703125,0.2101905792951584,0.23860129714012146,0.23789438605308533,0.17422908544540405,0.17166323959827423,0.18894575536251068,0.2210492491722107,0.24925723671913147,0.28004658222198486,0.24864697456359863,0.24290584027767181,564.0196383705833,406.1082171729988,1597.8808028886565,0.016206179306844547,0.0006064488552510738,280.0,290.0,285.0,334.32,344.32,339.32,3,pranayama
P7,-12.440096855163574,-19.41869354248047,-32.29566955566406,-38.84280776977539,-44.75230026245117,-46.059608459472656,-46.92872619628906,-49.27569580078125,-50.57780838012695,-51.391448974609375,-53.03462600708008,-54.147403717041016,-55.62157440185547,-56.248023986816406,-59.04506301879883,-60.66996383666992,-60.86128234863281,-62.51559829711914,-64.2723388671875,-65.65003204345703,-66.44293212890625,-66.9389419555664,-67.33478546142578,-67.16280364990234,-67.00006103515625,-66.78523254394531,-66.96845245361328,-66.9122543334961,-66.60211181640625,-66.50657653808594,-66.90245056152344,-67.90751647949219,4.067058563232422,3.860151529312134,3.0214431285858154,3.551435947418213,3.2899200916290283,3.132904529571533,3.405163288116455,3.1261563301086426,2.990112543106079,3.1565632820129395,3.0106050968170166,2.773268461227417,2.4676523208618164,2.845313787460327,2.4793975353240967,2.5319864749908447,2.581688642501831,2.3941433429718018,2.2112033367156982,2.072721004486084,1.882218599319458,1.7537117004394531,1.723865270614624,1.7421355247497559,1.6368062496185303,1.7133194208145142,1.658721685409546,1.5305233001708984,1.9731333255767822,2.0307395458221436,1.9038981199264526,1.8721058368682861,-315.9905700683594,66.90706634521484,29.157602310180664,13.718165397644043,15.154923439025879,13.916865348815918,9.337608337402344,8.824690818786621,6.47816801071167,5.098121643066406,6.2792582511901855,4.001468181610107,3.540128231048584,2.552849769592285,3.388099431991577,3.0816762447357178,2.9173660278320312,2.930662155151367,2.818063497543335,2.8241193294525146,0.3470900058746338,0.33396875858306885,0.37851059436798096,0.4285774528980255,0.5734307765960693,0.8812769055366516,0.7320927381515503,0.47164589166641235,0.4090713858604431,0.40026721358299255,0.3810216188430786,0.35907718539237976,0.2785044312477112,0.23877771198749542,0.2572040855884552,0.2538198232650757,0.19903025031089783,0.2080828994512558,0.18918852508068085,0.2548745274543762,0.2462790161371231,0.26727476716041565,0.2658366858959198,0.27036577463150024,614.3295822829409,499.9100474912993,1692.8517368249347,0.017238254060324826,0.0006020687287673354,290.0,300.0,295.0,344.32,354.32,349.32,3,pranayama
P7,-13.564690589904785,-20.225261688232422,-32.464088439941406,-37.430904388427734,-44.395782470703125,-47.158931732177734,-47.55218505859375,-49.63792419433594,-51.18193435668945,-52.277400970458984,-54.56546401977539,-55.04191207885742,-56.131805419921875,-57.24329376220703,-59.959129333496094,-60.68693923950195,-61.121604919433594,-63.189857482910156,-64.09427642822266,-65.93038177490234,-66.69905853271484,-67.64363098144531,-67.6136703491211,-66.7110824584961,-66.57946014404297,-66.70713806152344,-67.08303833007812,-67.34638214111328,-67.25505828857422,-67.40071105957031,-67.79582977294922,-68.87403106689453,3.7279016971588135,4.291267395019531,3.094400644302368,3.4445812702178955,3.339118719100952,2.818720817565918,3.1189255714416504,3.5285348892211914,3.0759754180908203,3.4160513877868652,2.9135091304779053,3.1513757705688477,2.5657289028167725,2.605344533920288,2.522353172302246,2.7004833221435547,2.5305190086364746,2.3597278594970703,2.695362091064453,2.2371389865875244,1.7918274402618408,1.5800065994262695,1.52848219871521,2.3379552364349365,2.4620907306671143,2.403010368347168,2.0202620029449463,1.5138031244277954,1.3537217378616333,1.3637454509735107,1.197776198387146,0.9742607474327087,-318.4743347167969,66.69419860839844,29.265684127807617,15.3132963180542,14.54560661315918,13.895974159240723,8.07158374786377,8.207427024841309,6.232051372528076,3.981516122817993,5.590908527374268,4.281193256378174,3.658633232116699,3.175182819366455,3.2485568523406982,2.98708176612854,3.1636106967926025,2.8544304370880127,2.6664109230041504,2.9249002933502197,0.3739742338657379,0.3457251787185669,0.36366161704063416,0.4058455228805542,0.5491305589675903,0.8411197066307068,0.6968984007835388,0.4621300995349884,0.4109932780265808,0.4091631770133972,0.3989444673061371,0.38937297463417053,0.2977052628993988,0.2467416375875473,0.25665760040283203,0.2672322690486908,0.22587765753269196,0.2368529736995697,0.19830739498138428,0.27627530694007874,0.27791935205459595,0.30317211151123047,0.2874291241168976,0.2922183871269226,625.4994782572259,516.9217775703306,1697.2340514718333,0.01783529401102088,0.0005574937677010894,300.0,310.0,305.0,354.32,364.32,359.32,3,pranayama
P7,-9.641884803771973,-14.821338653564453,-30.436635971069336,-36.58019256591797,-42.940940856933594,-45.276580810546875,-45.59214401245117,-47.857688903808594,-49.11983108520508,-49.602500915527344,-52.23001480102539,-53.160003662109375,-54.30104446411133,-54.88370132446289,-57.239051818847656,-58.881126403808594,-59.469547271728516,-61.44652557373047,-62.35134506225586,-63.68264389038086,-64.79066467285156,-65.40637969970703,-65.86707305908203,-65.75151062011719,-65.55323028564453,-65.16178131103516,-65.32950592041016,-65.5102767944336,-65.12004852294922,-65.2081298828125,-65.53328704833984,-66.50321197509766,3.5031800270080566,3.2667911052703857,2.8856215476989746,3.3975634574890137,3.1740169525146484,2.91322922706604,3.4753170013427734,3.122619390487671,2.889599084854126,3.36772084236145,3.0900652408599854,2.7464818954467773,2.5365636348724365,2.7644705772399902,2.630420684814453,2.771022081375122,2.5172202587127686,2.6128041744232178,2.696861743927002,2.872922658920288,2.0608179569244385,2.1007134914398193,1.7886334657669067,2.026442289352417,2.1035196781158447,2.3324191570281982,2.2278506755828857,2.1293444633483887,2.3015079498291016,2.144087076187134,1.9858112335205078,1.8447767496109009,-306.7517395019531,68.05381774902344,30.290863037109375,15.457276344299316,16.39625358581543,14.717338562011719,9.925490379333496,9.52953815460205,6.900595664978027,5.529687881469727,6.993521213531494,4.489307880401611,3.607452869415283,2.9050099849700928,3.1625723838806152,3.052281618118286,2.757075071334839,2.5950517654418945,2.517376661300659,2.7262306213378906,0.26200419664382935,0.2525445818901062,0.29099389910697937,0.3429720401763916,0.5671247243881226,0.9520507454872131,0.7153931260108948,0.34831079840660095,0.2808111011981964,0.26418066024780273,0.25895145535469055,0.2621002197265625,0.23298726975917816,0.1937892884016037,0.2177329659461975,0.20619946718215942,0.15003204345703125,0.13174666464328766,0.17247217893600464,0.2270597666501999,0.22757704555988312,0.2443586140871048,0.23434004187583923,0.23278863728046417,543.9596852995057,371.33534159295243,1580.8345778694634,0.014050264646171694,0.0006888089701533318,310.0,320.0,315.0,364.32,374.32,369.32,3,pranayama
P7,-9.049606323242188,-13.782478332519531,-28.943927764892578,-34.695343017578125,-41.26694869995117,-43.332847595214844,-43.809226989746094,-45.74365997314453,-47.82038497924805,-48.23283386230469,-50.628753662109375,-51.62230682373047,-52.87372970581055,-53.56254196166992,-56.077674865722656,-57.315582275390625,-57.904232025146484,-60.42700958251953,-61.76808547973633,-62.73017120361328,-63.836666107177734,-64.3487319946289,-64.60375213623047,-64.47199249267578,-64.68519592285156,-64.4963607788086,-64.53894805908203,-64.524169921875,-64.3243179321289,-64.3954849243164,-64.80493927001953,-65.62191009521484,3.4446332454681396,3.213529586791992,3.3794333934783936,3.561722755432129,3.2313284873962402,2.912773609161377,3.221384048461914,2.995029926300049,2.8440136909484863,2.7092161178588867,2.9336788654327393,2.8828916549682617,2.6375668048858643,2.8622145652770996,2.368396043777466,2.5469915866851807,2.107774257659912,1.9661860466003418,2.0503900051116943,1.7879462242126465,1.462941288948059,1.280146598815918,1.3643583059310913,1.8045365810394287,1.3037142753601074,1.3837679624557495,1.233184814453125,1.0872901678085327,1.2014578580856323,1.0876069068908691,0.8460284471511841,0.83652663230896,-299.85565185546875,69.57913208007812,29.958168029785156,14.922677040100098,15.757316589355469,14.299208641052246,9.388323783874512,8.748151779174805,6.834942817687988,5.503605842590332,3.975984573364258,3.5896213054656982,3.0962915420532227,2.523787498474121,2.8178164958953857,2.614413261413574,2.832611083984375,2.472543954849243,2.550121307373047,2.751633882522583,0.27830812335014343,0.25742608308792114,0.2809889614582062,0.32761242985725403,0.5262662768363953,0.9468331933021545,0.7363779544830322,0.34547683596611023,0.28691035509109497,0.28437256813049316,0.287498414516449,0.28710320591926575,0.2522692382335663,0.20620831847190857,0.22390250861644745,0.2228846549987793,0.1670997142791748,0.12525594234466553,0.173948273062706,0.22016026079654694,0.23042117059230804,0.24813473224639893,0.2591673731803894,0.26123157143592834,544.1819075113457,380.92785899434455,1574.468417412929,0.015708834831786544,0.0006258771172724664,320.0,330.0,325.0,374.32,384.32,379.32,3,pranayama
P7,-8.823497772216797,-14.757099151611328,-29.802722930908203,-35.57884979248047,-42.32152557373047,-44.684600830078125,-45.00566482543945,-46.790733337402344,-48.0489501953125,-48.93719482421875,-51.56666946411133,-51.718894958496094,-53.290958404541016,-54.538028717041016,-56.9100456237793,-58.35365295410156,-58.751502990722656,-60.36069869995117,-61.5354118347168,-62.630924224853516,-63.837650299072266,-64.63046264648438,-64.92012023925781,-64.82389068603516,-64.72103118896484,-64.83763122558594,-64.8111801147461,-64.69613647460938,-64.37657928466797,-64.3555679321289,-64.71934509277344,-65.66803741455078,3.5757102966308594,3.253767967224121,3.1420042514801025,3.3023905754089355,3.0722787380218506,3.0836238861083984,3.5243194103240967,3.1819522380828857,2.6516361236572266,3.198685884475708,2.796945095062256,2.6683247089385986,2.513237714767456,2.888605833053589,2.200185775756836,2.43383526802063,2.517343282699585,2.737455368041992,3.1544346809387207,3.647688388824463,2.2527551651000977,1.633043885231018,1.4830193519592285,1.5662453174591064,1.6184704303741455,1.5636390447616577,1.5424474477767944,1.5083906650543213,1.8773720264434814,1.8971809148788452,1.6043756008148193,1.4776074886322021,-302.4305114746094,67.89749145507812,30.02989959716797,15.329577445983887,16.116281509399414,14.254420280456543,10.419747352600098,9.6754150390625,6.67062520980835,5.2822699546813965,6.101738929748535,4.084605693817139,3.5691757202148438,2.9207608699798584,2.91264271736145,3.0735538005828857,2.8076260089874268,2.7701220512390137,2.931769609451294,2.818373680114746,0.28858399391174316,0.28663426637649536,0.33596673607826233,0.39624518156051636,0.5804247856140137,0.9415928721427917,0.7253217697143555,0.3717990219593048,0.2984817624092102,0.28408387303352356,0.28175225853919983,0.28739747405052185,0.2606664299964905,0.2136305421590805,0.22823964059352875,0.23030376434326172,0.18038004636764526,0.14667277038097382,0.16953442990779877,0.21658389270305634,0.23022133111953735,0.25124117732048035,0.24641387164592743,0.25780385732650757,551.4082920338691,376.431366462442,1594.4670985136122,0.014865954901392111,0.000668752589263022,330.0,340.0,335.0,384.32,394.32,389.32,3,pranayama
P7,-9.227779388427734,-17.998859405517578,-29.026832580566406,-34.39667892456055,-41.13821029663086,-43.738502502441406,-43.676578521728516,-45.782798767089844,-47.76668167114258,-48.8934440612793,-50.72795867919922,-51.69202423095703,-53.454925537109375,-53.63430404663086,-55.89484786987305,-58.055213928222656,-58.26094055175781,-60.57830047607422,-61.85087203979492,-62.94508743286133,-63.696815490722656,-64.12147521972656,-64.63922882080078,-64.57825469970703,-64.65522003173828,-64.65133666992188,-64.5813980102539,-64.5779800415039,-64.4513931274414,-64.50281524658203,-64.85338592529297,-65.81198120117188,3.8570713996887207,4.099897384643555,3.216010093688965,3.5738863945007324,3.2022409439086914,2.9908173084259033,3.2765250205993652,2.9642748832702637,2.9286229610443115,2.9923954010009766,2.742849111557007,3.077796459197998,2.6226375102996826,2.8123161792755127,2.5609774589538574,2.448678731918335,2.2439961433410645,2.0370025634765625,1.883312702178955,1.7731496095657349,1.6815170049667358,1.5889229774475098,1.3410433530807495,1.4115499258041382,1.3678921461105347,1.2629070281982422,1.1632131338119507,1.114420771598816,1.2423464059829712,1.145271897315979,1.0229315757751465,0.8889011740684509,-301.203125,68.51262664794922,29.273435592651367,14.346927642822266,14.641738891601562,13.369356155395508,8.77513599395752,7.995870590209961,6.183024883270264,5.395793437957764,4.0065178871154785,3.5791985988616943,3.182530164718628,2.847353219985962,3.391309976577759,2.9839189052581787,2.9273273944854736,2.8669557571411133,2.6675753593444824,2.70100736618042,0.4052313566207886,0.38831397891044617,0.4444904327392578,0.4960829019546509,0.622336208820343,0.8143579363822937,0.6737784147262573,0.49160537123680115,0.449368953704834,0.44340890645980835,0.4433414041996002,0.4277785122394562,0.28933554887771606,0.23658797144889832,0.2718279957771301,0.27227678894996643,0.2292013019323349,0.25073203444480896,0.2128026783466339,0.2768554389476776,0.2785855829715729,0.29760444164276123,0.2984004616737366,0.297553151845932,562.1418668278661,425.99270636963456,1609.3876446371423,0.01605550319025522,0.0006241247174330056,340.0,350.0,345.0,394.32,404.32,399.32,3,pranayama
P7,-9.943212509155273,-16.846765518188477,-30.54800796508789,-36.3487434387207,-42.066162109375,-44.55494689941406,-44.90509033203125,-47.57817840576172,-48.777217864990234,-49.062747955322266,-51.37035369873047,-51.912139892578125,-53.428897857666016,-54.55509567260742,-57.34403610229492,-58.28587341308594,-58.90147018432617,-60.25921630859375,-61.35819625854492,-62.970481872558594,-64.140625,-65.39801788330078,-65.83673858642578,-65.17784118652344,-64.96603393554688,-64.84662628173828,-64.8913345336914,-64.92383575439453,-64.50533294677734,-64.56427764892578,-65.23868560791016,-66.5843276977539,3.47529673576355,4.0453925132751465,2.996567964553833,3.823706865310669,3.238112449645996,3.0775885581970215,3.226088285446167,3.3872222900390625,2.964766263961792,3.186229944229126,2.7685954570770264,2.8661274909973145,2.7794346809387207,3.1416914463043213,2.526662588119507,2.6235461235046387,2.3685739040374756,2.5719528198242188,2.5183966159820557,2.1586525440216064,1.8558580875396729,1.6842097043991089,1.4299819469451904,1.9959796667099,2.163118600845337,2.093390703201294,2.2070391178131104,1.7607274055480957,1.4682122468948364,1.4484635591506958,1.3293126821517944,1.140026330947876,-304.42547607421875,67.43179321289062,28.911888122558594,14.501212120056152,15.619508743286133,13.95305347442627,9.120952606201172,9.696885108947754,5.872539520263672,4.668311595916748,4.823738098144531,4.332261562347412,3.4037537574768066,3.0945751667022705,3.2094383239746094,2.9617443084716797,3.3906285762786865,3.1131765842437744,2.8025007247924805,2.8799991607666016,0.3469829261302948,0.3367944061756134,0.3821893334388733,0.43592017889022827,0.6022647023200989,0.8972209692001343,0.7123265862464905,0.45521312952041626,0.40307357907295227,0.3909558653831482,0.36958444118499756,0.35975873470306396,0.27570459246635437,0.24130026996135712,0.26512303948402405,0.26307833194732666,0.20141147077083588,0.17919965088367462,0.17913465201854706,0.2695757746696472,0.2721238136291504,0.2864406704902649,0.2640891969203949,0.27270662784576416,586.5736013746445,455.9193622208527,1641.6215648390034,0.014905606511020882,0.0006434677634388208,350.0,360.0,355.0,404.32,414.32,409.32,3,pranayama
P7,-9.888585090637207,-17.548784255981445,-30.768335342407227,-36.9098014831543,-42.03657913208008,-44.17793273925781,-45.03607177734375,-47.69062042236328,-48.58345413208008,-49.18159103393555,-51.33674240112305,-52.099021911621094,-53.81565475463867,-54.48129653930664,-56.56675338745117,-57.86646270751953,-58.51375961303711,-60.50852966308594,-61.37183380126953,-62.810550689697266,-64.03933715820312,-64.57539367675781,-64.97312927246094,-64.92597961425781,-64.72500610351562,-64.55723571777344,-64.43498229980469,-64.50566101074219,-64.38058471679688,-64.31161499023438,-64.7845230102539,-65.92588806152344,3.8319573402404785,3.960232734680176,3.279963731765747,3.470693826675415,2.8035011291503906,2.999439239501953,3.134887218475342,3.3171281814575195,3.0639243125915527,2.9639976024627686,3.0930662155151367,2.6886050701141357,2.4316327571868896,3.2313027381896973,2.821239948272705,2.667768955230713,2.1655917167663574,2.4051246643066406,2.671168804168701,2.616931676864624,1.9353114366531372,1.6972126960754395,1.4642527103424072,1.6761821508407593,1.7139123678207397,1.9598371982574463,2.032986640930176,1.7378568649291992,1.6989272832870483,1.8334044218063354,1.605408787727356,1.5698789358139038,-303.584228515625,66.17328643798828,28.687829971313477,14.48172664642334,15.450116157531738,13.771326065063477,9.023829460144043,9.133269309997559,6.368507385253906,5.225363731384277,5.198564529418945,4.302816390991211,3.7205440998077393,3.099597692489624,3.1918342113494873,2.842177629470825,2.9596850872039795,2.9180076122283936,2.6249799728393555,2.5830228328704834,0.343291699886322,0.33977776765823364,0.39991870522499084,0.45435699820518494,0.6130235195159912,0.8649529814720154,0.7072865962982178,0.4801817834377289,0.4269863963127136,0.41335269808769226,0.3918372392654419,0.3659226596355438,0.2655733525753021,0.23674286901950836,0.2821469306945801,0.2766263782978058,0.21224117279052734,0.21377743780612946,0.1873534917831421,0.2723712623119354,0.2831794321537018,0.3028828501701355,0.2745586037635803,0.2669268548488617,595.4091213926196,457.5181151210847,1668.8934811975096,0.016364785745359628,0.0006412086659111083,360.0,370.0,365.0,414.32,424.32,419.32,3,pranayama
P7,-9.6875638961792,-17.45680046081543,-29.988433837890625,-35.94858169555664,-42.41056442260742,-44.7064094543457,-44.59574890136719,-47.00942611694336,-48.47013854980469,-49.24546432495117,-51.35411071777344,-51.87565994262695,-52.994937896728516,-53.916160583496094,-56.42534637451172,-58.294166564941406,-58.35105514526367,-60.341773986816406,-61.479286193847656,-62.415958404541016,-63.68906784057617,-64.4557876586914,-64.76883697509766,-64.9739990234375,-64.8782958984375,-64.68476867675781,-64.75516510009766,-64.74911499023438,-64.5561752319336,-64.66614532470703,-65.20911407470703,-66.09972381591797,3.6373279094696045,4.059220790863037,3.1475887298583984,3.6932320594787598,3.4863245487213135,2.9885573387145996,3.343226909637451,2.949841260910034,3.15505313873291,3.1258373260498047,3.1436805725097656,3.2758066654205322,2.856398820877075,3.0582659244537354,3.1225533485412598,2.8736870288848877,2.8780014514923096,3.076512098312378,2.896817445755005,2.4998722076416016,2.0181760787963867,1.7750943899154663,1.7070451974868774,1.7709697484970093,1.6126887798309326,1.4196425676345825,1.516391634941101,1.5125377178192139,1.5095493793487549,1.3564515113830566,1.1787422895431519,1.2268714904785156,-303.0754699707031,67.15632629394531,28.239952087402344,14.785721778869629,15.473109245300293,13.923551559448242,9.474255561828613,8.934701919555664,6.02650260925293,5.397585391998291,7.06428861618042,3.6258811950683594,4.421933174133301,2.9381277561187744,3.2751026153564453,2.6971089839935303,2.713667869567871,2.847669839859009,2.6252622604370117,2.6668882369995117,0.3689175546169281,0.3566058278083801,0.3965394198894501,0.4417465031147003,0.5841415524482727,0.873607337474823,0.7236732840538025,0.49788203835487366,0.44995275139808655,0.4411925971508026,0.4081283509731293,0.38646191358566284,0.27390921115875244,0.2305132895708084,0.2488524317741394,0.2529623210430145,0.19936271011829376,0.20167666673660278,0.18308641016483307,0.2484816163778305,0.2685713469982147,0.3037773668766022,0.2811569273471832,0.27462702989578247,578.424482264444,435.61020428509283,1635.7615003001756,0.016091756090487238,0.0006118108285591006,370.0,380.0,375.0,424.32,434.32,429.32,3,pranayama
P7,-8.537825584411621,-12.001452445983887,-28.037330627441406,-33.962772369384766,-40.16789627075195,-43.06069564819336,-43.5481071472168,-45.38237762451172,-46.598785400390625,-47.771732330322266,-50.33142852783203,-50.874732971191406,-52.7021369934082,-53.63226318359375,-56.311946868896484,-56.07924270629883,-56.70265197753906,-58.991722106933594,-60.226593017578125,-61.51182174682617,-62.88596725463867,-63.890625,-64.22003173828125,-64.04720306396484,-64.00884246826172,-64.01522827148438,-64.1058349609375,-64.02913665771484,-63.98519515991211,-64.08428192138672,-64.49757385253906,-65.26939392089844,3.292421579360962,3.054316997528076,3.0084409713745117,3.340085506439209,3.5087177753448486,3.0899977684020996,3.2780673503875732,3.214116096496582,2.9841392040252686,3.367581844329834,3.0544087886810303,2.7107834815979004,2.6138830184936523,2.7028262615203857,2.2217628955841064,3.2310140132904053,2.9548561573028564,2.8469390869140625,3.159513235092163,3.3708672523498535,2.0098378658294678,1.590105652809143,1.4688658714294434,1.618595838546753,1.4098037481307983,1.3900256156921387,1.3119176626205444,1.1935253143310547,1.110558271408081,1.051730990409851,0.9593402743339539,0.9397302269935608,-296.1845703125,70.07584381103516,29.616657257080078,16.14341926574707,16.392913818359375,13.637804985046387,9.283329963684082,9.848158836364746,6.958060264587402,4.610562324523926,5.404518127441406,3.3388473987579346,3.797647714614868,3.0425057411193848,3.379513740539551,3.173306465148926,2.9616689682006836,2.8620636463165283,2.7298834323883057,2.7078139781951904,0.2424061894416809,0.2153046429157257,0.2226799726486206,0.2620850205421448,0.4914993345737457,0.9554777145385742,0.7030093669891357,0.31338638067245483,0.2788879871368408,0.28218334913253784,0.2645724415779114,0.2533203959465027,0.22552315890789032,0.1942739337682724,0.1944998949766159,0.18495285511016846,0.14355280995368958,0.13338597118854523,0.16316401958465576,0.21268989145755768,0.23539166152477264,0.24558988213539124,0.21540036797523499,0.21717771887779236,543.6416221276376,377.0059182859629,1557.4391978840854,0.016161996084686776,0.0006246981211006641,380.0,390.0,385.0,434.32,444.32,439.32,3,pranayama
P7,-14.257101058959961,-20.0861873626709,-34.57363510131836,-40.0756950378418,-46.261837005615234,-48.71541976928711,-48.95772171020508,-51.37499237060547,-52.86001968383789,-54.04942321777344,-55.546630859375,-56.403602600097656,-57.4167366027832,-58.167205810546875,-60.052703857421875,-62.39841079711914,-62.791255950927734,-64.40299987792969,-65.89552307128906,-67.5794677734375,-68.10903930664062,-68.2645263671875,-69.2365493774414,-69.28917694091797,-69.07121276855469,-68.80155944824219,-68.95500183105469,-68.8680419921875,-68.58718872070312,-68.59778594970703,-69.24093627929688,-70.3013916015625,3.6788270473480225,3.9541640281677246,2.9910717010498047,3.8747546672821045,3.387331008911133,3.4128153324127197,3.6685221195220947,3.5146942138671875,3.388796329498291,3.416902780532837,3.6252753734588623,3.245652914047241,3.1395015716552734,3.4111897945404053,3.35221529006958,2.986865520477295,3.0082006454467773,3.196202039718628,2.9034736156463623,2.4731853008270264,2.3810951709747314,2.5952670574188232,2.1150870323181152,1.9719128608703613,1.9505535364151,2.1772286891937256,1.967036247253418,2.2892463207244873,2.366513729095459,2.3397700786590576,1.9581303596496582,1.8792567253112793,-326.89349365234375,67.21942138671875,28.930023193359375,14.9092435836792,15.991681098937988,14.324440956115723,9.09065055847168,8.520462989807129,6.169325351715088,5.725045680999756,8.558019638061523,4.806682109832764,4.540112018585205,3.300194263458252,3.045898675918579,3.0801808834075928,3.020805835723877,2.990492105484009,2.8106603622436523,2.940340042114258,0.3360869586467743,0.31387859582901,0.3337307572364807,0.3723841607570648,0.5216412544250488,0.8947293758392334,0.7190777063369751,0.41172903776168823,0.3442404270172119,0.33905765414237976,0.33330419659614563,0.3381398320198059,0.28477033972740173,0.23509950935840607,0.24103794991970062,0.24433836340904236,0.19160760939121246,0.18873371183872223,0.17754699289798737,0.24048779904842377,0.2512826919555664,0.2730315029621124,0.25949764251708984,0.27764642238616943,597.0242967710136,494.664139537413,1650.4644975053295,0.01644069025522042,0.0006387690082192421,390.0,400.0,395.0,444.32,454.32,449.32,3,pranayama
P7,-10.104363441467285,-15.313127517700195,-29.94757080078125,-35.746585845947266,-41.75827407836914,-43.76283645629883,-44.605224609375,-46.89744186401367,-48.71929931640625,-49.011348724365234,-50.55135726928711,-51.597774505615234,-53.481056213378906,-55.08890914916992,-56.62565231323242,-57.46352767944336,-57.682701110839844,-60.011680603027344,-61.42869567871094,-63.18574905395508,-64.16827392578125,-64.6894760131836,-65.24051666259766,-65.02438354492188,-64.86270904541016,-64.74508666992188,-64.89578247070312,-64.87098693847656,-64.66439056396484,-64.67713928222656,-65.08296203613281,-65.98875427246094,3.4390714168548584,3.5845799446105957,3.244096279144287,3.677595615386963,3.1945228576660156,3.385753631591797,3.7563507556915283,3.5709547996520996,3.2154946327209473,2.908627510070801,3.0337891578674316,3.4370038509368896,3.0460312366485596,3.1445960998535156,2.7381439208984375,2.7870335578918457,2.7843220233917236,2.813790798187256,2.728576421737671,1.927770733833313,1.8109458684921265,1.8908591270446777,1.901354432106018,2.020393133163452,2.0525660514831543,2.0372538566589355,1.8938500881195068,2.119847059249878,2.295313596725464,2.2962560653686523,2.211052656173706,2.107074022293091,-302.6228942871094,68.2625503540039,28.983980178833008,14.802403450012207,15.955525398254395,13.751291275024414,8.968111991882324,9.232878684997559,6.628180027008057,4.401623725891113,6.912251949310303,5.13779354095459,4.350511074066162,2.9318294525146484,3.1466751098632812,2.8665592670440674,3.13554048538208,2.760190010070801,2.849311590194702,2.7719054222106934,0.24030353128910065,0.24241536855697632,0.3014243245124817,0.36124685406684875,0.5593276023864746,0.9381746649742126,0.7078031897544861,0.37409505248069763,0.2982984781265259,0.27383166551589966,0.25344279408454895,0.24629512429237366,0.22074782848358154,0.19417984783649445,0.23986434936523438,0.23778904974460602,0.17913658916950226,0.1479148119688034,0.16731657087802887,0.2366393506526947,0.23507148027420044,0.24580633640289307,0.22806330025196075,0.22883673012256622,590.7218959235463,459.04192647911833,1642.646029479692,0.016611758628190254,0.000607383088208735,400.0,410.0,405.0,454.32,464.32,459.32,3,pranayama
P7,-11.529364585876465,-15.925950050354004,-31.3890380859375,-38.29158020019531,-43.61922836303711,-46.17485046386719,-46.78850173950195,-48.79319381713867,-50.69353485107422,-51.292945861816406,-53.07704162597656,-54.00000762939453,-55.16918182373047,-56.271419525146484,-58.7994270324707,-59.392250061035156,-59.95698928833008,-61.82398223876953,-62.50696563720703,-63.92241287231445,-65.98365020751953,-67.3036880493164,-67.35279846191406,-67.51719665527344,-67.2431411743164,-67.11145782470703,-67.3114242553711,-67.4969482421875,-67.32554626464844,-67.44962310791016,-67.8548812866211,-68.60338592529297,3.469888210296631,3.8591551780700684,2.9112539291381836,3.5750362873077393,2.990398406982422,2.818800687789917,3.182410717010498,3.1353933811187744,2.7596921920776367,3.125161647796631,2.9117352962493896,2.7364232540130615,2.6799116134643555,2.944549798965454,2.5014214515686035,2.9057559967041016,2.7160375118255615,2.9569449424743652,3.361534357070923,3.4399430751800537,1.9720503091812134,1.7316274642944336,1.7485793828964233,1.625770926475525,1.9097495079040527,1.7261009216308594,1.5174225568771362,1.3110870122909546,1.2871966361999512,1.1717315912246704,0.9543832540512085,0.9712305665016174,-314.303955078125,69.65888214111328,28.18780517578125,16.108274459838867,16.942663192749023,13.810701370239258,9.380430221557617,9.899438858032227,6.490191459655762,4.6683783531188965,5.738559722900391,3.7839293479919434,4.089964866638184,3.1534101963043213,3.0807788372039795,2.855602264404297,2.6170220375061035,3.039088010787964,2.713507652282715,2.7745163440704346,0.2550300061702728,0.2317221611738205,0.25588515400886536,0.3044830560684204,0.5002753734588623,0.9293881058692932,0.6890202760696411,0.32529905438423157,0.25793102383613586,0.25144705176353455,0.25664860010147095,0.2627089023590088,0.2613532543182373,0.2008579522371292,0.2113976925611496,0.21626123785972595,0.18055032193660736,0.17878054082393646,0.18210051953792572,0.22373227775096893,0.22499504685401917,0.24188339710235596,0.2474011480808258,0.26107701659202576,553.4571327732326,406.03327563080046,1566.4895704637174,0.016550581859048723,0.0006459041615016758,410.0,420.0,415.0,464.32,474.32,469.32,3,pranayama
P7,-7.98849630355835,-13.103339195251465,-28.271982192993164,-33.70173263549805,-40.038368225097656,-42.77460479736328,-42.84949493408203,-44.96900939941406,-46.47056198120117,-47.527069091796875,-49.680938720703125,-50.11481857299805,-51.712581634521484,-53.19633102416992,-55.668907165527344,-56.998504638671875,-56.75233840942383,-59.06517791748047,-60.5286865234375,-61.998538970947266,-62.38186264038086,-63.184085845947266,-63.46466064453125,-63.55087661743164,-63.4965705871582,-63.331581115722656,-63.32712936401367,-63.09397506713867,-62.886173248291016,-63.06783676147461,-63.4332160949707,-64.1939926147461,3.194941520690918,3.8666343688964844,3.2645626068115234,3.335017204284668,3.4898877143859863,3.1483426094055176,3.4508509635925293,3.129627227783203,2.9594898223876953,2.9430835247039795,2.780381202697754,2.65071702003479,2.6177377700805664,2.657149314880371,2.4797332286834717,2.6277599334716797,2.894326686859131,2.946728229522705,2.596757173538208,2.1821019649505615,1.9923101663589478,2.0821425914764404,2.179436445236206,2.0660364627838135,1.9311273097991943,1.8396885395050049,1.8252753019332886,2.0882601737976074,2.353980302810669,2.165250539779663,1.8648213148117065,1.6893330812454224,-293.9484558105469,68.67218017578125,30.3942928314209,14.815813064575195,15.557088851928711,13.988322257995605,9.74333667755127,9.206345558166504,6.458969593048096,5.10098123550415,6.4762749671936035,4.90156364440918,3.3815314769744873,2.667646884918213,2.918361186981201,2.7577366828918457,2.758660316467285,2.6782596111297607,2.869948148727417,2.3791615962982178,0.27599895000457764,0.2588733434677124,0.2954719662666321,0.34812337160110474,0.5528979897499084,0.929833710193634,0.6797699928283691,0.3513810336589813,0.30101853609085083,0.29228565096855164,0.2846771478652954,0.2840626537799835,0.2519097924232483,0.21933510899543762,0.2583220899105072,0.25389158725738525,0.18167075514793396,0.1563381850719452,0.18062233924865723,0.22472207248210907,0.23083040118217468,0.2504325807094574,0.24218511581420898,0.2501499652862549,561.1894117990801,408.731171149942,1603.6386858267022,0.016033978030742458,0.000653130526188761,420.0,430.0,425.0,474.32,484.32,479.32,1,chanting
P7,-10.12224006652832,-14.83102035522461,-30.192108154296875,-35.53289794921875,-42.34251022338867,-45.02925491333008,-44.908164978027344,-47.09566116333008,-48.62492752075195,-49.82082748413086,-52.2218132019043,-52.70491027832031,-54.46809768676758,-55.64212417602539,-58.074214935302734,-58.43635940551758,-59.274723052978516,-61.431678771972656,-62.56487274169922,-64.35470581054688,-65.52471923828125,-66.28274536132812,-66.35396575927734,-65.82632446289062,-64.85539245605469,-65.25127410888672,-65.7436752319336,-65.72715759277344,-65.93902587890625,-65.98824310302734,-66.5628890991211,-67.39323425292969,3.1644837856292725,3.4916179180145264,2.889232873916626,3.5538125038146973,3.3790056705474854,2.881361961364746,3.0010406970977783,3.106637954711914,2.718670606613159,3.2350919246673584,2.8574588298797607,2.742372512817383,2.61419415473938,2.9595422744750977,2.489738702774048,2.9257891178131104,2.4038169384002686,2.6196184158325195,2.537531852722168,2.236588716506958,1.7358685731887817,1.6114274263381958,1.5810108184814453,1.8584083318710327,2.7722671031951904,2.5419158935546875,2.032703161239624,1.8062106370925903,1.529884696006775,1.471075415611267,1.1108112335205078,0.9879739284515381,-307.4361877441406,69.94717407226562,30.34811019897461,15.563454627990723,15.29216194152832,14.671548843383789,8.648064613342285,9.519436836242676,7.338149070739746,4.425778865814209,5.898468971252441,3.6390275955200195,3.462791919708252,2.8056483268737793,2.710078477859497,2.870894193649292,3.295281410217285,2.7397408485412598,2.5679056644439697,3.004880666732788,0.2434828132390976,0.21450306475162506,0.22944247722625732,0.28152745962142944,0.5072843432426453,0.9440051913261414,0.7099722027778625,0.37097540497779846,0.31099459528923035,0.3009822368621826,0.28373733162879944,0.26614922285079956,0.230752632021904,0.17626161873340607,0.1774597018957138,0.18084301054477692,0.16049695014953613,0.1440291851758957,0.18511855602264404,0.23420777916908264,0.23950393497943878,0.2526954710483551,0.24923807382583618,0.2457903027534485,536.6819301421704,384.20030633700696,1547.4116096219689,0.014795714907192576,0.0006711079040542245,430.0,440.0,435.0,484.32,494.32,489.32,1,chanting
P7,-9.240082740783691,-14.679544448852539,-29.32316780090332,-34.96275329589844,-41.29423904418945,-43.360599517822266,-43.448760986328125,-46.069549560546875,-46.913291931152344,-48.23484802246094,-50.50959014892578,-51.46049880981445,-52.51329040527344,-53.04623031616211,-55.55225372314453,-57.21946716308594,-57.4880256652832,-58.98408508300781,-60.400020599365234,-62.1829833984375,-63.2927131652832,-63.70592498779297,-64.00040435791016,-63.760581970214844,-63.06016159057617,-63.31058883666992,-63.66252517700195,-63.53971481323242,-63.24557876586914,-63.390281677246094,-63.781742095947266,-64.83131408691406,3.5611350536346436,3.573744535446167,3.188188314437866,3.460049867630005,3.3629465103149414,3.0564277172088623,3.312655448913574,3.1896486282348633,3.337170362472534,3.1809489727020264,3.271566867828369,3.0308830738067627,2.941547393798828,3.3370437622070312,2.906485080718994,3.0714681148529053,3.0003859996795654,3.7626569271087646,3.2985026836395264,2.757566213607788,2.4158780574798584,2.60280179977417,2.398750066757202,2.642955780029297,3.2576346397399902,2.8641982078552246,2.483189344406128,2.8812308311462402,2.95420241355896,2.74310564994812,2.6557705402374268,2.3949975967407227,-297.0669860839844,66.98653411865234,29.354063034057617,14.745793342590332,15.431341171264648,14.047212600708008,8.861238479614258,9.136162757873535,6.996242046356201,5.0725812911987305,9.877586364746094,5.4738030433654785,3.7823212146759033,2.8768444061279297,3.0656559467315674,3.2489683628082275,3.1439242362976074,2.9506008625030518,2.9022409915924072,2.846031904220581,0.32477113604545593,0.30812734365463257,0.34084078669548035,0.3804648816585541,0.5492230653762817,0.925295352935791,0.6858852505683899,0.3641468584537506,0.3271177113056183,0.33867254853248596,0.34532687067985535,0.3401242196559906,0.27087631821632385,0.23085489869117737,0.2479550838470459,0.24717362225055695,0.18427465856075287,0.1709958165884018,0.16296841204166412,0.2129337042570114,0.2475205510854721,0.27586302161216736,0.2716330587863922,0.2713952958583832,601.7849012051421,513.2496420026102,1662.1085567240516,0.015563823230858469,0.0006386922323144972,440.0,450.0,445.0,494.32,504.32,499.32,1,chanting
P7,-11.213638305664062,-17.215301513671875,-31.15683937072754,-36.82231903076172,-42.80608367919922,-45.055057525634766,-45.60283660888672,-48.6392822265625,-49.554569244384766,-50.11345291137695,-52.4772834777832,-53.204803466796875,-55.142555236816406,-55.19807815551758,-57.64835739135742,-58.47846984863281,-59.58061599731445,-61.7989387512207,-62.78095626831055,-64.60914611816406,-65.34080505371094,-65.85598754882812,-65.98739624023438,-65.42127990722656,-65.47418212890625,-65.95700073242188,-66.10579681396484,-65.94441223144531,-65.8294677734375,-65.81587982177734,-66.02157592773438,-67.00492095947266,3.7131292819976807,3.9698877334594727,3.051004648208618,3.4506092071533203,3.230013132095337,3.013787269592285,3.3083274364471436,3.1864492893218994,3.400386333465576,3.0646135807037354,3.017561912536621,3.0384957790374756,2.6053197383880615,2.6901912689208984,2.660027027130127,3.029370069503784,2.8670802116394043,2.987363815307617,2.7593445777893066,2.376075267791748,2.6893856525421143,3.010922908782959,2.9287543296813965,3.0020081996917725,2.7796430587768555,2.587717056274414,2.534146785736084,2.7290456295013428,3.015726089477539,2.8292698860168457,2.6146507263183594,2.3969225883483887,-309.333984375,67.65054321289062,29.260480880737305,14.907770156860352,15.49555492401123,14.052652359008789,8.889453887939453,8.150699615478516,6.969160079956055,4.886314392089844,8.319561958312988,6.412804126739502,3.5794200897216797,3.153092384338379,3.4268555641174316,3.058215618133545,3.0398178100585938,2.846808433532715,3.0357964038848877,2.979252338409424,0.2999759018421173,0.2735791802406311,0.2894006073474884,0.33646321296691895,0.5213344097137451,0.8997766375541687,0.7115162014961243,0.41305509209632874,0.3528527319431305,0.34164464473724365,0.3187718093395233,0.31259623169898987,0.2620239853858948,0.20242497324943542,0.1993701308965683,0.20561712980270386,0.18176725506782532,0.20058169960975647,0.1761515587568283,0.25218138098716736,0.26771679520606995,0.28703564405441284,0.259223610162735,0.2598721981048584,603.7701412007592,542.3769214037123,1655.6864744471316,0.015775676116589327,0.0006342908018268645,450.0,460.0,455.0,504.32,514.32,509.32000000000005,1,chanting
P7,-9.915814399719238,-17.708518981933594,-29.509824752807617,-35.10506820678711,-41.99884796142578,-44.38326644897461,-44.94926452636719,-46.890960693359375,-48.06020736694336,-48.30099868774414,-50.30885696411133,-52.09697341918945,-53.80278396606445,-54.58656311035156,-55.95754623413086,-57.4466438293457,-57.754478454589844,-59.84174728393555,-61.44913101196289,-62.536380767822266,-63.32649230957031,-63.834388732910156,-64.19248962402344,-64.34539794921875,-63.9162712097168,-64.09194946289062,-64.21147918701172,-64.37993621826172,-64.26490783691406,-64.35968017578125,-64.69741821289062,-65.6820068359375,3.690383195877075,3.174948215484619,2.9556188583374023,3.497389554977417,3.1314868927001953,3.156318187713623,3.388427495956421,3.22520112991333,3.298002004623413,4.123052597045898,4.294089317321777,3.803375482559204,3.655599355697632,4.163727760314941,4.319947242736816,5.159101486206055,5.708403587341309,5.5741472244262695,5.104215621948242,4.827689170837402,4.436694145202637,4.5401787757873535,4.509392738342285,3.7155988216400146,3.4794974327087402,3.0660009384155273,2.9827816486358643,3.1978232860565186,3.790792942047119,3.7700586318969727,3.7667856216430664,3.284217357635498,-301.2109069824219,66.5056381225586,28.386619567871094,15.019210815429688,14.876758575439453,13.707003593444824,9.156214714050293,8.961468696594238,6.662167549133301,4.432491779327393,15.617522239685059,7.19120454788208,6.954818248748779,2.9520554542541504,3.4186744689941406,3.266866683959961,3.003952741622925,2.8095579147338867,2.653301239013672,2.765817880630493,0.3937009871006012,0.3831637501716614,0.4181116819381714,0.4596324563026428,0.5908042788505554,0.8491243720054626,0.6991892457008362,0.4954037368297577,0.42429131269454956,0.40080541372299194,0.38390371203422546,0.3871889114379883,0.29413244128227234,0.24211370944976807,0.25072813034057617,0.2506452202796936,0.20682543516159058,0.23365344107151031,0.19193559885025024,0.2735315263271332,0.26372846961021423,0.27477842569351196,0.26319780945777893,0.28246641159057617,629.4804342322664,590.5643330372679,1672.468579765408,0.016723916038283063,0.0006078919977881014,460.0,470.0,465.0,514.32,524.32,519.32,1,chanting
P7,-14.773063659667969,-14.186410903930664,-23.947214126586914,-35.01057815551758,-32.89610290527344,-37.88614273071289,-46.06003952026367,-48.465118408203125,-50.30030822753906,-46.07719039916992,-47.912559509277344,-46.86256408691406,-49.306182861328125,-55.017425537109375,-59.16435623168945,-60.88871383666992,-61.48992156982422,-64.58434295654297,-65.89794158935547,-66.65181732177734,-67.11414337158203,-67.67244720458984,-66.68264770507812,-67.80645751953125,-67.47653198242188,-66.58090209960938,-62.790287017822266,-61.67258071899414,-63.79388427734375,-63.71247863769531,-65.47539520263672,-69.40194702148438,3.4179463386535645,6.096960067749023,13.911104202270508,7.579778671264648,17.072595596313477,14.33712387084961,5.613254070281982,6.287924289703369,5.331953048706055,10.435415267944336,10.087213516235352,10.662888526916504,9.49191665649414,5.843555927276611,4.30438232421875,4.468112945556641,4.0885329246521,3.650193929672241,3.6334140300750732,3.1895251274108887,3.1509249210357666,3.1681854724884033,3.9616360664367676,3.6386756896972656,4.086159706115723,4.422052383422852,6.63801908493042,7.447056293487549,5.6258697509765625,5.307326316833496,4.138726711273193,2.751368761062622,-303.6241760253906,75.26883697509766,35.59596252441406,8.690665245056152,12.077040672302246,17.400358200073242,6.756745338439941,6.09163236618042,-4.37471342086792,1.2744404077529907,24.450420379638672,16.51866912841797,11.364754676818848,8.66746711730957,5.480647563934326,6.003659725189209,6.046431064605713,7.914485931396484,12.601358413696289,5.2245588302612305,0.5265981554985046,0.24023985862731934,0.14659404754638672,0.1644275188446045,0.25637224316596985,0.5939505100250244,0.4854404926300049,0.22877778112888336,0.16089335083961487,0.15467925369739532,0.15154726803302765,0.2906310558319092,0.4107418954372406,0.18644730746746063,0.1856449544429779,0.20804792642593384,0.22921214997768402,0.4598672091960907,0.39087724685668945,0.23629508912563324,0.20528410375118256,0.20800043642520905,0.1901983916759491,0.21114018559455872,720.1136337298678,917.15957393779,1687.7107310617125,0.02197265625,0.001133456826210022,470.0,480.0,475.0,524.32,534.32,529.32,1,chanting
P7,-10.714524269104004,-12.777297973632812,-16.752628326416016,-32.17110061645508,-24.707233428955078,-31.122316360473633,-41.681968688964844,-42.7922477722168,-48.119998931884766,-43.79373550415039,-45.96363830566406,-44.624549865722656,-47.15398406982422,-53.52898406982422,-57.020572662353516,-59.012451171875,-59.58932876586914,-62.251670837402344,-63.48023223876953,-64.09463500976562,-64.67371368408203,-65.42877960205078,-65.03086853027344,-65.8968276977539,-65.76210021972656,-65.1830825805664,-60.60298156738281,-58.903011322021484,-62.89362335205078,-63.59929275512695,-64.74040222167969,-66.76848602294922,3.425579786300659,5.282814979553223,8.860467910766602,4.39925479888916,12.202808380126953,10.543991088867188,5.752102851867676,7.428958415985107,4.128697395324707,10.387197494506836,9.710824012756348,9.913302421569824,9.213998794555664,4.473728656768799,3.1732635498046875,2.688979148864746,2.58835768699646,2.5715885162353516,2.2830007076263428,2.321906089782715,2.195845127105713,2.0188705921173096,2.681828737258911,1.8588987588882446,1.709800362586975,2.1337714195251465,6.993139743804932,6.955657482147217,4.4483208656311035,3.3014307022094727,2.565319776535034,1.4930633306503296,-288.2938537597656,81.48515319824219,38.09703063964844,10.372532844543457,10.568758010864258,14.495006561279297,4.118338584899902,4.3779473304748535,-5.636815071105957,0.7395151257514954,18.292490005493164,7.273231506347656,7.22477388381958,11.593832015991211,8.223451614379883,5.07318115234375,6.390637397766113,6.596806049346924,8.98592758178711,4.008718490600586,0.8580413460731506,0.3214966654777527,0.13997399806976318,0.15612871944904327,0.22389373183250427,0.36150261759757996,0.29641178250312805,0.19449694454669952,0.15425732731819153,0.14334914088249207,0.14611202478408813,0.40640830993652344,0.28033098578453064,0.17929035425186157,0.18150265514850616,0.20075829327106476,0.24104835093021393,0.3659344017505646,0.2999765872955322,0.24219772219657898,0.21176409721374512,0.20902375876903534,0.20101973414421082,0.23241247236728668,604.6911174227529,580.3223222701566,1512.7404870590478,0.02537363145301624,0.0008362513035535812,480.0,490.0,485.0,534.32,544.32,539.32,1,chanting
P7,-11.010574340820312,-11.340728759765625,-15.320178985595703,-35.248634338378906,-31.06095314025879,-36.135196685791016,-44.047664642333984,-46.6312370300293,-48.93212890625,-45.04008102416992,-46.67805099487305,-46.19096374511719,-47.75634765625,-53.46208953857422,-57.53158187866211,-59.15244674682617,-60.00404357910156,-62.36098098754883,-63.77613067626953,-64.8342056274414,-65.4488296508789,-65.92585754394531,-65.3121337890625,-66.0438232421875,-66.15982818603516,-65.4081039428711,-61.004974365234375,-59.44087219238281,-62.68587875366211,-64.44843292236328,-65.7725830078125,-67.2328872680664,3.6627748012542725,6.428670883178711,10.954303741455078,3.2032785415649414,9.475647926330566,8.19905948638916,4.068989276885986,3.914210319519043,4.1033430099487305,10.339584350585938,10.006963729858398,9.1113920211792,8.287859916687012,4.969844341278076,3.49949312210083,3.01456618309021,2.8733370304107666,3.088258981704712,2.803039789199829,2.0244388580322266,2.0837347507476807,2.1972715854644775,2.4525134563446045,2.203451633453369,2.184948682785034,2.2247021198272705,5.845494747161865,6.624583721160889,4.805878639221191,2.814237356185913,2.18942928314209,1.8755043745040894,-293.6965026855469,78.20162200927734,36.80036544799805,11.917972564697266,13.545933723449707,18.470195770263672,6.923884868621826,6.943257808685303,-3.849921941757202,1.2211283445358276,15.896045684814453,6.996901035308838,8.526006698608398,11.600772857666016,6.966853141784668,5.9903764724731445,5.410717487335205,4.637824535369873,8.206883430480957,3.737102746963501,0.7617282271385193,0.38124606013298035,0.17945897579193115,0.19747483730316162,0.278579443693161,0.4563661217689514,0.35206034779548645,0.1934596598148346,0.14870809018611908,0.13456803560256958,0.1283855438232422,0.28645336627960205,0.3361261785030365,0.18308015167713165,0.23958301544189453,0.2616208791732788,0.28712862730026245,0.4257236123085022,0.3326042890548706,0.23841574788093567,0.2047542929649353,0.1982138454914093,0.18700198829174042,0.17162750661373138,585.9942762209066,569.5557207076566,1505.1932768455554,0.021200016313805106,0.001019902527332306,490.0,500.0,495.0,544.32,554.32,549.32,1,chanting
P7,-11.860380172729492,-11.636743545532227,-14.471528053283691,-35.22715759277344,-27.753131866455078,-32.27785873413086,-44.17884826660156,-46.447235107421875,-49.02581787109375,-46.51018142700195,-46.71435546875,-44.3218994140625,-46.523345947265625,-54.04111862182617,-57.63387680053711,-59.85919189453125,-60.39971160888672,-62.72969055175781,-64.1165542602539,-65.24945831298828,-65.91864776611328,-66.37236785888672,-66.19913482666016,-66.78091430664062,-66.68690490722656,-66.19874572753906,-61.498023986816406,-60.47932815551758,-64.1164321899414,-65.16996002197266,-65.95918273925781,-67.4401626586914,3.4553921222686768,5.1182684898376465,10.111682891845703,3.937518358230591,12.600394248962402,10.984307289123535,3.8594512939453125,4.414557456970215,3.797013998031616,6.816621780395508,7.999332427978516,8.477093696594238,7.8465423583984375,4.661046981811523,3.402054786682129,2.8213908672332764,2.5775954723358154,2.8623476028442383,2.6419787406921387,2.0449941158294678,1.9668824672698975,2.0929973125457764,2.2525789737701416,1.9976208209991455,2.118648052215576,2.143601179122925,5.695068359375,5.860896587371826,3.751601457595825,2.4343621730804443,2.3312971591949463,1.8373323678970337,-294.1206970214844,81.37012481689453,37.3167610168457,11.269028663635254,13.06958293914795,17.240732192993164,5.759210586547852,4.31625509262085,-5.935383319854736,-0.1903592348098755,16.744794845581055,8.57774829864502,7.431031227111816,7.678135871887207,4.244572162628174,5.511318683624268,6.474188804626465,5.724678039550781,8.915938377380371,3.901780843734741,0.83924400806427,0.45546022057533264,0.12828832864761353,0.12952344119548798,0.1790085732936859,0.29572436213493347,0.23933139443397522,0.13831409811973572,0.11241621524095535,0.11061108857393265,0.11844221502542496,0.2654588222503662,0.3121977746486664,0.19874899089336395,0.1877739280462265,0.2114381343126297,0.24204127490520477,0.36618101596832275,0.3012272119522095,0.20487506687641144,0.17740747332572937,0.18212386965751648,0.19896049797534943,0.18154124915599823,567.1311450707748,516.6969529437355,1472.185755298976,0.022840460049303943,0.0009164541261270642,500.0,510.0,505.0,554.32,564.32,559.32,1,chanting
P7,-13.335204124450684,-12.877143859863281,-15.935532569885254,-37.494483947753906,-28.750835418701172,-33.246620178222656,-45.20539474487305,-47.22270965576172,-50.673919677734375,-47.220481872558594,-47.97266387939453,-47.73321533203125,-50.09011459350586,-56.011837005615234,-59.35307693481445,-61.67917251586914,-62.20638656616211,-64.70243835449219,-66.2376480102539,-67.34210968017578,-67.84580993652344,-68.2390365600586,-68.18303680419922,-68.58654022216797,-68.67325592041016,-68.3726806640625,-64.25045013427734,-63.56891632080078,-66.81046295166016,-67.44212341308594,-68.16352844238281,-69.34709930419922,3.533653497695923,5.012709140777588,10.28564739227295,3.406087636947632,11.327042579650879,10.077808380126953,4.369650840759277,5.74496603012085,3.4327242374420166,8.011947631835938,8.673918724060059,9.073464393615723,9.08414077758789,5.042442798614502,3.919489860534668,2.9068245887756348,2.4350225925445557,2.582766532897949,2.37064790725708,2.032832145690918,2.1032137870788574,2.1782138347625732,2.2909531593322754,2.162914752960205,2.0712780952453613,1.9658873081207275,5.582906723022461,5.689911842346191,3.746488571166992,2.531733989715576,2.2123377323150635,1.8477765321731567,-304.89984130859375,83.35253143310547,37.7585334777832,11.767337799072266,12.422355651855469,15.7594575881958,5.703555583953857,4.222717761993408,-4.2024078369140625,0.03046206571161747,18.74851417541504,9.401593208312988,6.71282434463501,7.565038681030273,4.489731311798096,6.062927722930908,5.020902633666992,4.772303581237793,8.353962898254395,4.362979888916016,0.8449253439903259,0.48365211486816406,0.13111300766468048,0.12994450330734253,0.2027701735496521,0.36720263957977295,0.2934478521347046,0.151265949010849,0.13086962699890137,0.13003920018672943,0.1255602240562439,0.2584897577762604,0.3016001880168915,0.1876533031463623,0.16535818576812744,0.1848374456167221,0.23033787310123444,0.3805309534072876,0.31209510564804077,0.20726782083511353,0.20413914322853088,0.21391716599464417,0.2029363214969635,0.16192586719989777,537.3122809900194,487.2449268597738,1426.193045969296,0.020923587949535964,0.000975285074673593,510.0,520.0,515.0,564.32,574.32,569.32,1,chanting
P7,-10.283985137939453,-11.430505752563477,-15.13160514831543,-34.456363677978516,-29.003067016601562,-33.350257873535156,-43.02860641479492,-44.669654846191406,-48.0409049987793,-45.99653625488281,-46.50617218017578,-45.06815719604492,-46.11957931518555,-53.54660415649414,-56.6338996887207,-58.81909942626953,-59.56695556640625,-61.719181060791016,-63.25822830200195,-64.31863403320312,-64.9814682006836,-65.4052963256836,-65.07752990722656,-65.31568145751953,-65.69120025634766,-65.32042694091797,-62.484718322753906,-61.27212142944336,-63.812137603759766,-64.96665954589844,-65.50557708740234,-66.54531860351562,3.4861900806427,5.496706008911133,10.527603149414062,3.5009257793426514,11.244422912597656,10.487810134887695,3.9196715354919434,4.9433369636535645,3.414530038833618,6.748928070068359,7.802354335784912,9.809154510498047,9.950765609741211,4.418618202209473,3.004901647567749,2.9388325214385986,2.4544730186462402,2.5046889781951904,2.3605775833129883,2.0508947372436523,1.7522205114364624,1.9378117322921753,2.090214490890503,2.176218032836914,1.9942501783370972,1.9383516311645508,4.541603088378906,4.897571086883545,3.1866111755371094,2.3360838890075684,1.7899811267852783,1.505981206893921,-291.2088623046875,80.9443130493164,35.994422912597656,12.120549201965332,13.102519989013672,16.567142486572266,6.872112274169922,4.403453826904297,-3.2496042251586914,0.7539727091789246,17.3677921295166,9.937494277954102,6.053379535675049,7.742550849914551,4.498800754547119,5.822754859924316,4.583817958831787,4.3310651779174805,8.471299171447754,4.164157867431641,0.8100891709327698,0.4829111397266388,0.17873479425907135,0.18250474333763123,0.27019208669662476,0.4213532507419586,0.35464197397232056,0.215428426861763,0.18396247923374176,0.17189885675907135,0.16436049342155457,0.2992776334285736,0.3097716271877289,0.20574744045734406,0.21222354471683502,0.22852486371994019,0.2717738747596741,0.38824591040611267,0.33713242411613464,0.2632753551006317,0.24538803100585938,0.24388563632965088,0.2236655056476593,0.1944616585969925,533.4551607808902,452.84675899071925,1437.3639730946963,0.020024062862529002,0.000894459371920675,520.0,530.0,525.0,574.32,584.32,579.32,1,chanting
P7,-16.165573120117188,-15.100991249084473,-17.375534057617188,-39.67207336425781,-31.276437759399414,-35.35073471069336,-48.8087158203125,-51.06185531616211,-54.02724838256836,-52.0610237121582,-53.0044059753418,-53.75328063964844,-55.6980094909668,-60.38544845581055,-63.008853912353516,-64.92572021484375,-65.31531524658203,-67.8368148803711,-69.17291259765625,-70.4178237915039,-71.05040740966797,-71.455810546875,-71.3506088256836,-71.58187866210938,-71.86132049560547,-71.41787719726562,-69.29547119140625,-68.17790985107422,-70.6751937866211,-71.0566635131836,-71.60114288330078,-72.56331634521484,3.2541911602020264,4.761096954345703,10.052684783935547,3.238422393798828,12.103368759155273,11.257572174072266,3.6621663570404053,4.567765235900879,3.5278396606445312,6.531431198120117,7.285468578338623,7.72424840927124,7.663706302642822,3.929844856262207,3.08050799369812,2.7415690422058105,2.5895001888275146,2.668147563934326,2.488273859024048,1.9997944831848145,1.824573040008545,1.8774454593658447,2.057049036026001,1.9463099241256714,1.5613421201705933,1.7447196245193481,3.9108593463897705,4.177823543548584,2.1766672134399414,1.8147425651550293,1.5633312463760376,1.3008702993392944,-324.65155029296875,84.37739562988281,39.65596008300781,15.438053131103516,13.620573043823242,13.749717712402344,4.7525835037231445,3.1126484870910645,-2.9141366481781006,-0.37436097860336304,14.205236434936523,9.468729019165039,7.237109661102295,6.714443683624268,3.856125831604004,6.736894607543945,6.075542449951172,5.083258152008057,6.663452625274658,3.8648324012756348,0.8416266441345215,0.307725727558136,0.07420366257429123,0.08108250796794891,0.18256710469722748,0.28174611926078796,0.20957201719284058,0.09940949827432632,0.08962353318929672,0.08371414244174957,0.08697410672903061,0.30837202072143555,0.32306671142578125,0.12794217467308044,0.08606496453285217,0.09466748684644699,0.222416952252388,0.3649313151836395,0.280438095331192,0.1474250704050064,0.15005674958229065,0.14816048741340637,0.1437971293926239,0.14507049322128296,502.2497146973807,428.66562137471,1345.9259122419046,0.02282913101798144,0.0010606838623061776,530.0,540.0,535.0,584.32,594.32,589.32,1,chanting
P7,-13.29817008972168,-11.662555694580078,-12.724754333496094,-37.655338287353516,-27.779766082763672,-31.757110595703125,-46.59627914428711,-49.07568359375,-51.60881423950195,-50.23598098754883,-51.14799499511719,-52.066471099853516,-53.744136810302734,-57.78335189819336,-60.50967788696289,-62.3775520324707,-62.377140045166016,-64.87701416015625,-66.17096710205078,-67.46649169921875,-67.94400787353516,-68.24498748779297,-68.10008239746094,-68.49649810791016,-68.50025939941406,-68.4813232421875,-65.3277587890625,-63.98741912841797,-67.21067810058594,-67.58828735351562,-68.29949188232422,-69.2547607421875,3.548048973083496,5.1933183670043945,9.86396598815918,3.311030387878418,9.214058876037598,8.486933708190918,3.421795129776001,3.3026251792907715,3.290224075317383,4.93575382232666,5.353520393371582,5.645450115203857,5.850767612457275,2.9756479263305664,2.766989231109619,2.7795052528381348,2.764805555343628,3.2199344635009766,2.970551013946533,2.1720950603485107,2.23466157913208,2.221489191055298,2.081088066101074,2.2734014987945557,2.289989709854126,2.0255494117736816,3.383232593536377,3.8156301975250244,2.5734784603118896,2.460376262664795,2.1625168323516846,1.8852148056030273,-308.00701904296875,82.82986450195312,41.55426788330078,17.11748695373535,14.279831886291504,13.71583366394043,3.853083372116089,3.1138415336608887,-3.3715946674346924,-0.17745745182037354,11.215201377868652,9.136136054992676,6.16694450378418,4.498915672302246,3.1507012844085693,5.357851028442383,4.79361629486084,4.3718647956848145,6.31444787979126,3.742955446243286,0.8969614505767822,0.2607760727405548,0.10652440041303635,0.12556473910808563,0.2336539924144745,0.26129916310310364,0.17226389050483704,0.10338539630174637,0.0895342230796814,0.08229826390743256,0.10099310427904129,0.47475823760032654,0.24796144664287567,0.11012931168079376,0.16472633183002472,0.18560533225536346,0.32388603687286377,0.35838010907173157,0.23800250887870789,0.1635664701461792,0.15228256583213806,0.14372532069683075,0.15971551835536957,0.17058096826076508,504.55093082575195,411.5789497534803,1366.1451760900527,0.02076611441415313,0.0011110035702586174,540.0,550.0,545.0,594.32,604.32,599.32,1,chanting
P7,-12.50374984741211,-8.954998016357422,-10.091090202331543,-36.00876998901367,-21.20532989501953,-25.37842559814453,-45.78681564331055,-46.49457931518555,-50.827571868896484,-48.08102798461914,-48.35629653930664,-48.004234313964844,-49.25043487548828,-56.42005157470703,-59.74082946777344,-61.79336929321289,-62.204715728759766,-64.81978607177734,-66.08997344970703,-67.30135345458984,-67.66883850097656,-68.03617095947266,-67.92682647705078,-68.33163452148438,-68.48307800292969,-68.04965209960938,-63.600555419921875,-62.244415283203125,-66.43184661865234,-67.01472473144531,-67.829833984375,-69.05248260498047,3.2213246822357178,3.7908525466918945,9.711342811584473,2.987584114074707,11.854036331176758,11.303354263305664,3.9192354679107666,5.469528675079346,3.4062552452087402,6.781465530395508,7.410642623901367,7.772985458374023,7.677889823913574,4.3162007331848145,3.5864169597625732,2.890652894973755,2.5304503440856934,2.5170514583587646,2.3742518424987793,1.8246303796768188,1.8018403053283691,2.0825865268707275,2.386566162109375,2.129671573638916,2.0298547744750977,1.9903055429458618,4.812204837799072,4.9841461181640625,3.2688820362091064,2.4651401042938232,2.152266025543213,1.8396825790405273,-299.4568176269531,88.48407745361328,43.328033447265625,14.697388648986816,12.762645721435547,14.450540542602539,2.5322813987731934,1.1421926021575928,-7.490213871002197,-1.4030146598815918,15.481648445129395,9.625066757202148,7.7321271896362305,7.960436820983887,4.716996669769287,4.227481842041016,5.419688701629639,4.473172664642334,7.546421527862549,3.8282196521759033,0.8827477097511292,0.213906928896904,0.05435317009687424,0.06807335466146469,0.16814184188842773,0.1961960345506668,0.1151094138622284,0.05410011112689972,0.04570909962058067,0.04137079417705536,0.05484985560178757,0.4247148931026459,0.2922132909297943,0.09938716888427734,0.12445692718029022,0.1376035064458847,0.2864654064178467,0.32572630047798157,0.1973990797996521,0.12303268164396286,0.11409510672092438,0.1091906800866127,0.11171533912420273,0.1768447607755661,499.4476623681884,470.1582552385441,1280.729342778511,0.023587043213457077,0.0012890520738437772,550.0,560.0,555.0,604.32,614.32,609.32,1,chanting
P7,-13.163606643676758,-14.351901054382324,-18.0524845123291,-36.323463439941406,-27.178653717041016,-30.966840744018555,-44.245723724365234,-45.40696716308594,-49.99864959716797,-44.3526496887207,-44.81644821166992,-46.274879455566406,-47.76642608642578,-55.44442367553711,-58.927703857421875,-60.498538970947266,-61.31553649902344,-64.25923919677734,-65.80370330810547,-66.66146087646484,-67.32079315185547,-67.3655014038086,-66.81605529785156,-67.63914489746094,-68.05809783935547,-67.48571014404297,-63.0829963684082,-61.25759506225586,-65.012939453125,-66.00313568115234,-67.29633331298828,-68.88468170166016,3.2456722259521484,4.698237419128418,9.580568313598633,3.5956356525421143,12.106663703918457,11.64974308013916,4.291747570037842,5.027118682861328,4.100794315338135,8.065752029418945,9.030309677124023,10.190089225769043,11.085384368896484,5.587622165679932,3.8512725830078125,3.693127393722534,3.3469040393829346,3.388864755630493,3.1747941970825195,2.663342237472534,2.4533674716949463,2.372955322265625,2.3559441566467285,2.393643856048584,1.994239091873169,2.31718373298645,5.067193508148193,6.2075724601745605,3.9561431407928467,2.935039758682251,2.057434320449829,1.5557496547698975,-299.11187744140625,82.71977996826172,36.749778747558594,8.705059051513672,9.893516540527344,15.462016105651855,5.217464923858643,4.486400127410889,-5.5153727531433105,0.09197905659675598,17.73247528076172,9.455657958984375,9.160245895385742,9.04920482635498,5.42493200302124,7.127655029296875,5.5104217529296875,4.190052032470703,8.291487693786621,4.461300849914551,0.8176232576370239,0.23556458950042725,0.12591113150119781,0.15748324990272522,0.3193131983280182,0.34501421451568604,0.21227243542671204,0.12484629452228546,0.11157476902008057,0.10492944717407227,0.12769310176372528,0.4767063856124878,0.3258388340473175,0.1468578726053238,0.19069336354732513,0.20912209153175354,0.34612613916397095,0.3687332570552826,0.238167867064476,0.17878802120685577,0.17182046175003052,0.16786280274391174,0.17973148822784424,0.23652228713035583,601.4153186988237,632.9063043793503,1500.7082433056755,0.024177285745359628,0.0008427588036283851,560.0,570.0,565.0,614.32,624.32,619.32,1,chanting
P7,-11.135956764221191,-13.649666786193848,-16.960872650146484,-34.6082878112793,-29.279396057128906,-32.3735237121582,-42.62110137939453,-43.93065643310547,-47.21917724609375,-41.30655288696289,-41.93130874633789,-45.61622619628906,-46.85768127441406,-52.73249435424805,-55.77299499511719,-57.411842346191406,-58.33439254760742,-60.97465133666992,-62.50340270996094,-63.70547103881836,-64.40755462646484,-64.89295196533203,-64.56765747070312,-65.05205535888672,-64.99661254882812,-64.55270385742188,-61.623104095458984,-58.785728454589844,-61.77680587768555,-62.93259811401367,-63.92780303955078,-65.93006896972656,3.3639094829559326,3.9929914474487305,9.170839309692383,3.591561794281006,11.898759841918945,11.420369148254395,3.7354252338409424,4.1295294761657715,4.2309722900390625,11.010538101196289,12.14935302734375,9.54426097869873,9.388824462890625,5.114619255065918,4.489498615264893,4.305323600769043,3.5249786376953125,3.3670876026153564,3.3335177898406982,2.9901065826416016,2.770641803741455,2.6182572841644287,2.577098846435547,2.5022199153900146,2.654721736907959,2.5898056030273438,4.936991214752197,6.581179141998291,4.449714183807373,4.345858573913574,3.5392167568206787,2.472954511642456,-286.79742431640625,78.53810119628906,34.50858688354492,8.179984092712402,11.210501670837402,15.524577140808105,6.636710166931152,6.741479396820068,-3.1654698848724365,0.46967989206314087,19.835390090942383,11.987449645996094,6.615750312805176,11.106649398803711,6.158777236938477,4.707372188568115,3.849693536758423,4.137892723083496,8.998958587646484,4.518276691436768,0.8157821893692017,0.3067353367805481,0.17222727835178375,0.20596031844615936,0.3788340985774994,0.410553514957428,0.2884773015975952,0.20759542286396027,0.19924944639205933,0.17646430432796478,0.17805680632591248,0.45019716024398804,0.3063623607158661,0.16772042214870453,0.2077343910932541,0.22422295808792114,0.3578239679336548,0.38431456685066223,0.29655054211616516,0.24889349937438965,0.2599938213825226,0.23154568672180176,0.2237989455461502,0.22160029411315918,642.9120527341103,694.8579792633411,1600.7510437397702,0.021997580118909513,0.0007644706638529897,570.0,580.0,575.0,624.32,634.32,629.32,1,chanting
P7,-10.865554809570312,-10.277652740478516,-11.665674209594727,-34.888427734375,-25.206270217895508,-28.02932357788086,-43.36581039428711,-45.23741149902344,-47.984256744384766,-45.437835693359375,-46.21823501586914,-48.432769775390625,-50.120994567871094,-54.655052185058594,-57.59174728393555,-59.31098937988281,-59.743507385253906,-62.31232452392578,-63.76042175292969,-64.71642303466797,-65.19734191894531,-65.60594940185547,-65.37019348144531,-65.8563461303711,-66.2005386352539,-65.8348159790039,-62.80891036987305,-61.035369873046875,-63.58957290649414,-63.56346130371094,-64.81547546386719,-66.93023681640625,3.9573254585266113,4.92304801940918,10.611059188842773,3.438504695892334,14.750991821289062,14.163046836853027,4.20674991607666,4.920659065246582,4.159661293029785,8.426279067993164,9.807624816894531,7.825560092926025,6.947818756103516,4.72187614440918,3.535993814468384,3.4642982482910156,2.806856155395508,2.6482009887695312,2.3903005123138428,2.0226266384124756,2.167236566543579,2.2203938961029053,2.818938732147217,2.366424083709717,1.839449167251587,1.9269379377365112,4.553659915924072,5.620780944824219,4.4147748947143555,3.7037065029144287,2.725691795349121,2.005659818649292,-291.0856018066406,82.99132537841797,40.66106414794922,13.861562728881836,12.766392707824707,13.183730125427246,4.362934112548828,3.7352824211120605,-3.8541882038116455,0.34276577830314636,16.775205612182617,11.140401840209961,8.275408744812012,9.284280776977539,6.371903419494629,4.806066036224365,6.259176731109619,5.400091648101807,8.743245124816895,4.423455238342285,0.8264690041542053,0.28792914748191833,0.13214565813541412,0.1528359055519104,0.2554566264152527,0.262422114610672,0.17513613402843475,0.11947622895240784,0.10830843448638916,0.09360740333795547,0.09719458222389221,0.3527449667453766,0.31537899374961853,0.15707780420780182,0.2199024260044098,0.2430085688829422,0.37490326166152954,0.3800724744796753,0.2727104127407074,0.22189423441886902,0.21526356041431427,0.18953262269496918,0.18114657700061798,0.17857690155506134,550.7118473351759,522.4674516930104,1400.8779398292193,0.026167796548723896,0.0010956075275316834,580.0,590.0,585.0,634.32,644.32,639.32,1,chanting
P7,-8.450377464294434,-8.12165641784668,-7.590819835662842,-32.299713134765625,-16.680282592773438,-20.546783447265625,-42.38330078125,-43.137916564941406,-46.819122314453125,-44.837242126464844,-45.705997467041016,-46.64735794067383,-47.97979736328125,-53.412864685058594,-56.249149322509766,-58.36780548095703,-58.41632843017578,-61.216026306152344,-62.51010513305664,-63.21234130859375,-63.81519317626953,-64.12845611572266,-63.629913330078125,-64.7154769897461,-64.92448425292969,-64.45220947265625,-60.4133186340332,-58.50172805786133,-62.11973571777344,-62.20034408569336,-63.71414566040039,-65.7255859375,3.4468231201171875,4.074777603149414,6.8677167892456055,3.5259103775024414,10.779501914978027,10.547388076782227,3.3438448905944824,3.5839805603027344,3.2476444244384766,7.8058180809021,9.156197547912598,7.046000003814697,7.458145618438721,3.2938175201416016,2.620983839035034,2.441967487335205,2.300884246826172,1.9123879671096802,1.709540843963623,1.5969188213348389,1.5936410427093506,1.6506692171096802,2.3396191596984863,1.4168319702148438,1.1955293416976929,1.4813706874847412,5.073620319366455,6.431195259094238,4.32308292388916,2.945868968963623,1.7399147748947144,0.842052161693573,-279.8243103027344,86.80352783203125,44.13117218017578,15.517186164855957,12.158353805541992,11.90361213684082,1.054099440574646,0.8985901474952698,-7.145804405212402,-0.37684381008148193,14.458070755004883,7.623924732208252,6.5095415115356445,7.772383213043213,4.727875709533691,5.761941432952881,5.401454448699951,5.5130510330200195,7.926025390625,3.347520112991333,0.9491450190544128,0.28261008858680725,0.08132988214492798,0.08677273243665695,0.13761064410209656,0.15150384604930878,0.11624540388584137,0.08584585785865784,0.07916536927223206,0.0702572613954544,0.07864825427532196,0.4186723530292511,0.1688322275876999,0.15451648831367493,0.15586216747760773,0.16518805921077728,0.2193632423877716,0.23089474439620972,0.1965865045785904,0.17502079904079437,0.17795458436012268,0.1676630973815918,0.16166837513446808,0.22242552042007446,517.6623594202892,487.31986840197214,1340.4053553545982,0.026002392691415313,0.0010305044706910849,590.0,600.0,595.0,644.32,654.32,649.32,1,chanting
P7,-15.887068748474121,-8.791544914245605,-8.840359687805176,-38.50340270996094,-25.102373123168945,-28.00876808166504,-48.71675491333008,-50.258148193359375,-53.2067985534668,-51.084102630615234,-50.94881820678711,-51.38983917236328,-52.59992980957031,-58.21731948852539,-60.538265228271484,-62.60825729370117,-63.40763854980469,-65.45045471191406,-67.56505584716797,-68.83621215820312,-69.48834228515625,-69.12374114990234,-69.07975006103516,-70.14675903320312,-70.7944564819336,-70.08769226074219,-66.55136108398438,-64.64346313476562,-67.65164947509766,-69.35558319091797,-70.55574035644531,-72.34010314941406,3.51279354095459,6.223348140716553,11.992445945739746,2.7939090728759766,13.028910636901855,12.453353881835938,3.9825754165649414,4.5015788078308105,4.016656875610352,6.6862874031066895,8.037650108337402,7.814815998077393,8.936271667480469,5.680318355560303,5.703673362731934,5.443609714508057,4.797093391418457,5.126387596130371,4.2355217933654785,3.8497743606567383,4.113890171051025,4.9736127853393555,4.178195953369141,3.5442593097686768,3.1018526554107666,3.2461917400360107,5.269120216369629,6.477121829986572,4.230376243591309,3.1353392601013184,2.4316422939300537,1.8524415493011475,-311.0880432128906,88.12286376953125,42.1041259765625,17.775766372680664,15.039214134216309,15.087416648864746,2.161691427230835,1.4104137420654297,-7.177740097045898,-0.9688742756843567,20.605178833007812,10.467318534851074,11.238666534423828,7.986465930938721,5.213348865509033,5.571022987365723,5.90477991104126,5.210712432861328,8.263018608093262,4.500110626220703,0.89883953332901,0.2972468435764313,0.06897478550672531,0.07087808102369308,0.14591673016548157,0.15263965725898743,0.09474489837884903,0.06401628255844116,0.06081872433423996,0.055478911846876144,0.06986407190561295,0.37656641006469727,0.2552289068698883,0.16945859789848328,0.16392642259597778,0.16482709348201752,0.306032657623291,0.31784147024154663,0.2093210071325302,0.1707158237695694,0.17084820568561554,0.15204916894435883,0.15881294012069702,0.1887304186820984,489.097895116656,469.4088398165603,1209.125109028204,0.022895972302784222,0.0020805152598768473,600.0,610.0,605.0,654.32,664.32,659.32,1,chanting
P7,-16.746978759765625,-10.669536590576172,-12.431002616882324,-39.76729202270508,-33.385250091552734,-36.57566833496094,-49.179527282714844,-52.00743103027344,-54.4869384765625,-50.11373519897461,-49.773773193359375,-50.199092864990234,-51.01487350463867,-59.98722839355469,-63.838348388671875,-65.34635162353516,-65.52393341064453,-68.26781463623047,-69.79293823242188,-70.80216979980469,-71.2828369140625,-71.43700408935547,-70.23568725585938,-71.60350036621094,-72.27320098876953,-71.39779663085938,-65.98046112060547,-63.31208419799805,-67.74246215820312,-67.70639038085938,-69.9193115234375,-73.03919219970703,3.3520867824554443,5.954557418823242,13.377856254577637,3.340151309967041,10.500218391418457,9.6622953414917,3.901545763015747,3.6091275215148926,3.776426076889038,7.25614595413208,8.256974220275879,8.504979133605957,9.054226875305176,4.279374599456787,3.573563814163208,3.627800703048706,3.1335558891296387,2.960965871810913,2.614015579223633,2.307044744491577,2.141916036605835,2.2315926551818848,3.267864942550659,2.616154432296753,2.0027759075164795,2.1455650329589844,5.259446144104004,6.437270164489746,4.715582370758057,3.4801361560821533,2.584289789199829,2.048798084259033,-319.2303771972656,83.3171615600586,42.413536071777344,12.648480415344238,14.534247398376465,19.318382263183594,7.336654186248779,6.098952293395996,-7.340172290802002,-0.40978705883026123,18.049663543701172,8.767889022827148,8.80861759185791,7.163738250732422,4.121669292449951,5.771470069885254,4.429107666015625,4.503966808319092,8.289344787597656,4.109677314758301,0.8348713517189026,0.239261195063591,0.07340144366025925,0.09067888557910919,0.2093055248260498,0.22458438575267792,0.12677012383937836,0.06783165037631989,0.057808272540569305,0.04949898645281792,0.06378231197595596,0.4194084107875824,0.3293153941631317,0.11670755594968796,0.1487976461648941,0.17384451627731323,0.3569351136684418,0.38195058703422546,0.22975774109363556,0.1513228565454483,0.14561498165130615,0.1267433613538742,0.12264802306890488,0.20608626306056976,506.5448630170428,389.3712727486949,1328.217516689041,0.021764202073665893,0.0018216094467788935,610.0,620.0,615.0,664.32,674.32,669.32,1,chanting
P7,-11.96965217590332,-8.602766990661621,-11.147693634033203,-34.820980072021484,-21.560260772705078,-25.43258285522461,-43.6041259765625,-44.580299377441406,-48.559776306152344,-42.865718841552734,-43.03670883178711,-44.61344528198242,-45.43133544921875,-54.703941345214844,-58.402915954589844,-59.46406555175781,-60.190147399902344,-62.78358459472656,-64.18061828613281,-65.5634536743164,-66.07803344726562,-65.7913589477539,-64.27104187011719,-65.7255630493164,-66.9372787475586,-66.12518310546875,-61.32421875,-57.71247863769531,-61.53164291381836,-62.04991149902344,-63.966548919677734,-67.6436996459961,3.2804949283599854,4.019845962524414,11.424642562866211,3.8576066493988037,14.91903018951416,14.597162246704102,4.776778697967529,5.812510967254639,4.45453405380249,9.308956146240234,9.739189147949219,9.405607223510742,10.261444091796875,4.513125896453857,3.260521173477173,3.618948459625244,3.1873044967651367,3.2169439792633057,2.922590732574463,2.3743064403533936,2.4697375297546387,2.8031134605407715,3.9507317543029785,3.087033987045288,2.3980326652526855,2.3193225860595703,4.742204189300537,7.220945835113525,6.0657429695129395,4.475184917449951,3.455606460571289,2.2131683826446533,-286.4968566894531,84.48410034179688,41.959373474121094,9.895988464355469,10.948919296264648,15.413564682006836,4.565435409545898,3.664698600769043,-8.607568740844727,-0.5848730206489563,22.042579650878906,9.633110046386719,8.126785278320312,9.585227012634277,6.701888561248779,5.612917423248291,4.689619064331055,5.58540153503418,10.077393531799316,4.52038049697876,0.7855088710784912,0.2108113169670105,0.0758899450302124,0.09759308397769928,0.24013009667396545,0.2519981861114502,0.1262032687664032,0.05569949746131897,0.04561372846364975,0.043731071054935455,0.07900737226009369,0.4264483153820038,0.35906675457954407,0.15326687693595886,0.14857172966003418,0.17174386978149414,0.36479389667510986,0.38016173243522644,0.19691522419452667,0.10606136918067932,0.08669175952672958,0.08062880486249924,0.13901086151599884,0.26693812012672424,582.23113323077,523.1918866009281,1440.0625760141193,0.024722212151972157,0.0013012922136113048,620.0,630.0,625.0,674.32,684.32,679.32,1,chanting
P7,-9.827448844909668,-9.437302589416504,-12.854092597961426,-34.42692184448242,-31.654909133911133,-34.24057388305664,-41.695552825927734,-44.37594223022461,-46.72642135620117,-43.597633361816406,-43.826534271240234,-44.2169075012207,-45.461692810058594,-51.940914154052734,-56.424102783203125,-57.917266845703125,-58.138126373291016,-61.243682861328125,-62.99937057495117,-63.7448616027832,-64.41104125976562,-64.79703521728516,-64.63165283203125,-65.1546401977539,-65.36510467529297,-64.65373992919922,-61.13832473754883,-58.18472671508789,-61.249061584472656,-63.472923278808594,-64.6414794921875,-66.56395721435547,3.2790145874023438,3.453706979751587,10.215002059936523,3.8288521766662598,10.52592658996582,10.091264724731445,4.715651512145996,4.4970479011535645,4.431262969970703,8.861315727233887,10.183815956115723,10.61318302154541,10.639761924743652,5.481837749481201,4.266287803649902,3.7614312171936035,3.337111473083496,3.1872220039367676,2.7118489742279053,2.5173611640930176,2.554323673248291,2.460287570953369,2.873795509338379,2.551497459411621,2.156186819076538,2.3863773345947266,5.870360374450684,7.515135765075684,5.8357133865356445,2.9060556888580322,2.6973166465759277,1.7337933778762817,-286.20391845703125,80.14043426513672,36.15408706665039,10.46721363067627,13.35565185546875,18.618040084838867,7.797489166259766,7.732783317565918,-3.533391237258911,1.8952332735061646,20.127256393432617,7.344520092010498,7.7653489112854,11.067439079284668,6.396138668060303,5.481217384338379,4.678534030914307,3.437375545501709,9.770402908325195,3.6768741607666016,0.7900800704956055,0.2829812467098236,0.09696150571107864,0.12760962545871735,0.3099081218242645,0.35879024863243103,0.21068263053894043,0.09727006405591965,0.07925296574831009,0.07021968811750412,0.08005133271217346,0.34390830993652344,0.36597922444343567,0.15276788175106049,0.12846243381500244,0.156063050031662,0.3229648768901825,0.37627583742141724,0.23633286356925964,0.14580753445625305,0.13336434960365295,0.12588539719581604,0.12726132571697235,0.19175580143928528,571.7819996086122,549.8460951094837,1458.2628566005822,0.02236577363689095,0.0009728894801810384,630.0,640.0,635.0,684.32,694.32,689.32,1,chanting
P7,-12.404820442199707,-14.622564315795898,-17.329912185668945,-36.90180587768555,-25.461620330810547,-28.797948837280273,-45.48989486694336,-48.48100280761719,-50.80649185180664,-49.20269775390625,-49.987491607666016,-49.38587951660156,-50.87774658203125,-56.603057861328125,-59.905399322509766,-61.566349029541016,-61.672637939453125,-63.983821868896484,-65.27732849121094,-66.31874084472656,-67.30667877197266,-67.49695587158203,-67.30162811279297,-67.94734191894531,-67.91631317138672,-67.66795349121094,-63.64408874511719,-62.04110336303711,-65.75908660888672,-65.17003631591797,-67.09716033935547,-68.7826156616211,3.515058755874634,4.137041091918945,9.08967399597168,3.404745101928711,14.899487495422363,14.133740425109863,3.9435064792633057,3.8083369731903076,3.6579554080963135,6.748088359832764,7.582310199737549,7.894195556640625,8.49846363067627,4.299046993255615,3.6704771518707275,3.3913168907165527,3.030557632446289,3.742882490158081,3.346973419189453,2.6755475997924805,2.522564172744751,3.0626473426818848,3.01901912689209,2.8094773292541504,2.867255449295044,2.7360775470733643,5.760475158691406,6.17989444732666,4.3353095054626465,4.332986354827881,3.0850131511688232,2.6113803386688232,-302.85528564453125,80.95829772949219,39.92362976074219,13.776612281799316,12.539907455444336,12.931358337402344,2.516219139099121,2.543405532836914,-5.591455936431885,0.4655102491378784,18.395097732543945,9.313076972961426,7.950322151184082,6.7143168449401855,4.310988903045654,6.381473541259766,7.316377639770508,5.775008678436279,9.631351470947266,4.257254123687744,0.8389586806297302,0.22784900665283203,0.12722867727279663,0.15428107976913452,0.2836432456970215,0.2935163974761963,0.18947283923625946,0.13038213551044464,0.12695513665676117,0.11267382651567459,0.12021569162607193,0.442451536655426,0.30908000469207764,0.1415475457906723,0.18499620258808136,0.20627166330814362,0.3475194275379181,0.35828274488449097,0.2394951432943344,0.18936121463775635,0.2148910015821457,0.19345177710056305,0.18633848428726196,0.21081599593162537,575.6266598993606,533.3839363399072,1461.3922927537183,0.026870196490719256,0.0010010568657889962,640.0,650.0,645.0,694.32,704.32,699.32,1,chanting
P7,-12.622528076171875,-13.34526252746582,-15.66446590423584,-36.63345718383789,-28.207721710205078,-32.27693176269531,-45.05539321899414,-46.9419059753418,-50.794857025146484,-48.717525482177734,-49.611289978027344,-47.53888702392578,-49.05269241333008,-56.252403259277344,-58.84049606323242,-60.330135345458984,-60.74378204345703,-63.09435272216797,-64.640869140625,-65.84022521972656,-66.57860565185547,-66.87043762207031,-66.68649291992188,-67.52604675292969,-67.28355407714844,-66.74749755859375,-61.82788848876953,-60.46257019042969,-64.95574188232422,-64.40071105957031,-66.56929779052734,-68.35102081298828,3.276693105697632,6.024232864379883,10.33307933807373,3.7477591037750244,11.997442245483398,10.851831436157227,3.710955858230591,3.4921622276306152,3.374476432800293,5.3130412101745605,5.9817938804626465,6.516753673553467,7.005127429962158,3.9084033966064453,3.334289789199829,3.302917957305908,3.063929557800293,3.374786615371704,3.2291183471679688,2.774693727493286,2.697208881378174,2.703831434249878,2.6520626544952393,2.507197141647339,2.589381456375122,2.4360930919647217,5.431538105010986,5.784705638885498,3.8275179862976074,3.795341968536377,2.619755268096924,2.3222644329071045,-299.54193115234375,79.13591003417969,38.636993408203125,13.224084854125977,13.418575286865234,15.341567993164062,3.5193593502044678,4.42864990234375,-5.214687824249268,0.87674480676651,15.777597427368164,8.89176082611084,8.239298820495605,5.766063690185547,4.251973628997803,4.937155723571777,5.375054359436035,4.255315780639648,8.779706954956055,3.727908134460449,0.8715536594390869,0.4857691526412964,0.16123729944229126,0.16105912625789642,0.22224117815494537,0.3233806788921356,0.2613489031791687,0.1655961126089096,0.15677371621131897,0.15907447040081024,0.15846291184425354,0.2914673984050751,0.2682608664035797,0.19251593947410583,0.21603238582611084,0.22843417525291443,0.26115313172340393,0.349115788936615,0.2845453917980194,0.23730510473251343,0.24356970191001892,0.2531720995903015,0.23875807225704193,0.1773526668548584,584.8945668203337,514.3737651355858,1518.6773159813988,0.021396008555684454,0.0009428626508451998,650.0,660.0,655.0,704.32,714.32,709.32,1,chanting
P7,-13.389485359191895,-6.975309371948242,-6.008019924163818,-36.29447937011719,-28.665771484375,-32.90812301635742,-44.999210357666016,-44.85415267944336,-50.975276947021484,-44.553165435791016,-46.15217208862305,-47.522422790527344,-48.510215759277344,-56.68512725830078,-60.364315032958984,-62.30447769165039,-62.451133728027344,-64.97230529785156,-66.74323272705078,-67.50579071044922,-68.08979034423828,-68.19830322265625,-67.60132598876953,-68.62908935546875,-68.84881591796875,-68.1323013305664,-62.40953826904297,-61.01247024536133,-66.47767639160156,-66.22932434082031,-68.04962158203125,-69.70663452148438,3.533663272857666,3.2825875282287598,6.29308557510376,3.1598799228668213,9.315948486328125,8.734345436096191,3.687617301940918,4.847752094268799,3.3997044563293457,8.513278007507324,8.733511924743652,8.887289047241211,9.18582534790039,4.363877296447754,3.1943976879119873,2.56375789642334,2.714954137802124,3.040278673171997,2.860330820083618,2.2322933673858643,2.3503851890563965,2.293978214263916,2.5873794555664062,2.384361743927002,2.2480499744415283,2.201436996459961,5.574941158294678,5.441857814788818,3.1309547424316406,3.2588016986846924,2.276604652404785,2.1251463890075684,-299.85198974609375,87.41060638427734,42.676849365234375,13.12277603149414,12.709122657775879,18.311729431152344,6.946704387664795,6.397476673126221,-5.888500690460205,-1.1589858531951904,15.604178428649902,7.86570930480957,5.305322647094727,9.477944374084473,6.21549654006958,5.40814208984375,3.6459295749664307,3.5346951484680176,7.735136985778809,3.776001214981079,0.9566994309425354,0.19634215533733368,0.03132916986942291,0.040763258934020996,0.09104255586862564,0.10374248027801514,0.0637255385518074,0.031321387737989426,0.021927889436483383,0.01844594068825245,0.04541163519024849,0.566199541091919,0.17374132573604584,0.07729922235012054,0.0708642303943634,0.09874742478132248,0.21230006217956543,0.24480898678302765,0.15424059331417084,0.08379047363996506,0.0497254841029644,0.03688964620232582,0.04209667444229126,0.1963261216878891,491.36073184295424,409.93023582511603,1273.7240316011016,0.023412576131090487,0.0015584540087729692,660.0,670.0,665.0,714.32,724.32,719.32,1,chanting
P7,-10.56329345703125,-7.8112473487854,-9.231121063232422,-34.213645935058594,-30.125308990478516,-32.424720764160156,-41.564212799072266,-42.123077392578125,-46.56510925292969,-41.65949630737305,-41.25571060180664,-41.315513610839844,-42.30606460571289,-51.811248779296875,-55.83407974243164,-57.875362396240234,-58.4211311340332,-60.840248107910156,-62.679805755615234,-63.4986686706543,-63.79248809814453,-64.14717864990234,-63.83064270019531,-65.12213134765625,-65.74958801269531,-64.37327575683594,-58.93992614746094,-57.260005950927734,-61.720706939697266,-60.4227180480957,-63.15907287597656,-66.64054870605469,3.5826621055603027,5.129511833190918,11.497873306274414,3.4012672901153564,10.484078407287598,9.455621719360352,4.4305620193481445,5.390813827514648,4.408815383911133,9.26744556427002,9.8565673828125,9.260255813598633,10.19699478149414,5.596489906311035,4.066736698150635,3.8918886184692383,3.321319103240967,3.1949405670166016,2.934868812561035,2.717867374420166,2.8073363304138184,2.6571552753448486,2.883173942565918,2.71014404296875,2.279303789138794,2.3848063945770264,5.033095359802246,5.72999906539917,3.6090545654296875,4.4632649421691895,3.045250415802002,1.929434061050415,-280.5936279296875,81.7509536743164,36.979496002197266,8.241350173950195,12.635671615600586,19.33503532409668,8.9458589553833,7.718993663787842,-6.086029052734375,1.0161958932876587,18.320175170898438,8.744538307189941,9.599863052368164,10.651551246643066,4.905627250671387,6.514305114746094,5.72299337387085,5.339458465576172,7.574401378631592,3.8007333278656006,0.8613744974136353,0.3030022084712982,0.10324431955814362,0.11314542591571808,0.21844786405563354,0.23469442129135132,0.14335300028324127,0.08359523117542267,0.07841183990240097,0.0765327587723732,0.093343585729599,0.3931850790977478,0.28948113322257996,0.15771055221557617,0.18131066858768463,0.1925574243068695,0.329693466424942,0.35526931285858154,0.2274339199066162,0.15984204411506653,0.17068533599376678,0.17085400223731995,0.18907971680164337,0.18533185124397278,589.0512947789816,609.2497575587297,1463.6853640563538,0.022978674231438515,0.0012627426767721772,670.0,680.0,675.0,724.32,734.32,729.32,1,chanting
P7,-10.386120796203613,-12.358113288879395,-15.565633773803711,-33.53611373901367,-25.944660186767578,-29.771284103393555,-42.216636657714844,-42.835426330566406,-47.46601867675781,-38.55253219604492,-39.489192962646484,-44.24873733520508,-45.905616760253906,-52.50438690185547,-56.4771842956543,-59.1423225402832,-59.36262893676758,-62.029945373535156,-63.52825164794922,-64.40119171142578,-64.89763641357422,-65.4105453491211,-65.0462417602539,-65.59517669677734,-65.62408447265625,-65.1688461303711,-60.908321380615234,-60.26926803588867,-63.49760818481445,-64.51617431640625,-65.49950408935547,-66.48397064208984,3.6474978923797607,3.860137701034546,9.299043655395508,3.6631648540496826,13.35759449005127,12.213178634643555,4.090287208557129,5.626396179199219,3.903958320617676,12.047489166259766,12.182764053344727,9.434426307678223,10.294363021850586,4.945099830627441,3.8046152591705322,2.9030332565307617,2.397552490234375,2.3694894313812256,2.1154837608337402,1.8482463359832764,1.8890132904052734,1.6649104356765747,2.0575923919677734,1.9053469896316528,1.5802350044250488,1.7593458890914917,6.094285011291504,6.289253234863281,3.6613175868988037,1.9444884061813354,1.4393175840377808,1.366849422454834,-286.1376953125,84.29850006103516,35.72572708129883,7.401874542236328,8.791109085083008,16.081523895263672,7.527965545654297,5.995983123779297,-4.7763471603393555,-1.502765417098999,18.405803680419922,10.233237266540527,7.818077087402344,11.25009822845459,7.021526336669922,7.236515998840332,5.472877025604248,5.17277717590332,8.093379020690918,5.592495441436768,0.8112576007843018,0.3328540623188019,0.14020207524299622,0.15030306577682495,0.25685417652130127,0.3389834463596344,0.25658345222473145,0.14948159456253052,0.132367342710495,0.12029872834682465,0.1211649626493454,0.31413036584854126,0.3241509795188904,0.17902880907058716,0.18965911865234375,0.1998373568058014,0.28767773509025574,0.3887498378753662,0.29552266001701355,0.20125073194503784,0.1829148828983307,0.171561598777771,0.1797315627336502,0.16077503561973572,577.5104410360569,635.0796091031033,1454.321092528952,0.024399334759280744,0.0008512896602042019,680.0,690.0,685.0,734.32,744.32,739.32,1,chanting
P7,-10.721196174621582,-12.051740646362305,-14.922769546508789,-34.24375915527344,-24.22842025756836,-28.82093620300293,-42.02252197265625,-43.19043731689453,-47.44557189941406,-40.83400344848633,-42.368412017822266,-42.58884811401367,-43.67164993286133,-52.241172790527344,-56.563941955566406,-58.31666564941406,-58.988136291503906,-61.75578689575195,-63.31736755371094,-64.1574935913086,-64.66983032226562,-65.23007202148438,-64.64102935791016,-65.6214599609375,-65.86715698242188,-65.19589233398438,-60.41081619262695,-59.13779830932617,-63.34696578979492,-63.89404296875,-65.03549194335938,-66.93830871582031,3.4552931785583496,3.2799174785614014,7.610157012939453,3.422227621078491,10.96136474609375,9.933250427246094,4.191627025604248,4.681132793426514,3.5330817699432373,8.9610595703125,8.931901931762695,9.941868782043457,10.348371505737305,4.98464822769165,3.3424766063690186,3.2233059406280518,2.665006399154663,2.503660202026367,2.42679762840271,2.0945746898651123,1.945908784866333,1.7379603385925293,2.3039376735687256,1.847364902496338,1.5762290954589844,1.7220269441604614,6.073617935180664,6.87621545791626,3.7786362171173096,2.9047653675079346,1.774263620376587,1.0433863401412964,-285.041748046875,83.87586975097656,35.732826232910156,7.943483829498291,9.872284889221191,16.35260581970215,5.92624568939209,4.477768421173096,-6.4769110679626465,-0.4984131455421448,14.973657608032227,6.911615371704102,7.987607479095459,11.054369926452637,6.2392897605896,7.2642388343811035,5.854058265686035,5.11159086227417,8.546853065490723,3.7701094150543213,0.8432737588882446,0.43457233905792236,0.11805393546819687,0.12811648845672607,0.22307908535003662,0.3327804505825043,0.2591469883918762,0.12977230548858643,0.09894575923681259,0.0874844640493393,0.08464515209197998,0.22741097211837769,0.3299027681350708,0.19764667749404907,0.1435975432395935,0.1655772626399994,0.2283696085214615,0.35044217109680176,0.2727658450603485,0.15724141895771027,0.12600472569465637,0.11223926395177841,0.0970788300037384,0.10925363749265671,599.2728491612849,657.1374030234919,1483.7548003878464,0.024738072795823667,0.0007847956148907542,690.0,700.0,695.0,744.32,754.32,749.32,1,chanting
P7,-11.077420234680176,-11.743898391723633,-15.306443214416504,-34.765621185302734,-27.012149810791016,-31.140031814575195,-43.01494216918945,-44.16685485839844,-47.934818267822266,-42.25533676147461,-43.96097946166992,-42.88969421386719,-43.97672653198242,-52.05394744873047,-56.194976806640625,-58.45285415649414,-58.650020599365234,-60.81938171386719,-62.00456619262695,-63.77360534667969,-64.57147216796875,-64.68553161621094,-64.41554260253906,-65.14657592773438,-65.10335540771484,-64.75322723388672,-61.004180908203125,-59.429298400878906,-62.84178161621094,-63.68792724609375,-64.71023559570312,-66.1579360961914,3.6324706077575684,5.016160488128662,9.531771659851074,3.5309624671936035,10.926812171936035,9.668373107910156,4.034325122833252,5.310932636260986,3.4119884967803955,10.205322265625,10.02457046508789,10.471019744873047,10.725708961486816,5.080440998077393,3.8723134994506836,3.241769313812256,3.143500328063965,3.7504148483276367,3.5328681468963623,2.6724982261657715,2.5521655082702637,2.6233623027801514,2.6535894870758057,2.5122718811035156,2.676809072494507,2.4471933841705322,5.4795451164245605,6.01854944229126,4.097013473510742,3.2583205699920654,2.701382637023926,2.2016775608062744,-285.9718933105469,80.78167724609375,34.60565185546875,9.29347038269043,11.743905067443848,16.830528259277344,6.829703330993652,4.914890766143799,-5.37119197845459,-0.4641640782356262,18.207073211669922,7.472667694091797,7.300848484039307,9.660584449768066,4.298071384429932,9.00536060333252,7.634731292724609,6.561021327972412,7.618495464324951,4.16829252243042,0.8180969953536987,0.3139462471008301,0.13246740400791168,0.15492023527622223,0.28097569942474365,0.4103018045425415,0.3015090227127075,0.14588262140750885,0.1239769458770752,0.11664949357509613,0.12285462021827698,0.3392857611179352,0.31118133664131165,0.15533478558063507,0.18234868347644806,0.20125500857830048,0.28764641284942627,0.41698208451271057,0.3164863884449005,0.20515143871307373,0.19416776299476624,0.18786971271038055,0.18695776164531708,0.1658736914396286,601.8178883453859,621.8898976761891,1518.507821180156,0.023310614849187936,0.0008860270027071238,700.0,710.0,705.0,754.32,764.32,759.32,4,viparita_swasa
P7,-14.305283546447754,-11.811793327331543,-15.584559440612793,-37.633277893066406,-31.652956008911133,-36.10338592529297,-46.61275100708008,-48.55194854736328,-51.310089111328125,-47.548362731933594,-48.961395263671875,-47.85137939453125,-49.013694763183594,-56.661094665527344,-60.1332893371582,-61.62924575805664,-61.74015808105469,-63.64067840576172,-64.58705139160156,-66.00100708007812,-67.2863998413086,-68.22551727294922,-68.48583984375,-68.87269592285156,-68.50818634033203,-68.08854675292969,-64.93561553955078,-63.934051513671875,-67.34138488769531,-67.94569396972656,-68.73133087158203,-69.81353759765625,3.374481201171875,3.974839448928833,10.728665351867676,3.9388532638549805,11.218901634216309,10.245725631713867,4.583585739135742,3.803089141845703,4.291080951690674,8.770991325378418,8.767909049987793,9.379858016967773,9.227425575256348,4.483120441436768,3.6958742141723633,3.6632018089294434,3.7052788734436035,3.939785957336426,3.8035287857055664,3.4809281826019287,3.066437244415283,2.8437724113464355,2.992948055267334,2.7983455657958984,2.856520414352417,2.9507405757904053,5.550114154815674,5.553855895996094,4.099817752838135,2.753326892852783,2.4320623874664307,2.0974507331848145,-306.4427795410156,81.77629852294922,35.54103088378906,13.603903770446777,14.20317268371582,16.46957778930664,7.17519474029541,6.039740562438965,-4.390174388885498,-1.1866477727890015,18.322853088378906,8.482749938964844,8.398323059082031,7.654750347137451,4.739846706390381,6.974812984466553,6.439158916473389,6.483231067657471,7.7147722244262695,4.58644437789917,0.8001611828804016,0.31550127267837524,0.0649481937289238,0.07152941077947617,0.15786530077457428,0.3069141209125519,0.23860472440719604,0.08361945301294327,0.06175187975168228,0.05694541707634926,0.06171605363488197,0.27380821108818054,0.36574578285217285,0.1609915792942047,0.0827295184135437,0.09468259662389755,0.1910746991634369,0.39042770862579346,0.3104023039340973,0.12287772446870804,0.09620620310306549,0.0870296061038971,0.08033262193202972,0.14219827950000763,542.7143049586132,512.0505773274361,1408.5056277146575,0.021939802059164733,0.0010590276215225458,710.0,720.0,715.0,764.32,774.32,769.32,4,viparita_swasa
P7,-9.751111030578613,-12.781399726867676,-17.15504264831543,-34.4583854675293,-28.152515411376953,-32.402774810791016,-42.15781784057617,-43.827186584472656,-47.79613494873047,-44.686363220214844,-46.58942413330078,-44.657745361328125,-45.97370910644531,-53.739105224609375,-56.9894905090332,-58.93617630004883,-58.86924362182617,-61.22566223144531,-62.53740310668945,-63.48188400268555,-64.29059600830078,-64.65252685546875,-64.44113159179688,-65.4454116821289,-65.22173309326172,-64.63325500488281,-59.04930114746094,-57.77503204345703,-64.00170135498047,-63.68737030029297,-65.13624572753906,-66.3602294921875,3.575984239578247,4.680502414703369,8.575778007507324,3.4815118312835693,9.015426635742188,7.305206775665283,3.5396523475646973,4.034649848937988,3.342336893081665,8.438993453979492,8.3993558883667,9.3483304977417,9.82069206237793,3.607495069503784,3.0604000091552734,2.996049404144287,2.8936104774475098,3.2098569869995117,3.025683641433716,2.8894119262695312,2.662144184112549,2.426145553588867,2.575045108795166,2.0065526962280273,2.075562000274658,2.4539074897766113,6.815799713134766,6.630882263183594,2.764566421508789,2.686756134033203,1.7794703245162964,1.5855900049209595,-288.298583984375,78.69430541992188,36.206905364990234,11.493946075439453,11.208304405212402,16.09839630126953,5.183217525482178,6.259299278259277,-4.269474029541016,1.3720983266830444,16.494733810424805,6.057039737701416,7.416777610778809,7.253687381744385,4.836724758148193,6.304072856903076,5.607063293457031,5.220633506774902,7.743170261383057,4.076534748077393,0.8040958642959595,0.49518364667892456,0.2124738246202469,0.2287488430738449,0.333601713180542,0.5424076914787292,0.4266003668308258,0.2168600857257843,0.17239606380462646,0.16488875448703766,0.15725117921829224,0.2774379849433899,0.30310219526290894,0.20759695768356323,0.1926063597202301,0.21288391947746277,0.24554333090782166,0.3776724338531494,0.2972584068775177,0.20963154733181,0.20014654099941254,0.20346306264400482,0.185666024684906,0.16834868490695953,594.0792610446995,582.9202957330336,1549.200283477866,0.020157745432134572,0.0007811986724846065,720.0,730.0,725.0,774.32,784.32,779.32,4,viparita_swasa
P7,-9.848428726196289,-7.7517876625061035,-9.202601432800293,-33.39631652832031,-24.314390182495117,-29.25185775756836,-41.05287551879883,-42.37013244628906,-47.16172790527344,-42.06947326660156,-43.78487014770508,-44.13982391357422,-45.37239456176758,-52.89142608642578,-56.3443489074707,-58.1198616027832,-58.341312408447266,-61.15095138549805,-62.536869049072266,-63.23676300048828,-63.91859817504883,-64.296142578125,-63.960182189941406,-64.72101593017578,-64.75605010986328,-63.72069549560547,-58.069725036621094,-56.63263702392578,-62.460121154785156,-62.64151382446289,-64.36290740966797,-66.06236267089844,3.5602076053619385,5.130976676940918,9.83096981048584,3.2382328510284424,10.405905723571777,9.516093254089355,4.327513694763184,5.306178092956543,3.2555344104766846,10.258736610412598,10.186718940734863,9.874897956848145,10.179953575134277,4.961798191070557,3.4664201736450195,3.071240186691284,2.862793445587158,2.611027240753174,2.277449369430542,1.93514084815979,2.095385789871216,2.0725958347320557,2.4098753929138184,2.1472415924072266,1.9783073663711548,2.6197659969329834,7.2054829597473145,7.1805620193481445,3.7544822692871094,3.568552255630493,2.1086905002593994,1.5913649797439575,-280.7107849121094,83.24646759033203,39.9733772277832,12.127584457397461,11.311854362487793,16.914592742919922,4.733136177062988,5.978487491607666,-5.833671569824219,-0.03673098608851433,18.84410858154297,8.422672271728516,7.313954830169678,10.315112113952637,6.506441593170166,7.161196708679199,5.031882286071777,4.518044948577881,8.887615203857422,4.073969841003418,0.8912304639816284,0.4738500416278839,0.10990716516971588,0.1056285947561264,0.14257128536701202,0.23055070638656616,0.1964970976114273,0.11029454320669174,0.09117370843887329,0.08952439576387405,0.09352334588766098,0.26647135615348816,0.26250529289245605,0.19800515472888947,0.18997779488563538,0.20431993901729584,0.2257741391658783,0.33106285333633423,0.2855287790298462,0.19569306075572968,0.17804282903671265,0.1843634396791458,0.18117299675941467,0.16008450090885162,552.382920255561,525.0404446418213,1425.7398546556003,0.021782328523781903,0.0010910040000453591,730.0,740.0,735.0,784.32,794.32,789.32,4,viparita_swasa
P7,-19.10323715209961,-16.305286407470703,-19.064300537109375,-43.119693756103516,-39.81199645996094,-43.176631927490234,-50.22629928588867,-50.57207107543945,-55.46010971069336,-51.3810920715332,-52.525917053222656,-51.825233459472656,-52.44475173950195,-61.35060119628906,-65.38078308105469,-67.0658187866211,-67.46996307373047,-69.99430084228516,-71.41947937011719,-72.40303039550781,-72.98942565917969,-73.60546875,-73.08003997802734,-74.28162384033203,-74.29291534423828,-73.0757064819336,-67.44366455078125,-66.15721130371094,-71.88917541503906,-71.96005249023438,-73.52676391601562,-75.3730697631836,3.380511522293091,6.8227105140686035,12.41685962677002,3.403225898742676,9.111042976379395,7.757472515106201,4.07047700881958,6.151545524597168,3.8962156772613525,10.724578857421875,10.665771484375,9.404548645019531,9.527647018432617,4.750541687011719,3.2621049880981445,2.8822438716888428,2.7104711532592773,2.7951595783233643,2.4682528972625732,2.089362859725952,2.1924219131469727,2.0156965255737305,2.5391685962677,1.7040876150131226,1.5843852758407593,2.6450562477111816,7.647940158843994,7.3321709632873535,3.569200038909912,3.6189463138580322,2.2201344966888428,1.2924633026123047,-333.7147521972656,81.77008056640625,36.98809051513672,10.427454948425293,12.321525573730469,19.367900848388672,8.078059196472168,8.557615280151367,-4.186224460601807,1.1736022233963013,19.053728103637695,9.391902923583984,8.16890811920166,8.346610069274902,6.296471118927002,6.962258815765381,4.374430179595947,5.452719211578369,8.322205543518066,3.9939732551574707,0.7974856495857239,0.23197752237319946,0.11580875515937805,0.14494012296199799,0.2942982614040375,0.3343682587146759,0.2224408984184265,0.12963421642780304,0.10656493902206421,0.0901806578040123,0.10986824333667755,0.5146243572235107,0.33910277485847473,0.13252075016498566,0.1859009563922882,0.2110973298549652,0.34985020756721497,0.3872045576572418,0.28542447090148926,0.2244635373353958,0.19840997457504272,0.16730663180351257,0.16039502620697021,0.2462611347436905,538.0715741811848,451.7725968858759,1410.5736260943152,0.02081822795823666,0.0013138146605342627,740.0,750.0,745.0,794.32,804.32,799.32,4,viparita_swasa
P7,-9.719285011291504,-17.18805694580078,-30.61189842224121,-36.64666748046875,-42.088130950927734,-43.49538803100586,-43.7190055847168,-46.70918273925781,-46.84846115112305,-46.08147048950195,-48.8013801574707,-51.16919708251953,-52.124454498291016,-52.47273635864258,-55.052669525146484,-56.76277160644531,-56.58861541748047,-59.708518981933594,-61.00495910644531,-61.703224182128906,-64.61544799804688,-65.74636840820312,-65.74017333984375,-65.02144622802734,-63.53794860839844,-63.2802619934082,-63.726749420166016,-63.859249114990234,-64.27840423583984,-64.75989532470703,-65.7492904663086,-66.95231628417969,3.402611255645752,4.440755844116211,3.039670467376709,3.3868026733398438,3.8636434078216553,3.6799590587615967,3.5011959075927734,3.2650327682495117,3.8665659427642822,4.606523513793945,4.8741774559021,3.9038138389587402,3.702284336090088,4.015812873840332,4.362974166870117,4.381199359893799,4.525877475738525,4.571627616882324,4.457230091094971,3.9790594577789307,2.4357752799987793,2.2122020721435547,2.3086678981781006,2.90926194190979,3.7411553859710693,3.891141891479492,3.836238384246826,3.683281898498535,3.6052358150482178,3.1994924545288086,2.3173563480377197,1.6893576383590698,-299.771484375,68.47647857666016,26.0378475189209,12.1793212890625,14.394941329956055,15.512350082397461,7.704195976257324,10.985160827636719,6.9718546867370605,4.40610408782959,14.258695602416992,4.93769645690918,5.083205699920654,3.488420009613037,3.0548436641693115,3.58615779876709,3.771941661834717,3.3975417613983154,2.9503843784332275,3.4014816284179688,0.3089736998081207,0.31094998121261597,0.36862891912460327,0.4304543435573578,0.6446515321731567,0.9078637957572937,0.7055156826972961,0.4157012104988098,0.34684640169143677,0.3244037330150604,0.317512571811676,0.3088291585445404,0.2601783573627472,0.22248709201812744,0.2517615854740143,0.2500791847705841,0.19354982674121857,0.18154601752758026,0.17510683834552765,0.26051822304725647,0.2632628381252289,0.27112293243408203,0.26850929856300354,0.2610991299152374,553.9600171795435,521.8429388413573,1560.101224383238,0.013369389863689095,0.000811769743449986,750.0,760.0,755.0,804.32,814.32,809.32,4,viparita_swasa
P7,-10.6730375289917,-14.41385555267334,-32.17278289794922,-37.06937026977539,-42.85848617553711,-45.187591552734375,-46.414371490478516,-49.062171936035156,-48.99872970581055,-48.50382614135742,-50.41780471801758,-53.374412536621094,-54.05880355834961,-53.822265625,-57.13827133178711,-58.90176773071289,-58.98374938964844,-61.71731948852539,-62.85939407348633,-63.78633499145508,-66.3855972290039,-67.57843017578125,-67.67906188964844,-67.07145690917969,-65.11213684082031,-64.6771011352539,-65.59933471679688,-65.96289825439453,-66.58686065673828,-66.85782623291016,-67.61961364746094,-68.63478088378906,3.0350582599639893,3.2009871006011963,2.955789089202881,3.3056130409240723,3.412936210632324,3.137153148651123,3.3375062942504883,3.090928077697754,3.2992031574249268,3.7506494522094727,3.9289896488189697,3.083629846572876,3.0599026679992676,3.452056407928467,3.1354317665100098,3.109112024307251,3.1142632961273193,3.1105141639709473,2.7733099460601807,3.051234245300293,2.098306894302368,1.8583623170852661,1.7052949666976929,2.010359048843384,3.103001594543457,3.251760721206665,2.6640126705169678,2.3573198318481445,2.130032777786255,2.0446572303771973,1.5941996574401855,1.3002177476882935,-309.3909606933594,70.25200653076172,28.041282653808594,14.122897148132324,15.749428749084473,16.89019012451172,8.502527236938477,10.753715515136719,6.792794227600098,3.8160035610198975,8.760601043701172,3.877324104309082,4.2606306076049805,3.063706398010254,2.9760379791259766,2.9775710105895996,3.28469181060791,3.176203727722168,2.7399535179138184,2.80777645111084,0.18092267215251923,0.18288956582546234,0.22165556252002716,0.2690114378929138,0.4560760259628296,0.9579665064811707,0.7815645933151245,0.30262669920921326,0.20936164259910583,0.1999548077583313,0.19199274480342865,0.18779653310775757,0.1922757625579834,0.1604064553976059,0.18309734761714935,0.19161339104175568,0.1565716713666916,0.10943577438592911,0.15595796704292297,0.18557396531105042,0.18754339218139648,0.20327912271022797,0.19507786631584167,0.19526119530200958,496.3708975125073,354.64835819678075,1474.1736744199752,0.013362592444895592,0.000842559733428061,760.0,770.0,765.0,814.32,824.32,819.32,4,viparita_swasa
P7,-12.488722801208496,-18.710329055786133,-30.59842300415039,-36.07952117919922,-40.5413932800293,-44.05724334716797,-45.24493408203125,-47.21369171142578,-47.911006927490234,-47.35858154296875,-49.03849792480469,-51.672691345214844,-52.14082336425781,-52.999961853027344,-55.7056884765625,-56.96098327636719,-56.90761947631836,-58.851234436035156,-60.327022552490234,-61.86589050292969,-64.00588989257812,-64.78231048583984,-65.27487182617188,-65.06549835205078,-63.27392578125,-63.01792526245117,-63.63897705078125,-63.629241943359375,-63.783878326416016,-64.17265319824219,-65.25788879394531,-66.53165435791016,3.366025447845459,4.591222763061523,4.988404273986816,5.562263011932373,5.727543830871582,5.717286586761475,5.795193672180176,5.826173782348633,5.247881889343262,6.312099456787109,6.892959117889404,7.072261810302734,6.426657199859619,6.035013198852539,6.452416896820068,7.0325140953063965,6.757416248321533,6.885006427764893,6.400636672973633,6.660824775695801,6.1922287940979,6.106379508972168,5.355880260467529,4.537357807159424,5.330505847930908,5.36043643951416,5.342261791229248,5.75867223739624,5.760652542114258,5.452067852020264,4.873804569244385,4.892381191253662,-300.36285400390625,65.8980712890625,25.737524032592773,12.703896522521973,14.302559852600098,14.183435440063477,6.889859199523926,9.580375671386719,4.986307621002197,2.8687222003936768,28.343664169311523,5.835043907165527,6.311583042144775,4.276394367218018,4.011715888977051,3.659806489944458,4.211082458496094,3.14871883392334,3.824111223220825,3.0292534828186035,0.3533599078655243,0.3209684491157532,0.3540724217891693,0.41461315751075745,0.5817691683769226,0.8608425855636597,0.7026158571243286,0.42115989327430725,0.36598947644233704,0.357965350151062,0.36298495531082153,0.36582666635513306,0.2870386242866516,0.23746447265148163,0.25356197357177734,0.2596837878227234,0.19455817341804504,0.2275848537683487,0.2087535858154297,0.24519972503185272,0.26035767793655396,0.2717685103416443,0.2681417167186737,0.2841881811618805,680.816278218462,735.7760613036543,1728.960335016853,0.01693463602088167,0.0007308676140382886,770.0,780.0,775.0,824.32,834.32,829.32,4,viparita_swasa
P7,-10.900179862976074,-16.151792526245117,-31.709199905395508,-36.31053161621094,-40.7979621887207,-44.02620315551758,-44.87693786621094,-47.5422248840332,-48.31214141845703,-48.06782913208008,-49.532073974609375,-52.134735107421875,-53.27280807495117,-54.36015319824219,-57.26815414428711,-58.07749938964844,-58.20630645751953,-61.3812370300293,-62.29337692260742,-63.11631774902344,-65.67850494384766,-66.48057556152344,-66.72814178466797,-66.1281509399414,-64.37145233154297,-63.922550201416016,-64.73741912841797,-65.13345336914062,-65.74946594238281,-66.17330169677734,-67.07360076904297,-67.92700958251953,3.6382675170898438,3.272301197052002,3.3585424423217773,3.3317275047302246,3.889392852783203,3.642385244369507,3.2881996631622314,2.9280285835266113,3.2958791255950928,4.002291679382324,3.736262798309326,2.784348487854004,3.025172472000122,3.699629306793213,2.9832963943481445,3.231901168823242,3.2362029552459717,2.8877084255218506,2.6720800399780273,2.922407388687134,2.1428287029266357,2.0326836109161377,1.9141889810562134,2.264822006225586,3.029224395751953,3.145503044128418,2.8991189002990723,2.7138781547546387,2.6643261909484863,2.452143430709839,1.951056718826294,2.1298940181732178,-305.54815673828125,69.86174774169922,27.937318801879883,13.518749237060547,13.856254577636719,15.428094863891602,7.584985733032227,10.05943775177002,6.112019062042236,3.3442256450653076,9.36430549621582,4.590374946594238,3.899397373199463,3.3161792755126953,3.1703481674194336,3.0443379878997803,3.572950601577759,2.8900372982025146,2.843766450881958,2.972661256790161,0.2732764184474945,0.2686311602592468,0.3094504773616791,0.35870835185050964,0.5627486705780029,0.9434012770652771,0.7264478802680969,0.3390166163444519,0.2639252841472626,0.24931572377681732,0.25127846002578735,0.266299307346344,0.2512492537498474,0.213361918926239,0.23922879993915558,0.23391322791576385,0.17463482916355133,0.14196458458900452,0.1786520630121231,0.20545195043087006,0.19567659497261047,0.20281948149204254,0.21299955248832703,0.23843778669834137,537.8246138271887,456.96854381162996,1536.576892972179,0.013454357598607889,0.0007865874795243144,780.0,790.0,785.0,834.32,844.32,839.32,4,viparita_swasa
P7,-10.813910484313965,-15.030634880065918,-31.342506408691406,-34.95991897583008,-39.36109161376953,-42.541908264160156,-43.9476432800293,-46.40333557128906,-46.42814636230469,-45.919490814208984,-47.42844772338867,-49.92848205566406,-50.49399948120117,-50.35911178588867,-52.89238357543945,-54.090606689453125,-55.107975006103516,-58.27704620361328,-60.14183807373047,-61.02386474609375,-63.695186614990234,-63.8681526184082,-64.74976348876953,-64.45448303222656,-62.5609245300293,-61.93851852416992,-61.89870071411133,-62.03523254394531,-63.91352462768555,-65.08009338378906,-66.6362533569336,-67.78174591064453,3.5825448036193848,3.1813454627990723,3.072479724884033,3.5485992431640625,4.114088535308838,4.346895217895508,4.033060073852539,3.9643216133117676,4.122292995452881,4.354866981506348,5.124016761779785,5.228280544281006,5.7005391120910645,6.303732395172119,6.352806568145752,6.269582271575928,5.554466247558594,5.362092971801758,4.422597885131836,4.338353157043457,4.426363468170166,5.9043426513671875,4.761424541473389,3.9372682571411133,4.106448650360107,4.562918186187744,5.157571315765381,4.796492576599121,3.6288654804229736,2.8570237159729004,2.122650384902954,2.210857391357422,-294.3517761230469,68.97035217285156,23.36082649230957,12.93083667755127,14.239526748657227,17.29177474975586,5.389997482299805,10.01921558380127,5.373833656311035,4.310330867767334,18.76970863342285,5.0663676261901855,8.584979057312012,3.940993070602417,3.430612802505493,4.292116641998291,4.1995062828063965,3.4525554180145264,3.228457450866699,3.894817590713501,0.2399364709854126,0.2187645137310028,0.24603188037872314,0.2887851595878601,0.4622117280960083,0.9302353858947754,0.7911463975906372,0.36572152376174927,0.2827264964580536,0.2778034210205078,0.27128884196281433,0.26117047667503357,0.22283153235912323,0.1742602288722992,0.2015797197818756,0.21288299560546875,0.17542003095149994,0.14856284856796265,0.16858048737049103,0.2081403136253357,0.2228974550962448,0.24431262910366058,0.2380773276090622,0.2351449728012085,615.9616225347344,674.3239967009861,1603.496162262028,0.014476236223897912,0.0008027784642763436,790.0,800.0,795.0,844.32,854.32,849.32,4,viparita_swasa
P7,-10.307165145874023,-17.3146915435791,-28.741514205932617,-31.84455680847168,-36.41236114501953,-39.99650955200195,-41.31162643432617,-43.960174560546875,-44.06262969970703,-43.17750930786133,-44.78529357910156,-48.14548873901367,-49.10251235961914,-48.45448303222656,-51.417179107666016,-52.583534240722656,-52.9887580871582,-56.48355484008789,-57.11125946044922,-58.153141021728516,-61.92788314819336,-63.67819595336914,-63.45573425292969,-61.992034912109375,-59.25595474243164,-58.646453857421875,-59.3704948425293,-58.9256706237793,-60.244266510009766,-61.997066497802734,-64.0433120727539,-65.4001693725586,3.425431966781616,4.104676723480225,2.9477248191833496,3.7674272060394287,4.418622970581055,4.083990097045898,3.728639602661133,3.568247079849243,3.844477891921997,4.8065690994262695,4.958851337432861,3.984553098678589,3.7153048515319824,4.37999963760376,3.8804564476013184,4.660793304443359,4.645782470703125,3.500617504119873,3.725524425506592,3.9210665225982666,2.45678973197937,1.7822147607803345,2.074557304382324,3.1322860717773438,4.578774929046631,4.78117036819458,4.3339104652404785,5.066015243530273,4.4085588455200195,3.2591118812561035,1.8329819440841675,1.3440308570861816,-282.0102844238281,67.02902221679688,23.943359375,11.003128051757812,12.363005638122559,15.820711135864258,2.9222986698150635,10.396794319152832,4.073645114898682,2.293869733810425,14.547730445861816,5.056628227233887,4.437195301055908,4.181997299194336,3.2747416496276855,3.710266351699829,5.198634624481201,3.241276741027832,3.295957088470459,3.243499994277954,0.38871902227401733,0.36526602506637573,0.3956643044948578,0.4307480454444885,0.5312783718109131,0.8523551821708679,0.7548398971557617,0.48284924030303955,0.41384679079055786,0.41651126742362976,0.3958728611469269,0.39607366919517517,0.2922961711883545,0.2544611692428589,0.26086705923080444,0.26546236872673035,0.21199418604373932,0.21829359233379364,0.20187141001224518,0.24231958389282227,0.24805930256843567,0.2780423164367676,0.2504025101661682,0.2663846015930176,714.6948683418844,917.0596518815255,1750.5091423182814,0.016118945765661252,0.0006489128572866321,800.0,810.0,805.0,854.32,864.32,859.32,4,viparita_swasa
P7,-9.885814666748047,-15.49119758605957,-29.863330841064453,-33.91117858886719,-38.559696197509766,-41.210487365722656,-42.95045471191406,-45.649112701416016,-45.21488952636719,-44.20163345336914,-46.35670852661133,-49.532501220703125,-50.5991325378418,-50.869415283203125,-53.60081100463867,-54.20903396606445,-54.86552047729492,-58.605369567871094,-59.51926803588867,-59.700286865234375,-63.424339294433594,-65.1551742553711,-64.97553253173828,-63.51265335083008,-61.02429962158203,-60.549957275390625,-61.21007537841797,-60.79956817626953,-61.56254577636719,-63.12175369262695,-65.16009521484375,-66.72257232666016,3.469593048095703,4.018224716186523,2.9560649394989014,3.646388053894043,4.405210018157959,4.269584655761719,3.896754503250122,3.5772745609283447,3.803269863128662,4.736359596252441,4.624033451080322,3.9954986572265625,3.745063304901123,4.2552924156188965,3.821967124938965,4.347656726837158,4.40327787399292,3.46560001373291,3.5405969619750977,4.03048849105835,2.5197813510894775,1.9540494680404663,2.1926896572113037,3.0213632583618164,4.193560600280762,4.395554542541504,4.10087776184082,4.687668800354004,4.346977710723877,3.311321496963501,1.9433376789093018,1.4711905717849731,-290.2698974609375,68.2961654663086,26.019010543823242,11.738912582397461,13.192340850830078,16.60635757446289,4.94486141204834,11.432096481323242,5.053885459899902,3.1787936687469482,14.414278984069824,5.130360126495361,4.22847843170166,3.957811117172241,3.484049081802368,3.8406999111175537,4.310663223266602,3.1150906085968018,3.066192150115967,2.982135772705078,0.27330437302589417,0.2572022080421448,0.2897345721721649,0.3369070887565613,0.5432496666908264,0.9376404881477356,0.7496091723442078,0.3719615638256073,0.2985934317111969,0.2838381826877594,0.2830908000469208,0.283731609582901,0.24739055335521698,0.19569538533687592,0.21371185779571533,0.2147693634033203,0.17327992618083954,0.16039669513702393,0.1796504110097885,0.22402448952198029,0.21977736055850983,0.23473089933395386,0.2495822310447693,0.2568429112434387,591.8002065169828,613.5963670062355,1601.5552840732057,0.012762153784802784,0.0009240041836164892,810.0,820.0,815.0,864.32,874.32,869.32,4,viparita_swasa
P7,-10.441378593444824,-17.12250328063965,-30.47866439819336,-34.45452880859375,-38.15190505981445,-40.89117431640625,-42.37482452392578,-45.36831283569336,-44.182777404785156,-43.01863479614258,-45.3386116027832,-48.965702056884766,-49.830387115478516,-49.532318115234375,-52.15168762207031,-52.40555191040039,-53.260372161865234,-57.688533782958984,-58.0599250793457,-58.40022277832031,-63.12085723876953,-64.70629119873047,-64.35335540771484,-62.35451889038086,-59.03889465332031,-58.66316604614258,-60.2230339050293,-59.78520965576172,-59.88046646118164,-62.13353729248047,-64.67196655273438,-66.39059448242188,3.6723644733428955,4.1309590339660645,2.93092679977417,3.677398920059204,4.3043437004089355,4.242175579071045,3.728478193283081,3.3139946460723877,4.574276924133301,5.4660844802856445,5.118991851806641,3.88881516456604,4.2164812088012695,4.500831127166748,4.143354415893555,4.5576863288879395,4.4762468338012695,3.694298505783081,4.010989665985107,4.567473411560059,2.6951680183410645,2.0888795852661133,2.4103894233703613,3.516738176345825,4.966280460357666,5.0699238777160645,4.242537975311279,4.724354267120361,4.694190979003906,3.3685827255249023,2.2547740936279297,1.68191397190094,-285.9256896972656,65.91187286376953,23.679887771606445,10.550600051879883,12.347307205200195,16.943538665771484,3.3553528785705566,11.782469749450684,5.5052409172058105,2.8858962059020996,15.748483657836914,5.404340744018555,4.850371360778809,4.1708784103393555,3.69559645652771,3.5443921089172363,4.753871917724609,3.2779314517974854,3.2817156314849854,3.361797571182251,0.3030102252960205,0.3074548542499542,0.36624830961227417,0.4166339337825775,0.6044310927391052,0.9078797698020935,0.718923807144165,0.3969431221485138,0.32787200808525085,0.31015899777412415,0.30186790227890015,0.3011830151081085,0.2688526213169098,0.22950533032417297,0.27259528636932373,0.2643311619758606,0.187379390001297,0.1743457019329071,0.1832389086484909,0.2328050285577774,0.24646015465259552,0.2585819363594055,0.24772222340106964,0.2597774267196655,700.4249983243992,893.2782024905742,1734.8294803361787,0.015378027117169374,0.000796582899056375,820.0,830.0,825.0,874.32,884.32,879.32,4,viparita_swasa
P7,-10.377307891845703,-16.53557586669922,-30.388290405273438,-34.14288330078125,-38.10851287841797,-41.172210693359375,-43.23933792114258,-46.71866226196289,-45.07718276977539,-43.78507995605469,-45.73993682861328,-49.01329040527344,-49.949581146240234,-49.89134979248047,-53.13993453979492,-53.40846633911133,-53.540321350097656,-58.42578887939453,-59.20363235473633,-59.519287109375,-63.76744842529297,-64.99800109863281,-64.47418212890625,-62.782318115234375,-59.29865264892578,-59.082942962646484,-60.82990646362305,-60.37550354003906,-60.2453498840332,-62.455020904541016,-64.9089126586914,-66.36019897460938,3.304572582244873,3.650519371032715,2.985780715942383,3.667227029800415,4.215464115142822,3.82460355758667,3.3215231895446777,3.2152907848358154,4.380897045135498,5.10917854309082,4.98223352432251,3.9501419067382812,3.867832899093628,4.720489978790283,4.409778118133545,4.465199947357178,4.710620880126953,3.7367513179779053,3.814795732498169,4.403820514678955,2.724153995513916,2.4301860332489014,2.54494047164917,3.393141031265259,4.921454429626465,5.039924144744873,4.003360271453857,4.516751766204834,4.699220180511475,3.3704068660736084,2.1852550506591797,1.8373476266860962,-288.3148498535156,66.29414367675781,24.99299430847168,10.977715492248535,12.916685104370117,17.813453674316406,4.019160747528076,10.909753799438477,5.1162028312683105,2.2582902908325195,15.153483390808105,5.442733287811279,5.1181111335754395,3.857297420501709,3.384425401687622,3.5468790531158447,4.561212062835693,3.2914109230041504,3.0399718284606934,3.3522469997406006,0.2942255139350891,0.28424108028411865,0.32053616642951965,0.36305123567581177,0.544542133808136,0.8960668444633484,0.7553383111953735,0.4465844929218292,0.38173848390579224,0.3497367203235626,0.3026643395423889,0.2950942814350128,0.26068130135536194,0.2200249433517456,0.24382275342941284,0.24288319051265717,0.18937812745571136,0.1923266053199768,0.18147237598896027,0.25668421387672424,0.2642516493797302,0.272646963596344,0.24208326637744904,0.25122684240341187,694.7930883713847,850.8363090922273,1736.1731465960731,0.015510576783642692,0.0007313073147088289,830.0,840.0,835.0,884.32,894.32,889.32,4,viparita_swasa
P7,-9.380895614624023,-18.277429580688477,-29.14352798461914,-33.0300178527832,-37.17612075805664,-40.244083404541016,-41.71532440185547,-44.37807083129883,-42.700252532958984,-41.38976287841797,-44.403717041015625,-48.25617980957031,-48.984500885009766,-48.413211822509766,-51.545799255371094,-51.45088577270508,-51.84439468383789,-56.5655632019043,-57.26082992553711,-57.743255615234375,-62.42186737060547,-63.698158264160156,-63.18169021606445,-60.71562957763672,-57.44761276245117,-57.57666015625,-60.13755416870117,-59.19179153442383,-58.845558166503906,-61.63569641113281,-64.3821792602539,-65.87443542480469,3.795943260192871,3.734483003616333,2.9570224285125732,3.8247578144073486,4.329089641571045,4.10499906539917,3.9113242626190186,3.5907511711120605,4.238717555999756,5.049806118011475,5.089410781860352,3.912220001220703,4.168068885803223,5.091980457305908,4.396392345428467,5.171242713928223,4.894523620605469,3.846195936203003,3.9575092792510986,4.532869815826416,2.9162650108337402,2.3516643047332764,2.606724739074707,3.988548755645752,5.339001655578613,5.323775768280029,3.991769790649414,4.9799113273620605,5.27358865737915,3.603929042816162,2.0711965560913086,1.6491347551345825,-280.900390625,66.03929901123047,22.82091522216797,10.623160362243652,11.348698616027832,16.931777954101562,3.1478753089904785,11.478857040405273,6.0339674949646,2.2586398124694824,16.27552032470703,5.449924945831299,4.939460754394531,3.9119887351989746,3.3236780166625977,4.126376628875732,4.781580924987793,3.421841621398926,3.448765277862549,3.291015386581421,0.4078187644481659,0.3974238336086273,0.4643023908138275,0.5212007761001587,0.611709713935852,0.8329576253890991,0.7097615599632263,0.49167943000793457,0.40641745924949646,0.38911017775535583,0.39246347546577454,0.41433587670326233,0.2881696820259094,0.2333775758743286,0.2527928948402405,0.2636790871620178,0.2113794982433319,0.23390541970729828,0.202973410487175,0.23871548473834991,0.25096702575683594,0.28218144178390503,0.2721005976200104,0.28770217299461365,699.5210240249183,933.3969080807715,1724.8656058241863,0.014691487819025522,0.0007965962868183851,840.0,850.0,845.0,894.32,904.32,899.32,4,viparita_swasa
P7,-8.920598030090332,-14.950861930847168,-28.271995544433594,-32.30863571166992,-36.21711349487305,-39.79920959472656,-41.049373626708984,-43.91298294067383,-42.78459930419922,-41.46966552734375,-43.6197509765625,-46.88162612915039,-47.603878021240234,-47.610939025878906,-51.383750915527344,-51.55650329589844,-51.96969223022461,-56.429141998291016,-57.47954559326172,-57.920467376708984,-61.890159606933594,-62.898338317871094,-62.390750885009766,-60.81291961669922,-57.82649230957031,-57.78727722167969,-60.127174377441406,-59.23570251464844,-58.427520751953125,-60.57093048095703,-63.313846588134766,-64.78425598144531,3.0841689109802246,4.329348564147949,3.182325839996338,3.7666893005371094,4.324354648590088,4.099069595336914,4.012101173400879,3.560596466064453,4.27559757232666,5.4843010902404785,5.396895885467529,3.7858471870422363,3.9817426204681396,5.1055707931518555,4.561840057373047,4.790482521057129,4.692891597747803,4.009859561920166,3.890488862991333,4.140430450439453,2.7403388023376465,2.126518487930298,2.464108943939209,3.40903377532959,4.99976921081543,4.865436553955078,3.759920358657837,4.475474834442139,4.730193138122559,3.473168134689331,2.03010630607605,1.7376643419265747,-277.9293212890625,67.27214050292969,24.227825164794922,10.33004093170166,12.472244262695312,17.33016586303711,4.793705940246582,10.528879165649414,5.248391151428223,2.6339352130889893,15.638623237609863,5.347411632537842,5.2486724853515625,4.0957441329956055,3.4558682441711426,3.8255226612091064,4.8414483070373535,3.3477985858917236,3.0824267864227295,3.430906057357788,0.349365234375,0.31265565752983093,0.33034154772758484,0.36560744047164917,0.525770366191864,0.8800570964813232,0.7338962554931641,0.43439093232154846,0.3842432498931885,0.38313448429107666,0.37584975361824036,0.3665250241756439,0.27022305130958557,0.2331344038248062,0.2502802312374115,0.24718305468559265,0.19967813789844513,0.2069234699010849,0.18929561972618103,0.2409515678882599,0.2605651021003723,0.2780073285102844,0.25073903799057007,0.25310561060905457,658.6545750100772,761.4560297636311,1687.194612574733,0.015097067140371229,0.0007486149552278221,850.0,860.0,855.0,904.32,914.32,909.32,4,viparita_swasa
P7,-8.843207359313965,-13.514431953430176,-28.918245315551758,-32.61991882324219,-36.38473892211914,-40.03028106689453,-41.080039978027344,-43.76319885253906,-42.95381546020508,-41.70941925048828,-43.49372482299805,-46.89907455444336,-48.65711975097656,-48.54336166381836,-51.329734802246094,-51.52070999145508,-52.163612365722656,-56.50050354003906,-57.1063117980957,-57.859500885009766,-62.090431213378906,-63.4536018371582,-62.762351989746094,-60.8635139465332,-57.6754150390625,-57.51493453979492,-59.45619583129883,-59.0355224609375,-58.59568786621094,-60.705101013183594,-63.5518913269043,-65.2453842163086,3.3438122272491455,4.184715747833252,2.918154239654541,3.6549530029296875,4.6545538902282715,4.041370868682861,3.7486605644226074,3.3453898429870605,4.398234844207764,5.510765552520752,5.544506549835205,4.11375617980957,3.9795453548431396,4.882652282714844,4.620515823364258,5.00375509262085,4.863234996795654,3.806100368499756,3.9927711486816406,4.577486991882324,2.8346357345581055,2.2490830421447754,2.6433753967285156,3.964470624923706,5.289219856262207,5.126974582672119,4.207193851470947,4.8819098472595215,5.167322635650635,3.8413174152374268,2.2310423851013184,1.732803225517273,-278.39520263671875,67.26628112792969,24.729652404785156,10.957457542419434,12.391554832458496,17.64293098449707,4.392632484436035,11.775487899780273,5.7294111251831055,2.4825594425201416,16.685976028442383,5.596011638641357,5.047820091247559,4.229644775390625,3.647509813308716,3.361898183822632,4.557392120361328,3.3283538818359375,3.2483489513397217,3.154083728790283,0.23740333318710327,0.2251807302236557,0.2511105239391327,0.29830920696258545,0.516800045967102,0.9184324145317078,0.7178098559379578,0.34702643752098083,0.301265150308609,0.2990835905075073,0.28511878848075867,0.26422032713890076,0.23083126544952393,0.20473892986774445,0.21848927438259125,0.21408967673778534,0.17148247361183167,0.19030241668224335,0.18913955986499786,0.23565928637981415,0.24718065559864044,0.26978567242622375,0.2603210508823395,0.24351094663143158,671.7981321213653,810.692622987964,1689.5033344389303,0.014886347157772623,0.0007850199472159147,860.0,870.0,865.0,914.32,924.32,919.32,4,viparita_swasa
P7,-13.07445240020752,-17.617197036743164,-32.73308181762695,-35.830204010009766,-40.34194564819336,-43.385498046875,-45.20209503173828,-48.035255432128906,-46.67063522338867,-45.14860916137695,-46.998409271240234,-50.480838775634766,-51.82427215576172,-51.37779998779297,-54.51183319091797,-54.850013732910156,-55.19413375854492,-59.95610046386719,-60.14041519165039,-60.61970138549805,-65.50703430175781,-66.90717315673828,-66.16121673583984,-64.3772201538086,-60.79827880859375,-60.879486083984375,-63.33549499511719,-62.12089538574219,-61.512046813964844,-63.920501708984375,-66.83157348632812,-68.35420989990234,3.281977415084839,4.057495594024658,3.047419786453247,3.763963222503662,4.132912635803223,4.041444301605225,4.33906364440918,3.5227444171905518,4.38688850402832,5.364694595336914,5.20982027053833,4.126337051391602,3.675319194793701,4.7146830558776855,4.304161071777344,4.722630977630615,4.436135768890381,3.5323500633239746,3.8661484718322754,4.285180568695068,2.8734753131866455,2.2730603218078613,2.6270368099212646,3.5002763271331787,4.905453205108643,4.819766044616699,4.006556987762451,4.445901870727539,4.6754045486450195,3.484271764755249,2.3042309284210205,2.1913154125213623,-297.8152770996094,66.03816223144531,23.922292709350586,10.659178733825684,12.958434104919434,17.58763313293457,4.250771522521973,11.441765785217285,5.094359874725342,2.1750264167785645,15.701930046081543,5.284511566162109,4.871729373931885,4.226232051849365,3.4455766677856445,3.6086556911468506,4.126918315887451,3.0985307693481445,3.33604097366333,2.914548873901367,0.2200729101896286,0.20967477560043335,0.24292312562465668,0.2878955602645874,0.4995279610157013,0.9467471837997437,0.7571739554405212,0.34911200404167175,0.2903982698917389,0.281773179769516,0.2629021406173706,0.24643397331237793,0.19914542138576508,0.1795262098312378,0.2116551548242569,0.21241024136543274,0.1632242351770401,0.13026928901672363,0.16883429884910583,0.22272156178951263,0.23922674357891083,0.2530165910720825,0.21901002526283264,0.2089291512966156,703.3808279051336,863.7512348644142,1739.605812404986,0.015093668430974478,0.0008153833914548159,870.0,880.0,875.0,924.32,934.32,929.32,4,viparita_swasa
P7,-10.699030876159668,-15.15628433227539,-30.833620071411133,-34.510074615478516,-38.665985107421875,-41.36199951171875,-43.567657470703125,-46.83504104614258,-45.43419647216797,-44.2836799621582,-45.88380813598633,-49.07566452026367,-50.49066162109375,-50.78237533569336,-53.56987380981445,-53.99348068237305,-54.61453628540039,-59.194091796875,-59.323543548583984,-59.551876068115234,-63.9369010925293,-65.15351867675781,-64.7477035522461,-62.62714767456055,-59.79686737060547,-60.11901092529297,-62.47519302368164,-61.47187042236328,-61.100399017333984,-63.60597610473633,-65.97875213623047,-67.17534637451172,3.2867064476013184,3.26106595993042,3.06661057472229,3.756568193435669,4.152205944061279,3.7372066974639893,3.844954252243042,3.4770891666412354,4.088797569274902,4.80066442489624,5.036864280700684,4.097421646118164,4.1658616065979,4.8862624168396,4.360871315002441,4.806643962860107,4.661271572113037,3.5427756309509277,4.246882915496826,4.707003593444824,2.8340189456939697,2.513108015060425,2.71389102935791,4.2173943519592285,5.330920219421387,5.087920188903809,3.9248015880584717,4.633085250854492,4.910375118255615,3.455148696899414,1.9781383275985718,1.733202338218689,-290.977294921875,67.77788543701172,24.769649505615234,12.056385040283203,12.629352569580078,17.631128311157227,5.285335063934326,10.787800788879395,5.29636287689209,2.4325718879699707,15.924321174621582,5.587268352508545,4.970764636993408,3.878390073776245,3.756467819213867,3.828850507736206,4.192319869995117,3.1425375938415527,3.2221603393554688,3.135516405105591,0.1983802765607834,0.2015477567911148,0.23755335807800293,0.29306912422180176,0.4794824421405792,0.9295609593391418,0.7793759107589722,0.38429537415504456,0.2784711718559265,0.2452918440103531,0.20649348199367523,0.19828437268733978,0.1836617887020111,0.1565617024898529,0.17827171087265015,0.2005006968975067,0.17986060678958893,0.15227258205413818,0.174033060669899,0.23505492508411407,0.23150697350502014,0.23708029091358185,0.18792502582073212,0.18327917158603668,658.3736104312558,769.9743850601798,1670.9251520156772,0.015290793575986079,0.0007578932563774288,880.0,890.0,885.0,934.32,944.32,939.32,4,viparita_swasa
P7,-9.539531707763672,-15.88843822479248,-28.647327423095703,-32.18187713623047,-35.97534942626953,-39.675899505615234,-41.06388854980469,-43.70825958251953,-42.347537994384766,-41.0513801574707,-42.83203887939453,-46.771244049072266,-48.035701751708984,-47.283687591552734,-50.75422286987305,-50.70972442626953,-51.43930435180664,-55.30445098876953,-56.06553268432617,-56.77404022216797,-61.1812744140625,-62.39556121826172,-62.00511932373047,-59.6935920715332,-56.71537780761719,-57.28379821777344,-60.24413299560547,-58.489742279052734,-57.731075286865234,-60.693328857421875,-63.39182662963867,-64.79618072509766,3.5413432121276855,3.7520511150360107,3.057084321975708,3.8530619144439697,4.324487686157227,3.9998316764831543,3.8740389347076416,3.583848237991333,4.531175136566162,5.161677837371826,5.142158031463623,4.08057975769043,3.8973729610443115,4.669738292694092,4.489274024963379,4.816318988800049,4.584709644317627,3.6740951538085938,3.8445498943328857,4.1717939376831055,2.916703701019287,2.521057605743408,2.7664971351623535,3.7827250957489014,4.995010852813721,4.752493381500244,3.4720404148101807,4.4009928703308105,4.8308258056640625,3.4378347396850586,2.3188061714172363,2.1806559562683105,-275.8901672363281,66.02796173095703,22.439573287963867,10.776143074035645,11.815241813659668,16.655366897583008,4.1670379638671875,10.919312477111816,5.262933254241943,2.0483882427215576,15.804710388183594,5.016692161560059,4.586307048797607,4.009024620056152,3.535973072052002,3.7864015102386475,4.313202381134033,3.3149397373199463,3.1344311237335205,3.004211187362671,0.32706350088119507,0.31494277715682983,0.343010276556015,0.3789746165275574,0.5430225729942322,0.8963660597801208,0.7366257309913635,0.4189688563346863,0.36377668380737305,0.35802537202835083,0.3409077227115631,0.3336426019668579,0.27177533507347107,0.24109403789043427,0.23796622455120087,0.2229890674352646,0.17840878665447235,0.20005494356155396,0.1830631047487259,0.2337009757757187,0.2544345259666443,0.27650585770606995,0.25784093141555786,0.2598092257976532,708.9629361564912,913.6623019685325,1743.808887128138,0.014281376885150812,0.0008103123982436955,890.0,900.0,895.0,944.32,954.32,949.32,4,viparita_swasa
P7,-8.846940994262695,-17.252412796020508,-27.0994815826416,-31.713895797729492,-35.94886016845703,-38.29596710205078,-40.66057205200195,-43.175437927246094,-42.3869514465332,-41.27989959716797,-42.632808685302734,-45.93973922729492,-47.45730209350586,-46.808013916015625,-49.97180938720703,-50.424747467041016,-50.806888580322266,-55.15815734863281,-55.57609558105469,-56.39429473876953,-60.16756820678711,-61.614105224609375,-61.20387649536133,-59.73904800415039,-56.62737274169922,-56.620704650878906,-59.17131423950195,-58.29692077636719,-57.74187469482422,-59.84178161621094,-62.35004806518555,-63.68333053588867,3.5905261039733887,3.601814031600952,3.0844714641571045,3.7255635261535645,4.2880048751831055,4.003815174102783,3.913194417953491,3.622035264968872,4.20066499710083,5.163424491882324,5.097578048706055,4.059633731842041,3.87744402885437,4.787966728210449,4.205250263214111,4.416750431060791,4.365753650665283,3.5383548736572266,3.9367446899414062,4.148961544036865,3.0284504890441895,2.391977548599243,2.674468994140625,3.3770551681518555,4.77321195602417,4.76483154296875,3.508917808532715,3.9988009929656982,4.35206413269043,3.2771098613739014,1.9560328722000122,1.8795790672302246,-273.1002502441406,65.45646667480469,22.54941177368164,10.596004486083984,12.095565795898438,16.118364334106445,4.120900630950928,9.97022533416748,4.776356220245361,2.0996007919311523,14.747763633728027,5.229926109313965,5.032109260559082,4.352313041687012,3.7706282138824463,3.6026370525360107,4.169013977050781,3.2998712062835693,3.208282232284546,3.1096460819244385,0.4796718657016754,0.42504867911338806,0.4325318932533264,0.4611580967903137,0.5511530041694641,0.787815272808075,0.6837081909179688,0.5149020552635193,0.4943329393863678,0.5101571083068848,0.49372705817222595,0.4977169632911682,0.3070873022079468,0.2513319253921509,0.2535988986492157,0.26465174555778503,0.2228870391845703,0.2576039731502533,0.2106168270111084,0.2461719810962677,0.26497694849967957,0.3043074607849121,0.27348265051841736,0.2889885902404785,737.8137199426454,1007.1643661180394,1780.6310836330877,0.015971668358468676,0.0006724013946950436,900.0,910.0,905.0,954.32,964.32,959.32,4,viparita_swasa
P7,-8.550169944763184,-12.760435104370117,-28.310670852661133,-32.393524169921875,-36.346431732177734,-38.91147994995117,-41.21250534057617,-43.85924530029297,-42.74577713012695,-41.120506286621094,-43.173561096191406,-46.694026947021484,-47.796783447265625,-47.65227127075195,-51.01799774169922,-51.05740737915039,-51.35014724731445,-56.124149322509766,-56.62150192260742,-57.01415252685547,-61.53595733642578,-63.142723083496094,-62.58096694946289,-60.89378356933594,-57.248077392578125,-57.293338775634766,-59.578121185302734,-58.47365188598633,-58.35114669799805,-61.03780746459961,-63.867149353027344,-65.34330749511719,3.058450937271118,3.045281171798706,2.995062828063965,3.788968563079834,4.084399700164795,4.157129287719727,3.758188009262085,3.238532543182373,4.134219169616699,5.072360038757324,4.800584316253662,4.010063648223877,3.7938461303710938,4.683452129364014,4.226516246795654,4.56341028213501,4.464612007141113,3.657238483428955,3.8646018505096436,4.237246990203857,2.7347543239593506,2.472250461578369,2.734100580215454,3.433043956756592,5.069304466247559,4.795206069946289,3.8646342754364014,4.882214546203613,5.049243450164795,3.505300283432007,2.060523509979248,1.562357783317566,-276.4891357421875,67.91557312011719,23.891681671142578,11.415342330932617,12.726238250732422,17.976287841796875,4.27746057510376,11.919681549072266,5.24652099609375,2.493455171585083,15.115882873535156,5.414669036865234,4.5273919105529785,4.063389778137207,3.2674853801727295,3.668168067932129,4.562152862548828,3.313339948654175,3.4035580158233643,3.0555434226989746,0.2461220622062683,0.2331179976463318,0.26432615518569946,0.30521851778030396,0.47752460837364197,0.9395653009414673,0.7534194588661194,0.3174837827682495,0.2552931308746338,0.2622162997722626,0.26351606845855713,0.2647690176963806,0.22166550159454346,0.1850433349609375,0.2119353711605072,0.215164914727211,0.16134406626224518,0.14640672504901886,0.1715204417705536,0.17981311678886414,0.2008165568113327,0.23415754735469818,0.23013155162334442,0.23329228162765503,657.1058086428112,769.19998912413,1665.0258305431914,0.015101598752900233,0.0007964404649101198,910.0,920.0,915.0,964.32,974.32,969.32,4,viparita_swasa
P7,-10.283259391784668,-17.826007843017578,-29.64548683166504,-33.58534240722656,-37.06052780151367,-40.093204498291016,-41.68706130981445,-45.08707046508789,-44.23911666870117,-42.65711975097656,-44.14988327026367,-47.92180633544922,-49.08393478393555,-48.58015441894531,-51.864341735839844,-51.9045295715332,-52.46651077270508,-57.23512649536133,-57.34355163574219,-57.577335357666016,-61.90354919433594,-63.7668571472168,-63.3486213684082,-61.59821701049805,-57.805721282958984,-58.14409637451172,-61.39198303222656,-60.012855529785156,-59.45774459838867,-62.43042755126953,-64.98651123046875,-66.42863464355469,3.457432270050049,4.035376071929932,3.062791347503662,3.9885525703430176,4.16227388381958,4.014042854309082,4.171420574188232,3.5133907794952393,4.29391622543335,5.0344061851501465,4.873818874359131,3.7665634155273438,3.7959322929382324,4.707930564880371,4.085048675537109,4.686086654663086,4.418252468109131,3.42671275138855,3.9036340713500977,4.283827304840088,2.863861322402954,2.5132899284362793,2.5102968215942383,3.7091455459594727,5.2755327224731445,4.918931007385254,3.6916325092315674,4.632643222808838,4.960065841674805,3.321166515350342,1.8109767436981201,1.450135350227356,-283.11962890625,66.6006851196289,22.155811309814453,11.261157035827637,11.608110427856445,16.61400032043457,3.701895236968994,10.53258991241455,4.80147123336792,2.2491660118103027,15.175529479980469,5.5584588050842285,4.872129917144775,3.839500904083252,3.6615827083587646,3.4985415935516357,4.342249393463135,3.134553909301758,3.264718770980835,3.441817045211792,0.3763529658317566,0.35417264699935913,0.4072563052177429,0.4541015028953552,0.6085750460624695,0.8471816778182983,0.6854671239852905,0.4332920014858246,0.3961884081363678,0.39628228545188904,0.4087868630886078,0.40232786536216736,0.26932594180107117,0.2211073338985443,0.2643480598926544,0.26747483015060425,0.22734621167182922,0.2416231781244278,0.2088206708431244,0.23924420773983002,0.26261264085769653,0.2922694683074951,0.2940463721752167,0.28280261158943176,713.4870879903475,950.1838135332076,1733.2973726010468,0.01580173288863109,0.0007202021079137921,920.0,930.0,925.0,974.32,984.32,979.32,4,viparita_swasa
P7,-13.91187858581543,-20.546031951904297,-34.50955581665039,-37.986839294433594,-41.07595443725586,-44.14259338378906,-45.787567138671875,-49.205223083496094,-48.210269927978516,-46.96894073486328,-47.354454040527344,-50.642295837402344,-51.74515151977539,-50.469730377197266,-54.03460693359375,-54.361907958984375,-55.1611442565918,-60.079322814941406,-60.49760437011719,-61.25666427612305,-65.51350402832031,-66.1368179321289,-66.41146850585938,-64.70445251464844,-61.109710693359375,-61.17372512817383,-64.46458435058594,-63.22377014160156,-62.80727005004883,-65.8779296875,-68.85932159423828,-70.5822525024414,3.6768910884857178,3.9165420532226562,3.0686562061309814,3.761570930480957,4.4245429039001465,3.924365520477295,4.159942150115967,4.0373148918151855,4.753660678863525,5.006372451782227,5.585399627685547,5.084493637084961,5.221357345581055,6.363448143005371,6.227719783782959,6.075432777404785,5.533863067626953,5.127061367034912,4.689267635345459,4.933467864990234,4.2552490234375,5.161860942840576,4.416688919067383,4.558566570281982,5.499015808105469,5.552210807800293,4.687505722045898,4.883436679840088,5.216031551361084,3.5584330558776855,2.2713959217071533,1.8273800611495972,-302.0782165527344,65.51537322998047,19.81556510925293,11.377485275268555,12.47663688659668,18.549528121948242,3.468761682510376,10.14453125,4.84525728225708,3.1739437580108643,19.725862503051758,5.744926452636719,7.606857776641846,4.180510997772217,3.8715550899505615,3.833864688873291,4.390859127044678,3.4297029972076416,3.052985906600952,3.7732198238372803,0.3485305607318878,0.32055097818374634,0.3452562093734741,0.38462886214256287,0.5385267734527588,0.8856468200683594,0.7500258684158325,0.42370009422302246,0.3694312870502472,0.3695812523365021,0.3714876174926758,0.3717914819717407,0.2883496880531311,0.2346472442150116,0.2438296675682068,0.24627284705638885,0.19625204801559448,0.19843687117099762,0.18552736937999725,0.216252863407135,0.25274622440338135,0.2853597104549408,0.28707394003868103,0.2942745089530945,728.1283278262924,1045.4095331532772,1727.965872259974,0.014903340704756381,0.0008473005145788193,930.0,940.0,935.0,984.32,994.32,989.32,4,viparita_swasa
P7,-8.794615745544434,-15.681612968444824,-29.198486328125,-32.29766845703125,-35.379295349121094,-38.73610305786133,-41.0924072265625,-43.642539978027344,-43.101436614990234,-42.61370849609375,-43.74394989013672,-46.542022705078125,-48.15981674194336,-47.1584587097168,-50.50456619262695,-50.717742919921875,-51.402244567871094,-56.278106689453125,-56.54922103881836,-57.31605911254883,-61.66168212890625,-62.95595169067383,-62.85153579711914,-60.75634765625,-56.71216583251953,-56.904537200927734,-60.49845504760742,-59.38319778442383,-58.938316345214844,-61.98973083496094,-64.65216064453125,-66.03164672851562,3.576460838317871,4.6227827072143555,2.9076333045959473,3.6599040031433105,3.9094464778900146,4.067739486694336,3.9724791049957275,3.5630650520324707,4.471334457397461,4.93200159072876,4.946034908294678,4.2206268310546875,4.217676639556885,5.105225086212158,4.711968421936035,4.777096748352051,4.528831958770752,3.9606549739837646,4.2216877937316895,4.408005237579346,2.8357956409454346,2.628239393234253,2.764010429382324,3.953547716140747,5.647197723388672,5.351009845733643,3.9182138442993164,4.74758768081665,5.0725531578063965,3.371311664581299,1.763018012046814,1.2665960788726807,-277.9364318847656,67.9377212524414,22.269630432128906,11.677877426147461,11.921545028686523,17.55017852783203,2.8346242904663086,10.120129585266113,5.2581963539123535,2.415299654006958,16.01249885559082,5.479255676269531,5.307910442352295,4.460897445678711,3.8446826934814453,4.002629280090332,4.358957290649414,3.4664881229400635,3.2479894161224365,3.2916259765625,0.30295220017433167,0.31076645851135254,0.3579208254814148,0.4020909070968628,0.5934415459632874,0.8965433835983276,0.7271555066108704,0.43000826239585876,0.3795126676559448,0.36258837580680847,0.3351117670536041,0.31600213050842285,0.24658674001693726,0.22409625351428986,0.2482246458530426,0.23723946511745453,0.18802569806575775,0.20233039557933807,0.18588878214359283,0.26325374841690063,0.28532302379608154,0.28941255807876587,0.26188090443611145,0.2565976679325104,672.2264824402024,850.0619131561775,1666.7798456708706,0.015345172926334107,0.0007945612887851894,940.0,950.0,945.0,994.32,1004.32,999.32,0,breath_retention
P7,-13.098926544189453,-16.482179641723633,-32.07296371459961,-35.62028121948242,-39.775962829589844,-42.87516403198242,-44.75178909301758,-47.91543960571289,-46.183692932128906,-45.52949905395508,-46.966705322265625,-50.10611343383789,-51.728355407714844,-50.71462631225586,-54.04694747924805,-54.1818733215332,-54.52016067504883,-60.15578842163086,-60.4581184387207,-60.69408416748047,-64.87539672851562,-65.96418762207031,-65.88687133789062,-64.11981201171875,-60.08891296386719,-60.64955139160156,-63.86098861694336,-62.50360870361328,-62.07306671142578,-64.73702239990234,-67.43592071533203,-68.87903594970703,3.3986151218414307,3.073765993118286,3.3255624771118164,3.6098668575286865,4.164615631103516,4.009869575500488,3.8813111782073975,3.40451979637146,4.350527286529541,4.952649116516113,5.061403274536133,4.384568214416504,3.9635627269744873,4.939101696014404,4.426004409790039,4.964754104614258,5.090653896331787,3.9341776371002197,3.8758316040039062,4.414515018463135,2.993194103240967,3.1412203311920166,2.8353426456451416,3.6410763263702393,5.404644012451172,5.105721473693848,3.7657008171081543,4.485584735870361,4.829649925231934,3.406285524368286,1.83070707321167,1.3680329322814941,-296.79974365234375,67.39896392822266,23.14454460144043,11.788750648498535,12.632078170776367,18.037029266357422,4.141538143157959,10.412073135375977,5.463403701782227,2.504638195037842,16.2393856048584,4.78498649597168,4.844175338745117,4.195403099060059,3.316364049911499,3.5954999923706055,4.335210800170898,3.344581365585327,3.0582213401794434,3.2593774795532227,0.1941603720188141,0.18596313893795013,0.21235249936580658,0.25784778594970703,0.5302931666374207,0.9693863987922668,0.7403649687767029,0.29835981130599976,0.2408910095691681,0.2294766753911972,0.21881383657455444,0.20634913444519043,0.17355108261108398,0.16164161264896393,0.2025786191225052,0.20087002217769623,0.1434653103351593,0.08580818772315979,0.16877880692481995,0.18522267043590546,0.20174728333950043,0.20803135633468628,0.19206379354000092,0.18001915514469147,678.4290448051715,840.7691619235788,1688.7234180472649,0.015687309672273782,0.0008073674980551004,950.0,960.0,955.0,1004.32,1014.32,1009.32,0,breath_retention
P7,-8.008600234985352,-12.091806411743164,-23.862943649291992,-28.157949447631836,-32.06795883178711,-35.435489654541016,-36.962440490722656,-39.67571258544922,-38.44792175292969,-37.559574127197266,-38.86594772338867,-42.17449951171875,-43.597469329833984,-43.008853912353516,-46.35056686401367,-46.34312057495117,-47.085594177246094,-52.070648193359375,-52.4063720703125,-52.68050003051758,-57.07492446899414,-58.308746337890625,-57.904415130615234,-56.20509719848633,-52.706939697265625,-53.425472259521484,-56.35843276977539,-54.63994216918945,-54.200191497802734,-56.99982833862305,-59.53632354736328,-61.01458740234375,3.507540225982666,4.6334757804870605,3.176234483718872,3.5585100650787354,4.5688886642456055,3.977910041809082,3.7454631328582764,3.3170864582061768,4.415673732757568,5.128022193908691,4.9782233238220215,3.975445508956909,3.9284913539886475,5.036993503570557,4.514702796936035,4.753673076629639,4.602295398712158,3.6488873958587646,3.8541619777679443,4.2850260734558105,2.7572128772735596,2.5408270359039307,2.6051406860351562,3.6121575832366943,5.088240146636963,4.707677841186523,3.5377540588378906,4.529109954833984,4.9640069007873535,3.362745761871338,1.949841022491455,1.6394187211990356,-253.7150115966797,66.09913635253906,21.427614212036133,10.115978240966797,11.432392120361328,16.485380172729492,3.554551601409912,9.612016677856445,4.383081436157227,1.77657949924469,15.514060974121094,5.516947269439697,5.113079071044922,4.330089092254639,3.5145440101623535,3.3283324241638184,4.5211334228515625,3.14945650100708,3.3782858848571777,3.0262277126312256,0.2841789126396179,0.2308982014656067,0.22650787234306335,0.26628240942955017,0.4520318806171417,0.8495710492134094,0.7603352665901184,0.4592323303222656,0.4052445888519287,0.4030850827693939,0.3891555666923523,0.3468933403491974,0.238040491938591,0.1955946981906891,0.1963985711336136,0.19748318195343018,0.16347528994083405,0.2211330085992813,0.2018103003501892,0.2839900851249695,0.27836355566978455,0.2920686900615692,0.29589810967445374,0.2709527909755707,807.3238247857754,1223.595539986949,1835.670266154073,0.018444795896171692,0.0006144766812212765,960.0,970.0,965.0,1014.32,1024.32,1019.3199999999999,0,breath_retention
P7,-8.612476348876953,-12.240994453430176,-24.957637786865234,-27.867536544799805,-31.646320343017578,-34.95606231689453,-37.05376434326172,-39.45598602294922,-38.28464126586914,-37.72899627685547,-38.520179748535156,-42.24065017700195,-43.48469161987305,-43.09821701049805,-46.302276611328125,-46.19878005981445,-46.89915466308594,-52.03173065185547,-52.6849250793457,-52.956153869628906,-57.05857849121094,-58.54388427734375,-58.21580505371094,-56.50359344482422,-52.89361572265625,-53.33104705810547,-55.81269836425781,-54.68053436279297,-54.430538177490234,-57.07185363769531,-59.2856559753418,-60.76467514038086,3.347897529602051,4.392862319946289,3.2291786670684814,3.603424072265625,4.062987804412842,3.7555830478668213,3.8844430446624756,3.473447799682617,4.423473834991455,5.231126308441162,5.306002616882324,4.2468695640563965,4.083799839019775,4.906486511230469,4.390794277191162,5.036140441894531,4.932371616363525,3.7108755111694336,3.8203752040863037,4.213931083679199,2.947225570678711,2.483327627182007,2.695061445236206,3.416555166244507,4.984141826629639,4.719180107116699,3.803436279296875,4.418262004852295,4.627624988555908,3.259787082672119,2.1129353046417236,1.7787840366363525,-253.81837463378906,65.99840545654297,21.342979431152344,9.310281753540039,11.19820785522461,16.128448486328125,2.918898582458496,9.369179725646973,4.311875343322754,1.4901974201202393,15.909405708312988,4.754768371582031,5.175370216369629,4.456651210784912,3.55268931388855,3.714906692504883,4.413756370544434,3.2767460346221924,3.154860258102417,3.2036521434783936,0.24752503633499146,0.19814737141132355,0.18048252165317535,0.21942442655563354,0.41840311884880066,0.8458085060119629,0.7571294903755188,0.41785377264022827,0.38204821944236755,0.3901275396347046,0.3583890497684479,0.31398478150367737,0.22976607084274292,0.18445684015750885,0.16622218489646912,0.17940343916416168,0.1802573800086975,0.24606572091579437,0.21282730996608734,0.2520432472229004,0.28648841381073,0.3177856504917145,0.2952696681022644,0.267785906791687,846.2985425222904,1295.7392646099188,1882.2279871931767,0.020104498984918794,0.0005946442252025008,970.0,980.0,975.0,1024.32,1034.32,1029.32,0,breath_retention
P7,-8.836298942565918,-14.666715621948242,-25.527149200439453,-28.810710906982422,-33.28935623168945,-36.4024658203125,-37.91415023803711,-41.10803985595703,-39.70311737060547,-39.31068801879883,-40.11158752441406,-43.48191833496094,-44.61479568481445,-44.38649368286133,-47.47650909423828,-47.490257263183594,-48.10725784301758,-53.2220573425293,-53.7112922668457,-54.062721252441406,-58.30017852783203,-59.72182083129883,-59.51548767089844,-57.60386276245117,-53.99824905395508,-54.734947204589844,-57.26060485839844,-55.791542053222656,-55.534549713134766,-58.25849533081055,-60.65273666381836,-62.098941802978516,3.4786691665649414,4.073522090911865,2.9785022735595703,3.776339292526245,4.392077922821045,4.201578617095947,4.478616237640381,3.8795835971832275,4.682234764099121,5.188060283660889,5.152288436889648,4.0871052742004395,4.303902626037598,5.231125354766846,4.599923610687256,4.672983169555664,4.670212745666504,3.896918773651123,3.914661169052124,4.463326930999756,2.990281105041504,2.438631057739258,2.477595567703247,3.66041898727417,5.027065277099609,4.758796691894531,3.7445199489593506,4.5338664054870605,4.589935779571533,3.327749729156494,2.318264961242676,1.9909788370132446,-260.8702392578125,65.92237091064453,21.376506805419922,9.767829895019531,11.554216384887695,16.238676071166992,2.8978676795959473,9.353489875793457,4.205147743225098,1.675594449043274,16.082935333251953,5.4048333168029785,5.195569038391113,4.375943660736084,3.824301242828369,3.645054340362549,4.423711776733398,3.269944190979004,3.265317440032959,3.0482213497161865,0.2588484287261963,0.2110975980758667,0.20681248605251312,0.2579247057437897,0.4575619101524353,0.7870780229568481,0.739449143409729,0.5699551105499268,0.5253830552101135,0.502598226070404,0.43557509779930115,0.34036844968795776,0.21944192051887512,0.17244257032871246,0.17867515981197357,0.18629512190818787,0.19132699072360992,0.25316306948661804,0.20913252234458923,0.29679009318351746,0.2779667377471924,0.3001358211040497,0.29776719212532043,0.2528427541255951,825.7911145127143,1252.547955789588,1861.8058422004779,0.0189466719837587,0.0006086732028052211,980.0,990.0,985.0,1034.32,1044.32,1039.32,0,breath_retention
P7,-8.526652336120605,-10.705206871032715,-24.9670467376709,-29.481435775756836,-34.58607482910156,-36.68593978881836,-37.34144973754883,-39.8170051574707,-40.43943405151367,-40.163082122802734,-41.522987365722656,-43.64336395263672,-44.76999282836914,-45.44646072387695,-47.92346954345703,-48.208656311035156,-48.37058639526367,-52.28231430053711,-53.04256820678711,-53.93960189819336,-57.06187438964844,-58.596046447753906,-59.0330810546875,-57.837337493896484,-55.04161071777344,-55.67384338378906,-57.53523635864258,-56.17713165283203,-55.420616149902344,-57.20210647583008,-59.04942321777344,-60.68952560424805,3.022735118865967,3.9152441024780273,3.343271017074585,3.8666532039642334,4.805035591125488,4.01545524597168,4.02561616897583,3.422860860824585,4.222020626068115,5.372506141662598,5.856886863708496,4.400116920471191,4.451199531555176,5.65637731552124,5.046119689941406,5.7608723640441895,5.454190254211426,4.032686233520508,4.400744438171387,5.015559196472168,3.3833484649658203,2.866562843322754,2.8715970516204834,3.678830623626709,5.871543884277344,5.275405406951904,3.8363406658172607,4.914046764373779,4.924322605133057,3.432450294494629,2.6659791469573975,2.2757298946380615,-260.0705261230469,65.51021575927734,23.163522720336914,11.208807945251465,13.612447738647461,14.44800090789795,5.046493053436279,9.960125923156738,4.957122325897217,3.146850347518921,17.925954818725586,6.027336597442627,6.025261878967285,3.884258508682251,3.4756391048431396,5.013601303100586,4.362783432006836,2.8172404766082764,3.12874698638916,3.2031993865966797,0.16043007373809814,0.12183741480112076,0.1175483912229538,0.16589118540287018,0.41902342438697815,0.9046758413314819,0.7272142767906189,0.3642362952232361,0.31811901926994324,0.3158501982688904,0.3008691668510437,0.23669186234474182,0.15638011693954468,0.12405186891555786,0.12642057240009308,0.12610365450382233,0.12775658071041107,0.20005464553833008,0.1984068900346756,0.2552827298641205,0.25785523653030396,0.2862916588783264,0.2952345609664917,0.23297007381916046,856.7477790791908,1257.6689611731438,1917.613276454617,0.02039112347737819,0.0005212869145907462,990.0,1000.0,995.0,1044.32,1054.32,1049.32,2,meditation
P7,-8.42972183227539,-10.637426376342773,-24.400177001953125,-30.512174606323242,-38.23712158203125,-39.15464401245117,-38.03135299682617,-40.73975372314453,-42.03141784667969,-44.48014831542969,-47.25371551513672,-47.153472900390625,-48.276573181152344,-50.03028869628906,-52.58837890625,-54.57492446899414,-54.15711212158203,-56.850425720214844,-58.08823776245117,-59.05604553222656,-59.734249114990234,-60.17018127441406,-60.26618576049805,-60.31131362915039,-60.224971771240234,-60.319732666015625,-60.54280471801758,-60.25600051879883,-60.18037033081055,-60.36408615112305,-60.57740020751953,-61.48229217529297,2.9918482303619385,4.470217227935791,2.8844597339630127,3.644728899002075,3.0131781101226807,3.072129011154175,3.188518524169922,2.862057685852051,3.0689237117767334,3.112335681915283,2.8083369731903076,2.7035367488861084,2.5145654678344727,2.2889246940612793,2.2892134189605713,2.4065797328948975,2.052560567855835,2.136615514755249,2.068804979324341,2.062291145324707,1.7295734882354736,1.5928434133529663,1.6403708457946777,1.6857744455337524,1.6384663581848145,1.5689258575439453,1.3193904161453247,1.5600097179412842,1.841513991355896,1.736005425453186,1.6162710189819336,1.4435670375823975,-277.382568359375,68.92284393310547,29.90749168395996,13.409882545471191,13.049087524414062,12.8170166015625,8.851578712463379,8.074976921081543,6.51029109954834,5.438299655914307,4.7370076179504395,4.4020771980285645,3.2570254802703857,2.6765427589416504,3.069523334503174,2.6591525077819824,2.5951032638549805,2.4742910861968994,2.649818181991577,2.6259055137634277,0.1725829690694809,0.13606669008731842,0.13678260147571564,0.183319091796875,0.397727906703949,0.8709561228752136,0.7414249777793884,0.42850127816200256,0.3559421896934509,0.33246511220932007,0.2797337472438812,0.22129324078559875,0.19890545308589935,0.1579829305410385,0.14815159142017365,0.16050320863723755,0.15973281860351562,0.22351838648319244,0.18498697876930237,0.3074224293231964,0.3010410666465759,0.30331355333328247,0.2675224244594574,0.23000793159008026,718.9775938633572,696.2069270229118,1799.1765974532502,0.02261501232598608,0.0004292071098461747,1000.0,1010.0,1005.0,1054.32,1064.32,1059.32,2,meditation
P7,-10.404996871948242,-12.137868881225586,-26.48347282409668,-32.579105377197266,-39.44318389892578,-40.2150993347168,-40.347618103027344,-42.64773941040039,-43.434120178222656,-45.202781677246094,-47.71290588378906,-48.480140686035156,-49.20503616333008,-51.18363952636719,-53.221649169921875,-55.3543586730957,-55.08612060546875,-57.72685241699219,-58.948890686035156,-60.11252975463867,-61.12844467163086,-61.890506744384766,-62.019901275634766,-61.581024169921875,-61.048805236816406,-61.24872970581055,-61.75789260864258,-61.79478073120117,-61.526611328125,-61.643253326416016,-62.242183685302734,-63.299068450927734,3.1854820251464844,3.6454098224639893,3.116196632385254,3.833997964859009,4.0368571281433105,3.7113218307495117,3.226886510848999,3.1540119647979736,3.791588068008423,4.618235111236572,5.277637004852295,4.3431925773620605,3.9951019287109375,4.220512390136719,4.803405284881592,5.48444938659668,5.394580841064453,4.479831695556641,4.396139621734619,4.037065505981445,2.664538621902466,2.1350481510162354,2.449252128601074,3.6340010166168213,5.034123420715332,4.766497611999512,3.6503093242645264,3.3133695125579834,3.9671471118927,3.3428151607513428,2.365224599838257,1.891314148902893,-284.80657958984375,68.49251556396484,28.347339630126953,12.905789375305176,13.118379592895508,13.427594184875488,8.407892227172852,8.469173431396484,6.446784496307373,4.6589674949646,16.50768280029297,4.758629322052002,5.426477909088135,3.2313241958618164,3.079235076904297,3.2963194847106934,3.9761667251586914,2.658302068710327,2.895185947418213,3.5864667892456055,0.15839403867721558,0.12709547579288483,0.12768784165382385,0.16921545565128326,0.4028641879558563,0.9191370606422424,0.7409828901290894,0.3633854389190674,0.30941054224967957,0.3024710714817047,0.2649769186973572,0.21337847411632538,0.16400830447673798,0.1416398137807846,0.13793814182281494,0.1306951642036438,0.12724891304969788,0.17173181474208832,0.18054986000061035,0.26236021518707275,0.25736498832702637,0.26772069931030273,0.23829491436481476,0.20314478874206543,733.7171921988173,826.2554832511601,1789.6686144146183,0.023014927131670533,0.00045135855907574296,1010.0,1020.0,1015.0,1064.32,1074.32,1069.32,2,meditation
P7,-10.763612747192383,-13.184610366821289,-27.56562614440918,-33.836307525634766,-40.785118103027344,-41.310054779052734,-40.93076705932617,-43.6500358581543,-44.63064193725586,-46.71623229980469,-49.583290100097656,-49.33999252319336,-50.35444641113281,-52.14910888671875,-54.677764892578125,-56.882354736328125,-56.902008056640625,-59.19615936279297,-60.543643951416016,-61.44120788574219,-62.261741638183594,-62.773475646972656,-62.96320724487305,-62.880374908447266,-62.83483123779297,-62.975975036621094,-63.220455169677734,-62.93770980834961,-62.82080078125,-63.01192855834961,-63.186004638671875,-64.11617279052734,3.259371042251587,4.095485210418701,2.889909267425537,3.3441879749298096,2.9566941261291504,2.7919228076934814,3.2796339988708496,2.86373233795166,2.8926265239715576,2.839426040649414,2.7490341663360596,2.724933385848999,2.302046060562134,2.4428656101226807,2.575012445449829,2.441358804702759,2.2973482608795166,2.294254779815674,2.1852922439575195,2.071810007095337,1.831860899925232,1.8639321327209473,1.6277474164962769,1.8084083795547485,1.7386330366134644,1.5395478010177612,1.4689899682998657,1.4881861209869385,1.6961922645568848,1.5530509948730469,1.3963980674743652,1.3059098720550537,-291.75677490234375,68.96051788330078,29.068925857543945,12.961800575256348,13.289665222167969,13.190608978271484,9.138806343078613,8.058429718017578,6.439462184906006,5.61913537979126,4.432858467102051,4.357654571533203,3.7065136432647705,2.6626670360565186,2.95365047454834,2.8711628913879395,2.9009451866149902,2.464301347732544,2.4301600456237793,2.590256690979004,0.1655782014131546,0.1313711702823639,0.12913630902767181,0.177938774228096,0.434856116771698,0.9318874478340149,0.7601292133331299,0.3851574957370758,0.3283594846725464,0.31243613362312317,0.275460809469223,0.21764607727527618,0.16195933520793915,0.12168098241090775,0.12076487392187119,0.12617062032222748,0.13029974699020386,0.1592479795217514,0.18329249322414398,0.2567498981952667,0.2621673047542572,0.27954962849617004,0.26162201166152954,0.22000473737716675,676.5368627429729,639.4262185506091,1746.8846477092652,0.02101422020011601,0.0004708629276137799,1020.0,1030.0,1025.0,1074.32,1084.32,1079.32,2,meditation
P7,-9.359975814819336,-11.351774215698242,-26.164833068847656,-31.43198013305664,-37.67538833618164,-39.42969512939453,-39.0444450378418,-41.465309143066406,-42.31330490112305,-43.818416595458984,-46.300418853759766,-47.2877082824707,-48.04535675048828,-49.61180877685547,-51.97956085205078,-53.847328186035156,-53.73666000366211,-56.17928695678711,-57.50823211669922,-58.71760940551758,-60.10190200805664,-60.7944450378418,-60.73249053955078,-60.44580078125,-59.92580795288086,-59.78300857543945,-60.155357360839844,-60.344539642333984,-60.178314208984375,-60.400291442871094,-61.076229095458984,-62.11119842529297,2.944427967071533,4.218565940856934,3.0473225116729736,3.665220260620117,4.527979373931885,3.703001022338867,3.4275197982788086,3.379718065261841,4.062186241149902,4.903127193450928,5.013209342956543,3.9745864868164062,3.901611804962158,4.913343906402588,5.085838794708252,5.489223957061768,4.91301965713501,4.685571670532227,4.871951580047607,4.5872721672058105,2.9288690090179443,2.602226734161377,3.122572660446167,4.049760818481445,5.193680286407471,5.309179782867432,4.706949234008789,4.269457817077637,4.635179042816162,4.085313320159912,2.9169769287109375,2.237180471420288,-277.7724914550781,68.01561737060547,27.812971115112305,12.537818908691406,13.038880348205566,13.416122436523438,7.8846635818481445,8.68354320526123,6.321746826171875,4.530908107757568,17.87896156311035,6.105340957641602,5.908197402954102,3.4575746059417725,3.230642318725586,3.242733955383301,4.287743091583252,2.5717356204986572,2.590304374694824,3.2239186763763428,0.17471455037593842,0.1460508406162262,0.13997721672058105,0.18426354229450226,0.42302876710891724,0.9129185676574707,0.7414987683296204,0.3649769723415375,0.29397982358932495,0.2685636878013611,0.2370208203792572,0.2065170407295227,0.19435463845729828,0.1701248735189438,0.1550081968307495,0.14872276782989502,0.1366332322359085,0.17956256866455078,0.17180663347244263,0.27151018381118774,0.26500651240348816,0.26441332697868347,0.23614920675754547,0.2183789163827896,748.8573213087417,929.125240175464,1802.378517165504,0.02306137616009281,0.0004695469979196787,1030.0,1040.0,1035.0,1084.32,1094.32,1089.32,2,meditation
P7,-9.29944896697998,-12.599390029907227,-25.854169845581055,-31.686906814575195,-37.78851318359375,-39.71965789794922,-39.652809143066406,-42.394405364990234,-43.6549072265625,-44.7963752746582,-46.81528854370117,-48.25221252441406,-48.34162139892578,-49.89018249511719,-52.08348083496094,-53.643035888671875,-53.65924835205078,-56.4146614074707,-57.80177688598633,-58.93606185913086,-60.27297592163086,-61.076847076416016,-61.29267883300781,-61.383628845214844,-60.84587860107422,-60.74905776977539,-60.9148063659668,-60.96847915649414,-60.519466400146484,-60.77582550048828,-61.317203521728516,-62.49745178222656,3.400592565536499,4.352415084838867,3.074646472930908,3.561188220977783,3.5335628986358643,3.45780348777771,3.2543904781341553,3.009310245513916,3.52770733833313,3.6584973335266113,3.73172926902771,3.115311622619629,3.1732370853424072,3.0027246475219727,3.0899853706359863,3.50805926322937,3.14750599861145,2.5840108394622803,2.70637583732605,2.950685977935791,1.9242417812347412,1.628491997718811,1.7847979068756104,1.8126002550125122,2.2308170795440674,2.331813097000122,1.8004462718963623,1.649879813194275,2.025808334350586,1.7878235578536987,1.4550429582595825,1.2435688972473145,-280.3498840332031,68.10726928710938,27.524362564086914,12.980792045593262,14.51264762878418,13.010035514831543,7.529735088348389,8.126653671264648,5.812021732330322,4.724723815917969,8.122492790222168,4.014339447021484,3.818730592727661,2.9896938800811768,3.3309476375579834,3.1368162631988525,3.3065128326416016,2.965428590774536,2.824892520904541,2.928309202194214,0.19194790720939636,0.15154823660850525,0.14927321672439575,0.1970098912715912,0.40821054577827454,0.8756594061851501,0.7552276253700256,0.4491395652294159,0.37331199645996094,0.353691965341568,0.3081265091896057,0.2504671514034271,0.20534203946590424,0.15700919926166534,0.1408025473356247,0.14468567073345184,0.16012398898601532,0.21342076361179352,0.19343876838684082,0.27925050258636475,0.2632618844509125,0.2919575572013855,0.28177282214164734,0.2479151338338852,733.3931851470851,766.1273858939966,1811.721818052424,0.02132350275522042,0.00048216298455372453,1040.0,1050.0,1045.0,1094.32,1104.32,1099.32,2,meditation
P7,-8.78147029876709,-13.25352668762207,-24.372026443481445,-30.143949508666992,-36.922306060791016,-38.54157257080078,-38.05252456665039,-40.600791931152344,-41.87724304199219,-43.833396911621094,-46.396827697753906,-47.124961853027344,-47.54475402832031,-48.950923919677734,-51.55034637451172,-53.16592788696289,-52.92374801635742,-55.90538787841797,-57.27156066894531,-58.19765853881836,-58.76840591430664,-59.10618591308594,-59.41261672973633,-59.60866928100586,-59.52206802368164,-59.715450286865234,-59.69029998779297,-59.735233306884766,-59.71399688720703,-59.69917297363281,-60.05116653442383,-61.20153045654297,3.4400951862335205,3.622335195541382,3.091386556625366,3.8304550647735596,3.3868167400360107,3.199728488922119,3.2508764266967773,3.0563013553619385,3.194078207015991,3.081049919128418,2.862983465194702,2.882175922393799,2.6242315769195557,2.392841100692749,2.3917112350463867,2.1375420093536377,2.3117804527282715,1.8942590951919556,1.7717269659042358,1.5620297193527222,1.4846487045288086,1.6012171506881714,1.568915843963623,1.4938149452209473,1.63417387008667,1.3199220895767212,1.2151222229003906,1.1208258867263794,1.162692904472351,1.0500133037567139,0.9365768432617188,1.0028634071350098,-274.29302978515625,67.46952819824219,27.859601974487305,13.005067825317383,12.677292823791504,12.16396713256836,7.722197532653809,7.119382381439209,5.900275230407715,5.112611293792725,3.902057409286499,3.861564874649048,3.0023391246795654,2.688211441040039,3.333375930786133,2.785923719406128,2.8324687480926514,2.794713020324707,2.682086706161499,2.705714702606201,0.2964067757129669,0.22982873022556305,0.20443634688854218,0.2411816269159317,0.4362586438655853,0.7972098588943481,0.7213883996009827,0.5374536514282227,0.5016529560089111,0.488269567489624,0.4292483925819397,0.3606615960597992,0.2594302296638489,0.20792078971862793,0.18117354810237885,0.17136414349079132,0.18092834949493408,0.25061917304992676,0.2139110267162323,0.3063085675239563,0.2872973382472992,0.29529404640197754,0.27572107315063477,0.2603960633277893,772.7325842859939,842.4678368800754,1875.7101214214395,0.024769794083526683,0.0003742726694326848,1050.0,1060.0,1055.0,1104.32,1114.32,1109.32,2,meditation
P7,-8.271589279174805,-10.16508960723877,-25.02562141418457,-30.642587661743164,-38.058982849121094,-39.258670806884766,-39.016357421875,-41.980106353759766,-43.61262893676758,-44.831214904785156,-46.83970642089844,-47.488739013671875,-48.655487060546875,-49.91298294067383,-52.592716217041016,-54.513404846191406,-54.36220169067383,-56.78541946411133,-58.300025939941406,-59.59587478637695,-60.142826080322266,-60.69029998779297,-61.101707458496094,-61.02827835083008,-61.006736755371094,-61.1024055480957,-61.10541534423828,-60.72084045410156,-60.596500396728516,-60.6851806640625,-60.974510192871094,-62.10608673095703,2.8649508953094482,2.9446980953216553,2.972562789916992,3.880735158920288,3.377784013748169,3.1073837280273438,3.7412617206573486,3.658799886703491,3.5790538787841797,3.6422276496887207,3.236492872238159,3.250338554382324,3.2444376945495605,2.7427918910980225,2.5927584171295166,2.648669719696045,2.7192697525024414,2.3270390033721924,2.102938175201416,1.932728886604309,1.818616271018982,1.5486280918121338,1.5593571662902832,1.5707569122314453,1.50559401512146,1.3668241500854492,1.4867382049560547,1.9936665296554565,2.361931562423706,1.7498582601547241,1.413735032081604,1.3014380931854248,-279.5140380859375,69.5338363647461,29.685943603515625,13.615206718444824,14.542906761169434,13.42255973815918,8.84301471710205,7.984048843383789,5.852068901062012,5.099452018737793,6.272746562957764,4.554763317108154,3.4253575801849365,2.975377321243286,3.1491708755493164,2.943311929702759,2.5205371379852295,2.674294948577881,2.8998968601226807,2.725276470184326,0.11786460131406784,0.08873756229877472,0.08754155039787292,0.13428950309753418,0.38112905621528625,0.9193635582923889,0.7567468881607056,0.38230085372924805,0.33250007033348083,0.32302728295326233,0.24581822752952576,0.17495614290237427,0.12366937845945358,0.09366028010845184,0.08807145059108734,0.09034276008605957,0.11058475077152252,0.16817735135555267,0.18222372233867645,0.2520769238471985,0.2729180157184601,0.29688760638237,0.2400929033756256,0.18207445740699768,703.0639742564597,651.1420796476218,1778.5718382096884,0.019880184164733177,0.00045429353485815227,1060.0,1070.0,1065.0,1114.32,1124.32,1119.32,2,meditation
P7,-10.095949172973633,-14.527305603027344,-26.365705490112305,-31.962533950805664,-38.823020935058594,-40.963138580322266,-40.553897857666016,-42.919010162353516,-44.311744689941406,-45.657981872558594,-47.65530014038086,-47.891090393066406,-48.67103958129883,-50.715213775634766,-53.09046936035156,-54.51017761230469,-54.50105667114258,-56.93763732910156,-58.35768127441406,-59.92738723754883,-60.84550857543945,-61.44118881225586,-61.7940788269043,-61.84931564331055,-61.64237976074219,-61.95298385620117,-62.250858306884766,-61.747535705566406,-61.610652923583984,-61.63343048095703,-62.19294738769531,-63.445899963378906,3.6320221424102783,4.515389919281006,3.1110856533050537,3.951378583908081,3.8370213508605957,3.592728614807129,3.71163010597229,3.198385715484619,3.385498285293579,4.154648303985596,4.22523307800293,3.4078023433685303,3.527067184448242,3.74770188331604,3.6165995597839355,3.7582314014434814,3.7173168659210205,3.66782546043396,3.4900341033935547,3.0937910079956055,2.6926610469818115,2.7197821140289307,2.3294548988342285,2.235417604446411,2.205782413482666,1.8659225702285767,1.462828516960144,1.546677827835083,1.6247258186340332,1.5457451343536377,1.3821123838424683,1.10727858543396,-284.7596740722656,68.20846557617188,26.72951316833496,12.838300704956055,14.196272850036621,12.917567253112793,8.178023338317871,7.767798900604248,5.417047500610352,4.424056529998779,8.903310775756836,5.3551506996154785,6.11631441116333,3.721090793609619,3.300161600112915,3.372980833053589,3.1222732067108154,3.1324121952056885,3.0675697326660156,3.133600950241089,0.18974153697490692,0.16515925526618958,0.17517578601837158,0.2315296232700348,0.4425148665904999,0.8348607420921326,0.7407577037811279,0.5171433091163635,0.4380287826061249,0.3898293972015381,0.31304022669792175,0.24486906826496124,0.18739734590053558,0.17738178372383118,0.18348482251167297,0.1969689279794693,0.19001667201519012,0.24827443063259125,0.20377954840660095,0.31150758266448975,0.2831769287586212,0.29602113366127014,0.25742825865745544,0.21990817785263062,756.4854017559549,836.9221627573955,1828.8339907394031,0.023098761963457077,0.00043758811079896986,1070.0,1080.0,1075.0,1124.32,1134.32,1129.32,2,meditation
P7,-10.45398235321045,-12.750215530395508,-26.381216049194336,-31.90370750427246,-38.86369323730469,-39.62839126586914,-39.75762176513672,-42.650169372558594,-44.6409912109375,-45.783267974853516,-47.885135650634766,-48.308597564697266,-49.1427001953125,-50.720462799072266,-53.08216857910156,-54.738040924072266,-54.8592643737793,-57.18162155151367,-58.46872329711914,-59.75998306274414,-60.332889556884766,-60.92950439453125,-61.29673767089844,-61.474849700927734,-61.30323791503906,-61.26072311401367,-61.283016204833984,-60.96281433105469,-60.96059799194336,-61.184654235839844,-61.643882751464844,-62.803409576416016,3.4683549404144287,3.583756685256958,3.078819990158081,3.6889736652374268,3.0525970458984375,2.953697443008423,3.4339473247528076,3.271848678588867,3.1207494735717773,2.97377610206604,3.014894485473633,2.903083324432373,3.0491600036621094,2.5819146633148193,2.4406185150146484,2.5873029232025146,2.3491899967193604,2.2188186645507812,2.097848415374756,1.8882564306259155,1.8180546760559082,1.7157385349273682,1.601104736328125,1.5480027198791504,1.6779876947402954,1.5203478336334229,1.7323169708251953,2.0039799213409424,1.861169695854187,1.7443488836288452,1.4916685819625854,1.2296524047851562,-283.2663269042969,67.46842193603516,28.311813354492188,13.439593315124512,13.67381477355957,12.66329288482666,7.7842230796813965,7.542259693145752,5.311396598815918,5.112044811248779,5.218540191650391,4.186444282531738,3.393662214279175,2.905958414077759,2.934680700302124,2.9022209644317627,3.047783374786377,2.923823356628418,2.816197156906128,2.7250161170959473,0.1881023496389389,0.16038405895233154,0.16181275248527527,0.20317791402339935,0.4130311608314514,0.916373610496521,0.756375789642334,0.39401113986968994,0.32691165804862976,0.3090887665748596,0.2614559233188629,0.21950556337833405,0.18665143847465515,0.16578657925128937,0.16936634480953217,0.16866815090179443,0.13644519448280334,0.16345560550689697,0.1928233653306961,0.2533005177974701,0.248884379863739,0.26561999320983887,0.22597746551036835,0.19244247674942017,759.6968841990956,799.8260993691995,1855.547757932355,0.023327608396171692,0.00040310347685590386,1080.0,1090.0,1085.0,1134.32,1144.32,1139.32,2,meditation
P7,-10.106769561767578,-11.339524269104004,-26.79170036315918,-32.59262466430664,-38.89424133300781,-40.39821243286133,-39.6844367980957,-42.28913879394531,-44.21268844604492,-46.59160232543945,-48.27953338623047,-48.235897064208984,-49.21417236328125,-50.68603515625,-52.904319763183594,-54.784423828125,-54.41950988769531,-56.26836395263672,-57.8856315612793,-59.7993278503418,-60.813541412353516,-61.523193359375,-61.98605728149414,-61.99182891845703,-61.68935012817383,-62.004417419433594,-61.92491912841797,-61.75879669189453,-62.046302795410156,-62.150367736816406,-62.52250671386719,-63.61943435668945,3.198275089263916,3.375443458557129,3.148200035095215,3.589304208755493,3.3347063064575195,2.838380813598633,3.0969789028167725,3.4869232177734375,4.115780353546143,3.683600664138794,3.4660160541534424,3.1782071590423584,3.2711055278778076,3.334174871444702,3.5568368434906006,3.388296365737915,3.3716394901275635,4.147619247436523,4.152113914489746,3.316587448120117,2.8298540115356445,2.48593807220459,2.172727346420288,2.0075535774230957,2.0428593158721924,1.9774110317230225,2.0211598873138428,2.2457399368286133,1.9483474493026733,1.8694056272506714,1.392196774482727,1.019699215888977,-284.5059814453125,69.1578140258789,27.14772605895996,14.116170883178711,14.667502403259277,12.6746826171875,7.669747352600098,8.428609848022461,6.238344669342041,5.152313709259033,8.69041919708252,4.502386569976807,5.775242805480957,3.033780574798584,2.9895479679107666,2.7179737091064453,3.0323379039764404,3.5206570625305176,3.1602916717529297,2.7248220443725586,0.1272198110818863,0.09705758094787598,0.09612882882356644,0.1442665159702301,0.4004516303539276,0.9322826862335205,0.7368936538696289,0.3341490626335144,0.26628148555755615,0.2532091736793518,0.2249705195426941,0.17927204072475433,0.1535326987504959,0.1222282350063324,0.10899364203214645,0.11308276653289795,0.13256549835205078,0.15745194256305695,0.1966416835784912,0.24577926099300385,0.23948149383068085,0.26004496216773987,0.24239660799503326,0.1980094462633133,725.9654152809537,771.623098988544,1784.01787940996,0.02169736078886311,0.0004506292752921581,1090.0,1100.0,1095.0,1144.32,1154.32,1149.32,2,meditation
P7,-11.93099308013916,-16.858304977416992,-28.285219192504883,-33.594844818115234,-40.332069396972656,-41.873069763183594,-41.37751770019531,-43.89604187011719,-45.348533630371094,-46.79022979736328,-49.094017028808594,-49.1517448425293,-50.12913131713867,-51.86827850341797,-53.832359313964844,-55.03825759887695,-54.86574935913086,-56.60662841796875,-58.386993408203125,-60.083351135253906,-61.26569747924805,-61.564395904541016,-62.02260208129883,-61.80086898803711,-61.888004302978516,-62.186622619628906,-62.23295593261719,-62.068359375,-62.00123977661133,-62.152671813964844,-62.588645935058594,-64.14584350585938,3.55942702293396,4.347761631011963,3.0696909427642822,4.052412986755371,3.4237782955169678,3.1219310760498047,3.501875400543213,3.353804349899292,3.44944167137146,3.8405065536499023,3.781827688217163,3.508636236190796,3.1791632175445557,3.3947157859802246,3.506540298461914,3.3537535667419434,3.386605739593506,3.7009336948394775,3.345466375350952,2.8614492416381836,2.2386791706085205,2.140819787979126,2.0148143768310547,1.9662264585494995,1.889843463897705,2.0456364154815674,2.2022204399108887,2.0233588218688965,2.2585771083831787,2.1629204750061035,2.030690908432007,1.3472057580947876,-289.0760803222656,65.29814910888672,25.48249053955078,13.35056209564209,13.58008861541748,11.966828346252441,7.259796142578125,8.064228057861328,5.815260887145996,4.421830177307129,8.170985221862793,5.299796104431152,5.455737590789795,3.191882610321045,3.3634841442108154,3.233092784881592,3.1122066974639893,3.1734297275543213,2.9030678272247314,2.983464479446411,0.23201316595077515,0.19718389213085175,0.21129195392131805,0.2771676480770111,0.47633543610572815,0.7957728505134583,0.7142871618270874,0.5367472171783447,0.4779365658760071,0.44952669739723206,0.3880196809768677,0.3089134991168976,0.20639874041080475,0.19132107496261597,0.20444856584072113,0.2189427763223648,0.21536925435066223,0.275684118270874,0.22771283984184265,0.30503225326538086,0.29030513763427734,0.31337714195251465,0.2764350473880768,0.24605467915534973,828.392975156763,1073.687475076131,1928.0873295341482,0.023547391603828308,0.0004001031629741192,1100.0,1110.0,1105.0,1154.32,1164.32,1159.32,2,meditation
P7,-9.850607872009277,-13.309197425842285,-25.40799903869629,-31.20553207397461,-37.9861946105957,-39.047218322753906,-38.87189865112305,-40.740447998046875,-42.88192367553711,-44.44584655761719,-46.56934356689453,-46.66909408569336,-47.29619598388672,-49.0155143737793,-51.5845947265625,-53.026527404785156,-53.11040496826172,-54.83352279663086,-56.28265380859375,-57.280120849609375,-58.63672637939453,-59.662620544433594,-60.093631744384766,-60.01934814453125,-59.808597564697266,-59.91823196411133,-59.78049850463867,-59.669246673583984,-59.50812911987305,-59.613162994384766,-60.108604431152344,-61.53731155395508,3.8344438076019287,5.49216890335083,3.103534460067749,3.5580763816833496,3.8170719146728516,3.9057047367095947,3.3658740520477295,3.2561123371124268,3.8437492847442627,3.7983241081237793,4.255617141723633,4.494833469390869,3.257833480834961,3.191336154937744,3.1918137073516846,3.0227854251861572,3.118431568145752,3.064605951309204,3.1109752655029297,3.3147406578063965,2.633995294570923,2.089949607849121,2.007143020629883,2.0546600818634033,2.321399450302124,2.1332943439483643,2.0510778427124023,2.270535469055176,2.296947717666626,2.1191835403442383,2.091672658920288,1.6287403106689453,-275.37762451171875,66.11295318603516,26.25072479248047,12.775150299072266,13.661873817443848,11.92540168762207,7.599458694458008,8.159778594970703,5.158724308013916,4.840388774871826,9.786819458007812,4.722207546234131,5.139824867248535,3.608126163482666,3.6647400856018066,3.269630193710327,2.898306131362915,3.099576234817505,3.3314836025238037,2.903127908706665,0.26019954681396484,0.20881323516368866,0.21389316022396088,0.27094754576683044,0.4676629900932312,0.8392188549041748,0.7314729690551758,0.46901535987854004,0.4027758836746216,0.3834609091281891,0.3616807758808136,0.31483644247055054,0.25539466738700867,0.2066127061843872,0.21624144911766052,0.23661653697490692,0.22087006270885468,0.23277735710144043,0.21326151490211487,0.29386746883392334,0.28193163871765137,0.2904040217399597,0.2981340289115906,0.27491748332977295,831.9837205579605,1060.7975298180104,1925.5920638218158,0.02642496555974478,0.0003974691207986325,1110.0,1120.0,1115.0,1164.32,1174.32,1169.32,2,meditation
P7,-9.77149486541748,-12.186468124389648,-26.80019760131836,-32.39318084716797,-39.09054183959961,-40.18388366699219,-39.804805755615234,-42.2661018371582,-44.07260513305664,-45.85366439819336,-47.91823959350586,-47.867401123046875,-48.779048919677734,-50.1229362487793,-52.224971771240234,-54.30900955200195,-54.72913360595703,-56.34656524658203,-57.37456512451172,-58.360870361328125,-59.51408386230469,-60.9351806640625,-61.72041702270508,-62.00712203979492,-62.01085662841797,-62.05181884765625,-61.60403823852539,-61.635013580322266,-61.522308349609375,-61.3958740234375,-61.6304817199707,-63.21179962158203,3.831214666366577,4.7857985496521,3.236457586288452,3.4652748107910156,3.3696129322052,3.1011962890625,3.2045278549194336,3.4799301624298096,3.2009105682373047,3.287121057510376,3.240546226501465,3.3364381790161133,3.293701648712158,3.297621011734009,3.0921859741210938,3.016531229019165,2.901758909225464,3.4602203369140625,3.4899685382843018,3.210113525390625,2.9718728065490723,2.5471370220184326,2.2083003520965576,2.0554354190826416,1.892529010772705,1.9784513711929321,2.256409168243408,2.370189905166626,2.4292068481445312,2.3938355445861816,2.1832375526428223,1.8011224269866943,-282.7887268066406,68.32611846923828,26.443445205688477,13.69556713104248,14.9889554977417,12.000811576843262,8.59096908569336,8.473094940185547,5.26540994644165,5.786943435668945,8.188273429870605,5.370145797729492,4.8287224769592285,3.1451914310455322,3.4715371131896973,3.1739964485168457,2.8913838863372803,3.3090250492095947,3.323916435241699,3.1064767837524414,0.1377887725830078,0.11090761423110962,0.12006895989179611,0.1850944459438324,0.44583362340927124,0.8856126070022583,0.7402802109718323,0.4111626446247101,0.3204956352710724,0.2682274878025055,0.2141025960445404,0.17425614595413208,0.1719367653131485,0.13648714125156403,0.13280479609966278,0.16108793020248413,0.1737963855266571,0.20988698303699493,0.19969861209392548,0.3074674606323242,0.28411751985549927,0.2637387216091156,0.22011366486549377,0.19240312278270721,736.4135085060519,818.5115238906612,1799.247280196048,0.020533869272041764,0.00048237646115012467,1120.0,1130.0,1125.0,1174.32,1184.32,1179.32,2,meditation
P7,-10.804463386535645,-14.69703483581543,-27.622684478759766,-33.623924255371094,-40.93812561035156,-42.77152633666992,-42.59614562988281,-44.77244186401367,-46.586952209472656,-47.903846740722656,-50.395751953125,-50.883392333984375,-51.80374526977539,-53.34811782836914,-55.63446044921875,-57.515621185302734,-57.031314849853516,-59.82402801513672,-61.45816421508789,-62.41748809814453,-63.15436553955078,-63.59524917602539,-63.803558349609375,-63.746158599853516,-63.89680480957031,-63.914371490478516,-63.90582275390625,-64.05485534667969,-64.1299819946289,-64.22777557373047,-64.4827880859375,-65.36265563964844,3.3148326873779297,4.665307998657227,3.01985239982605,3.986309051513672,3.555450439453125,3.189277172088623,3.2433829307556152,3.278548002243042,3.0683131217956543,3.019747018814087,2.517420768737793,2.9654111862182617,2.7493247985839844,2.402763843536377,2.2808852195739746,2.1587297916412354,2.011423349380493,1.9320207834243774,1.8765478134155273,1.7552977800369263,1.646957278251648,1.6197662353515625,1.4886730909347534,1.33207368850708,1.3159570693969727,1.2617281675338745,1.2865126132965088,1.1981520652770996,1.001131534576416,0.8728612065315247,0.7906463742256165,0.8515151739120483,-297.14459228515625,69.36316680908203,29.18585205078125,14.418780326843262,14.127845764160156,13.456101417541504,8.618529319763184,7.884365558624268,6.301473617553711,4.84004020690918,3.2998547554016113,4.095093250274658,3.166388511657715,2.6990039348602295,3.150942802429199,2.9540257453918457,3.047163724899292,2.9345884323120117,2.7848100662231445,2.6385741233825684,0.23694701492786407,0.19343866407871246,0.20702964067459106,0.26501187682151794,0.4477950930595398,0.8619929552078247,0.7061989307403564,0.4060502052307129,0.3562919795513153,0.35802844166755676,0.34136471152305603,0.300275057554245,0.2567840814590454,0.20489183068275452,0.21265831589698792,0.22424450516700745,0.1922784149646759,0.23478303849697113,0.21339647471904755,0.25704285502433777,0.2637472450733185,0.30160534381866455,0.31294935941696167,0.3010339140892029,653.8762690119474,576.3754010477088,1714.2535087559113,0.02163958272911833,0.00046634048339910805,1130.0,1140.0,1135.0,1184.32,1194.32,1189.32,2,meditation
P7,-9.295952796936035,-15.447911262512207,-27.45197868347168,-32.94207763671875,-40.308929443359375,-41.82118606567383,-41.74700927734375,-44.12767028808594,-46.45948791503906,-48.0841064453125,-50.10851287841797,-50.36745834350586,-51.29317855834961,-53.03470230102539,-55.4221305847168,-56.63350296020508,-56.586280822753906,-59.17720031738281,-60.73244857788086,-61.875587463378906,-62.43503952026367,-62.841758728027344,-62.83734130859375,-63.00703430175781,-63.007755279541016,-63.18885803222656,-63.2835807800293,-63.16215515136719,-63.1624870300293,-63.1960563659668,-63.56269073486328,-64.62583923339844,3.911196708679199,4.859920024871826,2.999699354171753,3.7877323627471924,3.0420281887054443,2.9697580337524414,3.3558366298675537,2.957047939300537,3.2089858055114746,3.125807762145996,3.192094326019287,2.8681910037994385,2.760789632797241,2.468130111694336,2.5497801303863525,2.593348979949951,2.401792049407959,2.5092947483062744,2.2660958766937256,1.8110636472702026,1.9375020265579224,1.613289475440979,1.6772443056106567,1.739961862564087,1.9589674472808838,1.5644595623016357,1.5610626935958862,1.7195438146591187,1.8143965005874634,1.7715508937835693,1.36083984375,1.173022985458374,-293.6664123535156,68.463623046875,29.582311630249023,14.706493377685547,14.083971977233887,13.109086990356445,8.266057968139648,7.582413196563721,6.27993106842041,5.244765758514404,5.633617401123047,4.311044216156006,3.5857527256011963,2.817939281463623,3.428682565689087,3.0968024730682373,2.8766632080078125,2.894526720046997,3.0772674083709717,2.6350321769714355,0.3229815363883972,0.292227566242218,0.3180682063102722,0.36926013231277466,0.5657100677490234,0.8620316386222839,0.7039783000946045,0.45867636799812317,0.39491528272628784,0.37761175632476807,0.3770216405391693,0.3562386631965637,0.2733083963394165,0.23463281989097595,0.24323685467243195,0.2376759797334671,0.1977098435163498,0.23041443526744843,0.21723443269729614,0.2824626564979553,0.2718331813812256,0.28806057572364807,0.3036131262779236,0.28915470838546753,622.9261789172004,549.2715432859628,1679.854427600277,0.019076955843967517,0.0005427488940767944,1140.0,1150.0,1145.0,1194.32,1204.32,1199.32,2,meditation
P7,-9.590659141540527,-15.963425636291504,-29.173145294189453,-35.31888198852539,-42.07704544067383,-43.58933639526367,-43.590606689453125,-46.37209701538086,-48.084476470947266,-49.411983489990234,-51.12516403198242,-51.90283203125,-52.993812561035156,-54.48068618774414,-56.67671585083008,-58.2110595703125,-58.10483169555664,-60.8461799621582,-62.29161834716797,-63.36077117919922,-64.11737060546875,-64.64033508300781,-64.828369140625,-64.95118713378906,-64.8357925415039,-64.88111114501953,-64.9990234375,-65.03166961669922,-64.93408966064453,-65.0658950805664,-65.37958526611328,-66.41454315185547,3.761068105697632,4.411648750305176,3.095682144165039,3.5778756141662598,3.242501974105835,3.1876916885375977,3.332364559173584,3.1257150173187256,3.2168333530426025,3.01676082611084,2.89302396774292,2.8724358081817627,2.6762115955352783,2.6609036922454834,2.3378214836120605,2.174328565597534,2.128310203552246,2.0642378330230713,1.9266612529754639,1.6831783056259155,1.5313491821289062,1.6273845434188843,1.5476410388946533,1.501111388206482,1.3906490802764893,1.2362858057022095,1.207492709159851,1.1528433561325073,1.1107351779937744,0.9823075532913208,0.9571780562400818,0.890548825263977,-302.86163330078125,69.22794342041016,29.4870548248291,14.935378074645996,14.955347061157227,13.974353790283203,9.038497924804688,8.429829597473145,6.671035289764404,5.476340293884277,3.883730888366699,3.9890084266662598,3.2212536334991455,2.850275754928589,3.056847095489502,2.967841148376465,2.8573849201202393,2.877394914627075,2.813537836074829,2.5654282569885254,0.3307868540287018,0.30969658493995667,0.3380017876625061,0.3819717466831207,0.5306854844093323,0.8372858762741089,0.7042349576950073,0.47592535614967346,0.42240965366363525,0.41422581672668457,0.3728715181350708,0.34770920872688293,0.286721408367157,0.24928368628025055,0.2628691494464874,0.2553546130657196,0.20515890419483185,0.24002426862716675,0.2052510529756546,0.27661898732185364,0.2935693562030792,0.32173845171928406,0.28538593649864197,0.2815655469894409,565.4168967478528,428.46577726218095,1597.722763275128,0.016737510875870068,0.0005989237688481808,1150.0,1160.0,1155.0,1204.32,1214.32,1209.32,2,meditation
P7,-8.913857460021973,-12.97650146484375,-28.256752014160156,-34.53728485107422,-40.80023193359375,-42.23714065551758,-42.23762130737305,-45.331703186035156,-47.5914421081543,-49.141632080078125,-50.84601593017578,-51.517215728759766,-51.87697982788086,-53.49766159057617,-55.86565017700195,-57.77468490600586,-57.703529357910156,-60.52690887451172,-61.97257995605469,-62.95768356323242,-63.37767791748047,-63.97682189941406,-64.28068542480469,-64.2393569946289,-64.4200439453125,-64.50638580322266,-64.46231842041016,-64.3188247680664,-64.4109115600586,-64.38268280029297,-64.57179260253906,-65.45356750488281,3.0139660835266113,4.388376235961914,2.9767496585845947,3.7602076530456543,3.206997871398926,3.412696361541748,3.5970327854156494,3.4950809478759766,3.2259607315063477,3.562330722808838,3.281709909439087,3.292102336883545,3.118833065032959,2.7725136280059814,2.5600368976593018,2.6774489879608154,2.691063404083252,2.5536742210388184,2.279310464859009,2.137468099594116,2.040951728820801,1.9922484159469604,1.8841159343719482,1.7922667264938354,1.6375011205673218,1.44940185546875,1.4638397693634033,1.5518202781677246,1.5746673345565796,1.541123628616333,1.3567365407943726,1.0883630514144897,-298.5694885253906,70.38134765625,30.668325424194336,15.255504608154297,15.400016784667969,14.009589195251465,9.065092086791992,7.727321147918701,6.65174674987793,6.180220603942871,6.252542495727539,4.435673713684082,3.762657880783081,3.0168297290802,2.881237745285034,2.8067386150360107,3.024384021759033,3.0770986080169678,2.8102755546569824,2.6375277042388916,0.24641598761081696,0.23397807776927948,0.24706049263477325,0.2812458872795105,0.46436041593551636,0.9235422015190125,0.7446122169494629,0.35727110505104065,0.2788885533809662,0.26649010181427,0.2535116672515869,0.2527126967906952,0.2610951364040375,0.23183375597000122,0.2231406718492508,0.21412548422813416,0.16918489336967468,0.17549729347229004,0.1909957230091095,0.2440573126077652,0.2309979498386383,0.23895126581192017,0.21863344311714172,0.23835021257400513,552.1215068634175,405.43374329321347,1571.3241704659313,0.01703319859338747,0.0005966333555988967,1160.0,1170.0,1165.0,1214.32,1224.32,1219.32,2,meditation
P7,-8.965773582458496,-16.89219856262207,-28.362972259521484,-33.8919677734375,-40.334251403808594,-42.65106964111328,-42.37529373168945,-45.04613494873047,-46.760650634765625,-48.472171783447266,-50.60076904296875,-50.86052322387695,-51.1672248840332,-52.74715805053711,-55.43540573120117,-56.72087097167969,-56.4771614074707,-59.23395919799805,-60.22471237182617,-61.324703216552734,-62.70996856689453,-63.40584182739258,-63.8034553527832,-63.584415435791016,-63.551090240478516,-63.77179718017578,-63.789276123046875,-63.88691711425781,-63.88103485107422,-63.950469970703125,-64.39601135253906,-65.54788208007812,3.4819419384002686,4.142621994018555,3.087447166442871,3.676340341567993,3.451720952987671,3.1998417377471924,3.43923282623291,3.2975285053253174,3.140690803527832,3.2248551845550537,3.2981200218200684,2.868166923522949,2.6997416019439697,2.854337692260742,2.65187931060791,2.7719991207122803,2.6621859073638916,2.4734954833984375,2.821993827819824,2.880439043045044,2.0322444438934326,1.8077750205993652,1.6914238929748535,1.7245748043060303,1.7415302991867065,1.535391926765442,1.4391402006149292,1.3385473489761353,1.3014233112335205,1.2856595516204834,1.1363683938980103,1.1558005809783936,-296.0696716308594,68.61114501953125,27.87176513671875,14.899579048156738,14.800339698791504,13.115485191345215,8.065465927124023,8.049345016479492,6.02941370010376,5.256113052368164,5.439510822296143,4.068124771118164,3.863513708114624,3.1910316944122314,3.2823569774627686,3.05733323097229,3.2621569633483887,2.9691288471221924,2.848531484603882,2.848569631576538,0.39096394181251526,0.3677504062652588,0.39782777428627014,0.42829009890556335,0.5410754084587097,0.8051553964614868,0.7094746828079224,0.529282808303833,0.47275444865226746,0.4564661383628845,0.439409077167511,0.43072453141212463,0.28506842255592346,0.25766095519065857,0.2776795029640198,0.2631473243236542,0.2085496485233307,0.2530381679534912,0.2096402496099472,0.27788615226745605,0.26955446600914,0.2866266965866089,0.2683000862598419,0.28331461548805237,572.7115757465237,470.48300192140374,1609.6388670799693,0.016302476073085846,0.0006200994830578566,1170.0,1180.0,1175.0,1224.32,1234.32,1229.32,2,meditation
P7,-8.80567741394043,-14.330294609069824,-28.328874588012695,-33.61896514892578,-40.98213195800781,-42.82240295410156,-41.59555435180664,-44.621620178222656,-46.5825080871582,-48.10486602783203,-50.51931381225586,-50.292938232421875,-51.270957946777344,-52.9360237121582,-55.40275192260742,-57.0012321472168,-56.82154846191406,-59.474098205566406,-60.93621826171875,-62.25590896606445,-63.02763748168945,-63.571834564208984,-63.94440460205078,-63.974159240722656,-64.03730010986328,-63.893043518066406,-64.06116485595703,-64.0859146118164,-63.95553970336914,-63.94256591796875,-64.43968963623047,-65.55933380126953,3.456531524658203,4.670627117156982,3.0546915531158447,3.6328961849212646,3.9805009365081787,3.6806960105895996,3.6849193572998047,3.6556801795959473,3.743359327316284,3.6895148754119873,3.941149950027466,4.132842540740967,4.092323303222656,4.431070327758789,3.8186912536621094,3.6700077056884766,3.662581205368042,3.7213315963745117,3.1178548336029053,2.399966239929199,2.1924848556518555,2.0116682052612305,1.9300141334533691,1.969439148902893,1.998347282409668,2.159569263458252,1.6545711755752563,1.6077439785003662,2.0227551460266113,2.578329563140869,2.0438830852508545,1.2463150024414062,-296.13568115234375,70.06591033935547,28.981220245361328,14.533527374267578,14.989404678344727,13.755387306213379,8.7971830368042,8.439314842224121,6.625735282897949,5.794538497924805,9.70145320892334,4.9433369636535645,5.8831634521484375,3.926401376724243,3.158087730407715,2.7660374641418457,3.115230083465576,2.9686882495880127,3.0431880950927734,2.965287208557129,0.2891710102558136,0.27908554673194885,0.31912243366241455,0.3652617037296295,0.5423285365104675,0.9060727953910828,0.7175909280776978,0.40263012051582336,0.33094605803489685,0.31090909242630005,0.3040512204170227,0.30444127321243286,0.26987192034721375,0.23854771256446838,0.2622770071029663,0.25207799673080444,0.1900986135005951,0.184581458568573,0.18579523265361786,0.2652748227119446,0.2582009732723236,0.26154839992523193,0.26116058230400085,0.2760511636734009,568.4327248826802,463.6883020954176,1585.2693070145847,0.017489758555684454,0.0006296082865446806,1180.0,1190.0,1185.0,1234.32,1244.32,1239.32,2,meditation
P7,-10.224367141723633,-17.89525604248047,-30.12664794921875,-35.90291213989258,-43.94022750854492,-45.22478485107422,-43.83292770385742,-46.873741149902344,-49.21107864379883,-50.679412841796875,-53.00945281982422,-53.20534133911133,-53.83689880371094,-55.35947799682617,-57.85981750488281,-58.997779846191406,-58.840904235839844,-61.78900909423828,-62.85612106323242,-63.750797271728516,-64.97892761230469,-65.4571304321289,-65.65744018554688,-65.93592071533203,-65.98580169677734,-65.80560302734375,-65.84119415283203,-65.85108184814453,-65.80712890625,-65.87409973144531,-66.17647552490234,-67.2708969116211,3.8695709705352783,4.128449440002441,3.3937735557556152,3.978039026260376,3.471770763397217,3.2262232303619385,3.4671175479888916,3.115527391433716,3.2016754150390625,3.0484163761138916,3.0795509815216064,3.296436309814453,3.2733607292175293,2.9499902725219727,2.3333821296691895,2.570246696472168,2.6453003883361816,2.3187708854675293,2.3234457969665527,2.1021194458007812,1.8447779417037964,1.7128900289535522,1.7155250310897827,1.5806134939193726,1.475258469581604,1.508591890335083,1.411015272140503,1.4870330095291138,1.4523169994354248,1.3596655130386353,1.2011624574661255,1.1456280946731567,-308.3088684082031,68.54663848876953,29.260332107543945,15.219107627868652,15.18779468536377,13.412158966064453,8.815019607543945,8.653587341308594,6.872223377227783,6.109935283660889,5.551086902618408,4.245038986206055,3.6827266216278076,2.907594680786133,3.003237247467041,2.664245843887329,2.9120850563049316,3.0381064414978027,2.975165843963623,2.7402589321136475,0.3971933126449585,0.3508438467979431,0.3747655153274536,0.40878957509994507,0.5437523722648621,0.8368993401527405,0.700749933719635,0.4889785051345825,0.45695236325263977,0.457943320274353,0.44392144680023193,0.43170884251594543,0.28242653608322144,0.23510843515396118,0.26070308685302734,0.2528489828109741,0.201423779129982,0.23943926393985748,0.19712765514850616,0.2648463845252991,0.2792527973651886,0.3023051619529724,0.28948885202407837,0.2938677668571472,553.7256605658293,417.8240782700116,1586.7792097077302,0.016587967662412995,0.0006369038601405919,1190.0,1200.0,1195.0,1244.32,1254.32,1249.32,2,meditation
P7,-9.345163345336914,-16.393421173095703,-30.073213577270508,-35.92412185668945,-42.48051452636719,-43.397464752197266,-43.44240951538086,-46.9599494934082,-48.60859680175781,-49.872371673583984,-52.3463249206543,-52.83943176269531,-53.61738586425781,-55.15090560913086,-56.97873306274414,-58.4984130859375,-58.82539367675781,-61.067909240722656,-62.28657913208008,-63.540870666503906,-64.44703674316406,-64.87039947509766,-65.12387084960938,-65.2974624633789,-65.37547302246094,-65.17601013183594,-65.12945556640625,-65.23521423339844,-65.22515106201172,-65.28606414794922,-65.55709838867188,-66.65780639648438,3.328315258026123,3.234783411026001,3.150332450866699,3.4651846885681152,3.1576428413391113,2.724759817123413,3.208264112472534,2.998504161834717,3.175400972366333,3.0907082557678223,2.900285243988037,3.035510540008545,2.941279888153076,2.7216696739196777,2.7208056449890137,2.823333501815796,2.498476266860962,2.846020221710205,2.965381145477295,2.7710471153259277,2.2772254943847656,1.9353238344192505,1.8303529024124146,1.7728900909423828,1.9304864406585693,2.1120352745056152,2.1990504264831543,1.8174636363983154,1.542649745941162,1.7316498756408691,1.887793779373169,1.556511640548706,-304.9450988769531,68.83003234863281,29.920833587646484,15.45695686340332,15.1046142578125,13.398287773132324,8.645880699157715,8.550540924072266,6.911794662475586,6.129762172698975,6.567439556121826,4.383340835571289,3.51444673538208,2.9265434741973877,3.272521495819092,2.8132002353668213,2.7928097248077393,2.8403446674346924,2.6748993396759033,2.6298789978027344,0.38239431381225586,0.3604678213596344,0.3844885528087616,0.42093151807785034,0.5599855184555054,0.8671860694885254,0.6989742517471313,0.45488500595092773,0.3947508633136749,0.38610658049583435,0.3816065490245819,0.38701125979423523,0.2885544002056122,0.25132694840431213,0.2670353651046753,0.261411190032959,0.2025880366563797,0.21750907599925995,0.20891642570495605,0.26395106315612793,0.2615695595741272,0.27991148829460144,0.2616002857685089,0.27482008934020996,535.3331291482298,395.8911869199536,1559.6662537221896,0.015042687790023202,0.0006645206594839692,1200.0,1210.0,1205.0,1254.32,1264.32,1259.32,2,meditation
P7,-10.940778732299805,-15.362007141113281,-30.867599487304688,-36.76414108276367,-43.24793243408203,-45.29245376586914,-44.603248596191406,-47.824989318847656,-49.52253723144531,-51.16246795654297,-53.495330810546875,-53.52622985839844,-54.26858139038086,-56.26021957397461,-58.544490814208984,-60.04030227661133,-60.27942657470703,-62.536617279052734,-64.02487182617188,-65.60086822509766,-66.12084197998047,-66.4223861694336,-66.79638671875,-66.8166275024414,-66.88449096679688,-66.87252044677734,-66.9683837890625,-66.78446197509766,-66.69615173339844,-66.69419860839844,-67.01882934570312,-67.9766616821289,4.055433750152588,4.235519886016846,2.924316883087158,3.849799394607544,3.0848982334136963,3.1045777797698975,3.422050952911377,3.016709327697754,3.18660044670105,3.342622995376587,2.957249164581299,2.926828145980835,2.6602835655212402,2.509693145751953,2.589552640914917,2.402254343032837,2.399630308151245,2.0553009510040283,2.0206310749053955,2.028367280960083,1.7178581953048706,1.6268351078033447,1.596287727355957,1.5625157356262207,1.4411026239395142,1.3512879610061646,1.355419397354126,1.4415918588638306,1.4325262308120728,1.5058658123016357,1.2517563104629517,1.016580581665039,-312.22601318359375,70.53443145751953,30.677989959716797,15.108287811279297,15.499184608459473,14.079524993896484,9.26970100402832,8.432330131530762,6.887152194976807,5.932830333709717,4.93983268737793,3.914217710494995,3.3669466972351074,2.8061811923980713,3.304783821105957,2.9490060806274414,2.9649107456207275,3.114978075027466,2.9780941009521484,2.723647356033325,0.23473262786865234,0.2156626582145691,0.2286495864391327,0.2714581787586212,0.47134456038475037,0.9190028309822083,0.7424085736274719,0.38691624999046326,0.31145501136779785,0.2974778413772583,0.2684420943260193,0.2489236295223236,0.2479773610830307,0.20587760210037231,0.2027210146188736,0.20339134335517883,0.17893296480178833,0.16960576176643372,0.19068101048469543,0.24284926056861877,0.24377188086509705,0.2652444541454315,0.24093885719776154,0.24175028502941132,532.0425981205641,382.2518262398492,1539.9369191280146,0.017199735353828308,0.0006678631179966033,1210.0,1220.0,1215.0,1264.32,1274.32,1269.32,2,meditation
P7,-11.688331604003906,-16.89595603942871,-32.258358001708984,-38.26224899291992,-45.69102478027344,-46.739341735839844,-46.319122314453125,-49.068851470947266,-51.02433395385742,-52.539710998535156,-54.64997100830078,-55.07211685180664,-55.91136932373047,-57.54411697387695,-60.02824020385742,-61.60733413696289,-61.74214553833008,-64.96146392822266,-66.36796569824219,-67.1878433227539,-67.51019287109375,-67.9168472290039,-68.17960357666016,-68.3394775390625,-68.38424682617188,-68.4063949584961,-68.42063903808594,-68.51432800292969,-68.53475189208984,-68.5988540649414,-68.7927474975586,-69.52606964111328,3.64001202583313,3.4915268421173096,3.0102617740631104,3.657829761505127,3.1467998027801514,3.130155563354492,3.1973636150360107,3.33062744140625,3.173682928085327,3.346536636352539,3.4307382106781006,3.56097412109375,3.08400297164917,2.8001227378845215,2.664149284362793,2.4017388820648193,2.4452545642852783,2.0267205238342285,1.801305890083313,1.7549822330474854,1.6633738279342651,1.7428721189498901,1.6685047149658203,1.6897003650665283,1.5743257999420166,1.4609880447387695,1.3666661977767944,1.2283095121383667,1.1220552921295166,1.0907394886016846,1.0210741758346558,1.0409468412399292,-321.14739990234375,70.97382354736328,30.80207633972168,15.118443489074707,15.192273139953613,14.834099769592285,9.970276832580566,8.398575782775879,7.4106526374816895,6.4832539558410645,4.855623722076416,3.584735631942749,3.7681496143341064,3.2834596633911133,2.9942212104797363,3.1599085330963135,2.892611503601074,2.767784833908081,2.740009307861328,2.7928848266601562,0.21973872184753418,0.21840910613536835,0.2626796364784241,0.31752535700798035,0.49083632230758667,0.9274126887321472,0.7625216245651245,0.3897240161895752,0.29285475611686707,0.2758004665374756,0.252726674079895,0.238425150513649,0.20956596732139587,0.18980556726455688,0.2227076292037964,0.23314440250396729,0.19074822962284088,0.15605732798576355,0.16955767571926117,0.22822169959545135,0.22589905560016632,0.2481788843870163,0.22824887931346893,0.22539135813713074,500.8971176602683,341.33374419953594,1493.7519632029391,0.015807397404292343,0.0006894581019878387,1220.0,1230.0,1225.0,1274.32,1284.32,1279.32,2,meditation
P7,-9.220849990844727,-14.425545692443848,-28.460721969604492,-34.46938705444336,-41.142574310302734,-42.65647506713867,-41.690834045410156,-44.89113998413086,-47.2507438659668,-48.66082763671875,-50.54636764526367,-50.91901397705078,-51.72201156616211,-53.28805923461914,-55.49897003173828,-57.41915512084961,-57.398101806640625,-59.796783447265625,-61.120330810546875,-62.34508514404297,-62.86449432373047,-63.36702346801758,-63.72199630737305,-63.811092376708984,-63.956748962402344,-63.834903717041016,-64.03095245361328,-64.05673217773438,-63.90256118774414,-64.02193450927734,-64.67797088623047,-65.58040618896484,3.4426746368408203,4.852038860321045,3.1866090297698975,3.654265880584717,3.5856404304504395,3.3185698986053467,3.828991413116455,3.434631824493408,3.1121902465820312,3.3404836654663086,3.360642910003662,3.118286609649658,3.474466562271118,3.3666751384735107,3.229300022125244,2.767998456954956,2.9340195655822754,2.8417246341705322,2.613478899002075,2.633669853210449,2.318591594696045,2.263472080230713,2.024259328842163,2.0946028232574463,2.0897226333618164,2.2639269828796387,1.8860059976577759,1.5453846454620361,1.7118687629699707,1.4078376293182373,1.072079062461853,0.9416083693504333,-297.1174011230469,69.26802062988281,29.246492385864258,15.069636344909668,14.537447929382324,13.677740097045898,8.824617385864258,8.165077209472656,6.5094428062438965,6.136345863342285,8.188114166259766,4.475521087646484,4.177837371826172,2.8431994915008545,3.276003122329712,3.0805389881134033,2.7268173694610596,2.980534553527832,2.951521396636963,2.826277256011963,0.2931949496269226,0.2777380049228668,0.3079029321670532,0.35990190505981445,0.5592471361160278,0.891564667224884,0.7149360775947571,0.40431541204452515,0.36235445737838745,0.3573217988014221,0.34016093611717224,0.3203454613685608,0.2497558891773224,0.22635005414485931,0.25825127959251404,0.25562119483947754,0.19855555891990662,0.2024378776550293,0.20012982189655304,0.2595125138759613,0.27380266785621643,0.2818518280982971,0.25878068804740906,0.25445765256881714,559.4907966465014,425.5180766023782,1585.887990445844,0.0170921095562645,0.0006184824160300195,1230.0,1240.0,1235.0,1284.32,1294.32,1289.32,2,meditation
P7,-11.597966194152832,-18.297529220581055,-32.3297233581543,-37.480281829833984,-43.65855026245117,-45.68296432495117,-46.084232330322266,-47.99312210083008,-50.1312255859375,-51.38321304321289,-53.38673782348633,-54.511112213134766,-55.273250579833984,-56.24951171875,-58.77671813964844,-59.628841400146484,-59.711029052734375,-62.543643951416016,-64.3551254272461,-65.59598541259766,-66.26890563964844,-67.13874816894531,-67.43838500976562,-67.50747680664062,-67.06024932861328,-67.26915740966797,-67.50959777832031,-67.43934631347656,-67.17485046386719,-67.3490219116211,-67.91653442382812,-68.95600128173828,3.284162998199463,4.161523342132568,3.4459290504455566,3.655240058898926,3.3143930435180664,3.3348798751831055,3.5749094486236572,3.233165740966797,3.0749008655548096,3.1905179023742676,3.172794818878174,2.939579486846924,2.4657301902770996,2.5686564445495605,2.470015287399292,2.387437343597412,2.5335776805877686,2.3709449768066406,1.9796090126037598,1.7776741981506348,1.718718409538269,1.466671347618103,1.3931021690368652,1.353291630744934,1.6933928728103638,1.2353426218032837,1.1549502611160278,1.182639718055725,1.4011645317077637,1.3276128768920898,1.027276873588562,0.9525192975997925,-315.31640625,69.74906921386719,28.65553855895996,14.720884323120117,15.339829444885254,13.607254981994629,8.245220184326172,8.695807456970215,7.099164009094238,5.683635234832764,4.806010723114014,3.7532222270965576,3.311321496963501,2.6942124366760254,2.850468397140503,2.940027952194214,3.040693521499634,2.7948572635650635,2.694862127304077,2.7478020191192627,0.3651748597621918,0.33252328634262085,0.35580724477767944,0.39371880888938904,0.5411950945854187,0.8801087141036987,0.7155792713165283,0.415137380361557,0.3592824637889862,0.3621293008327484,0.36794131994247437,0.3766910433769226,0.2997019588947296,0.24795879423618317,0.2664017677307129,0.2673734724521637,0.20840252935886383,0.20364761352539062,0.1965285837650299,0.2312965989112854,0.24224725365638733,0.2696055769920349,0.2683475911617279,0.28803786635398865,533.6707064503765,384.35018942140374,1551.7640464001845,0.015041554886890952,0.0006590673583559692,1240.0,1250.0,1245.0,1294.32,1304.32,1299.32,2,meditation
P7,-10.178524017333984,-17.305044174194336,-29.867557525634766,-36.2287712097168,-42.863441467285156,-44.37077713012695,-44.43052673339844,-46.162452697753906,-48.63228225708008,-50.51865768432617,-52.888607025146484,-53.20172119140625,-53.840660095214844,-55.176063537597656,-57.63484191894531,-59.296142578125,-59.46318435668945,-62.21296691894531,-63.55944061279297,-64.52665710449219,-64.80815124511719,-65.26927947998047,-65.47291564941406,-65.63207244873047,-65.75238037109375,-65.6785659790039,-65.78276062011719,-65.77122497558594,-65.7701644897461,-65.81471252441406,-66.20795440673828,-67.02625274658203,3.946223497390747,3.8858983516693115,3.342111587524414,3.896413564682007,3.2608258724212646,3.0242674350738525,3.303633689880371,3.1087887287139893,3.0148983001708984,3.1624248027801514,2.7008888721466064,2.8402748107910156,2.509594678878784,2.6329221725463867,2.362260103225708,1.9905579090118408,2.236309289932251,1.7899974584579468,1.7432748079299927,1.560961365699768,1.4446008205413818,1.4354547262191772,1.3757617473602295,1.2987936735153198,1.2422665357589722,1.2199804782867432,1.085402250289917,1.008023977279663,0.9441424608230591,0.9255221486091614,0.917592465877533,0.8954429626464844,-307.8291320800781,69.11548614501953,30.191856384277344,14.953437805175781,14.371440887451172,13.71195125579834,8.974034309387207,7.966089248657227,7.012976169586182,6.435802459716797,3.258178472518921,3.728788375854492,3.2665131092071533,2.711496114730835,3.160364866256714,2.7977259159088135,2.746072769165039,2.714763641357422,2.611651659011841,2.645955801010132,0.3667498826980591,0.3514750301837921,0.38708141446113586,0.42940235137939453,0.5535596013069153,0.8405357003211975,0.6976449489593506,0.4609757661819458,0.41321203112602234,0.4165072739124298,0.3884642422199249,0.3805602192878723,0.29410895705223083,0.2590982913970947,0.2701105773448944,0.2686562240123749,0.2190188616514206,0.24856244027614594,0.21538756787776947,0.2536989748477936,0.2624700665473938,0.2938321530818939,0.26484379172325134,0.2815607190132141,548.9623207324092,402.88573085846866,1581.554957993717,0.017023002465197216,0.0006079936283640563,1250.0,1260.0,1255.0,1304.32,1314.32,1309.32,2,meditation
P7,-9.256490707397461,-12.921948432922363,-29.810165405273438,-35.624908447265625,-41.6952018737793,-43.4691162109375,-43.1631965637207,-45.87737274169922,-47.43064498901367,-48.771759033203125,-50.96854019165039,-51.04991149902344,-52.77980422973633,-53.9480094909668,-56.017417907714844,-57.51675796508789,-57.968597412109375,-60.696510314941406,-62.32012176513672,-63.655147552490234,-64.08257293701172,-64.2708969116211,-64.74407958984375,-64.93443298339844,-65.00536346435547,-64.96405029296875,-64.91938018798828,-64.90138244628906,-64.9385986328125,-65.09580993652344,-65.51590728759766,-66.32962799072266,3.2584400177001953,4.022111415863037,3.275179386138916,3.6752634048461914,3.7950937747955322,3.3731229305267334,3.8219494819641113,3.317802667617798,3.283318519592285,3.2019481658935547,3.701990842819214,3.749232292175293,3.6658825874328613,4.33128023147583,4.390799045562744,3.891179323196411,3.6135239601135254,3.559331178665161,3.162768840789795,2.9504952430725098,2.7266130447387695,2.9678966999053955,2.664990186691284,2.2964072227478027,2.0913186073303223,2.404327630996704,2.558666229248047,2.215211868286133,1.9013618230819702,1.665913462638855,1.44069504737854,1.2712645530700684,-301.3412780761719,70.50120544433594,29.449432373046875,14.754624366760254,15.356669425964355,14.696971893310547,9.533421516418457,8.800750732421875,7.360331058502197,6.3019118309021,10.206653594970703,4.144345760345459,6.2734503746032715,3.2508647441864014,3.03961443901062,3.2875144481658936,2.9797444343566895,2.967059850692749,2.799362897872925,2.822547197341919,0.22685959935188293,0.20187810063362122,0.21532957255840302,0.2489810734987259,0.42720386385917664,0.9333741664886475,0.7727969288825989,0.347568154335022,0.2647615075111389,0.25878283381462097,0.2560138702392578,0.25030389428138733,0.23008258640766144,0.1879376471042633,0.19480480253696442,0.20103424787521362,0.17003850638866425,0.14705248177051544,0.17681707441806793,0.227170929312706,0.23115284740924835,0.24747507274150848,0.24489173293113708,0.25114741921424866,548.4637558421065,423.5446159911543,1554.0467264757406,0.015978465777262182,0.0006444743485189974,1260.0,1270.0,1265.0,1314.32,1324.32,1319.32,2,meditation
P7,-9.929936408996582,-16.832870483398438,-29.84663963317871,-35.7894287109375,-42.17121505737305,-43.202640533447266,-42.685577392578125,-45.34123992919922,-47.76701354980469,-49.02412033081055,-50.056636810302734,-50.489768981933594,-50.839054107666016,-51.95219039916992,-53.678871154785156,-55.49106979370117,-56.35710144042969,-59.303489685058594,-61.393070220947266,-62.57855224609375,-63.02838134765625,-62.60374069213867,-63.52028274536133,-64.32498931884766,-64.61709594726562,-64.28793334960938,-64.02452850341797,-64.31106567382812,-64.87419128417969,-65.44688415527344,-66.17118072509766,-67.11553192138672,3.8919568061828613,4.0472412109375,3.143996000289917,3.710907220840454,4.351698398590088,4.253454208374023,4.4004645347595215,4.774914264678955,4.57855224609375,4.790659427642822,5.332672119140625,5.6746954917907715,6.269436836242676,6.78700590133667,7.36733865737915,7.080563545227051,6.057618141174316,6.10434103012085,5.017407417297363,4.581724166870117,4.746074676513672,6.203713417053223,5.1534295082092285,3.9890689849853516,3.1223838329315186,3.971255302429199,4.793651580810547,4.205327987670898,3.0498359203338623,2.1454944610595703,1.0518909692764282,0.9768026471138,-298.5857849121094,69.0073471069336,24.488183975219727,14.37794017791748,14.872396469116211,15.083653450012207,7.885370254516602,7.534790992736816,6.589934825897217,7.175226211547852,20.58554458618164,4.538553714752197,10.128379821777344,2.9335579872131348,4.074321269989014,3.5035793781280518,3.5706417560577393,2.886021375656128,3.195800542831421,3.625673532485962,0.3798956274986267,0.3739318251609802,0.4245275557041168,0.46386533975601196,0.587405800819397,0.8655454516410828,0.7265745401382446,0.4407697916030884,0.3562881648540497,0.33929574489593506,0.35246163606643677,0.369981050491333,0.28927770256996155,0.2541463077068329,0.2776176929473877,0.2749311327934265,0.21099725365638733,0.21519696712493896,0.2035134732723236,0.23761488497257233,0.22963057458400726,0.249226912856102,0.2686171233654022,0.28261473774909973,574.3942219271436,563.9850660709106,1563.9981199456215,0.016198248984918794,0.0006883104215376079,1270.0,1280.0,1275.0,1324.32,1334.32,1329.32,2,meditation
P7,-16.8177547454834,-23.916715621948242,-36.00198745727539,-42.074058532714844,-48.57585906982422,-50.81251525878906,-50.52260208129883,-52.8138313293457,-55.22675704956055,-56.429195404052734,-58.259117126464844,-58.864437103271484,-59.61716842651367,-61.346954345703125,-62.765037536621094,-64.645263671875,-65.11859893798828,-67.52056884765625,-69.25845336914062,-70.67030334472656,-71.0372314453125,-71.28468322753906,-71.78362274169922,-72.18017578125,-72.32847595214844,-72.07960510253906,-72.0504379272461,-72.29950714111328,-72.38509368896484,-72.73774719238281,-73.37080383300781,-74.31219482421875,4.547129154205322,4.373856544494629,4.2426652908325195,3.8648109436035156,4.532497882843018,4.3111491203308105,4.486910343170166,4.241586208343506,3.8245508670806885,4.487813472747803,3.9687724113464355,3.9972729682922363,3.9969570636749268,4.8756842613220215,5.205521583557129,4.632741451263428,4.385364532470703,4.704191207885742,4.258936882019043,3.861466646194458,3.831716299057007,3.9807028770446777,3.523514986038208,3.1924121379852295,2.6301229000091553,3.0367822647094727,3.0820415019989014,2.580245018005371,2.2209177017211914,1.4576164484024048,0.995845377445221,0.963005542755127,-342.7889099121094,70.18859100341797,28.06763458251953,15.106850624084473,14.70130443572998,14.077723503112793,8.245573043823242,7.988953113555908,6.378472805023193,5.876771926879883,15.478737831115723,4.763492584228516,6.132560729980469,3.568392038345337,3.4209256172180176,2.951336622238159,3.446303129196167,2.985261917114258,2.920442819595337,2.8286709785461426,0.35049641132354736,0.33972254395484924,0.3858252763748169,0.43712180852890015,0.6147797107696533,0.866265058517456,0.6835617423057556,0.4185340404510498,0.3749779164791107,0.36966946721076965,0.3713531792163849,0.36526089906692505,0.2766910195350647,0.24140910804271698,0.2686590850353241,0.26070520281791687,0.20988591015338898,0.2258002609014511,0.20764686167240143,0.2563391327857971,0.26311519742012024,0.27849698066711426,0.272933691740036,0.274679571390152,543.2432405718192,427.86624492459396,1546.6862042365658,0.015387090342227377,0.0007366497884504497,1280.0,1290.0,1285.0,1334.32,1344.32,1339.32,2,meditation
P7,-11.17469596862793,-17.697900772094727,-31.09432029724121,-37.6932373046875,-44.846195220947266,-45.82548141479492,-45.35948944091797,-47.810298919677734,-49.52877426147461,-51.45854949951172,-53.696956634521484,-53.67333984375,-54.28486633300781,-56.376224517822266,-58.750762939453125,-59.80998229980469,-60.026039123535156,-62.582611083984375,-64.0361328125,-65.31168365478516,-65.96961975097656,-66.3797378540039,-66.6830062866211,-66.8777084350586,-66.95263671875,-66.83401489257812,-66.69334411621094,-66.77310943603516,-66.86210632324219,-67.01792907714844,-67.4400863647461,-68.36685943603516,3.542370080947876,4.272083282470703,3.051701784133911,3.529881477355957,3.290400743484497,3.0595874786376953,3.3434319496154785,3.2545204162597656,3.256319284439087,3.3049960136413574,3.0572431087493896,2.708561420440674,2.6590731143951416,2.641951084136963,2.833214521408081,2.65334415435791,2.5842695236206055,2.8185677528381348,2.3610193729400635,1.9744378328323364,2.010434865951538,1.8161813020706177,1.7160344123840332,1.811543345451355,1.9532673358917236,1.8619624376296997,1.7811450958251953,1.6946288347244263,1.426877498626709,1.3326693773269653,1.0630018711090088,0.9982410073280334,-313.5820007324219,69.10926055908203,29.142963409423828,14.920628547668457,15.056862831115723,14.185402870178223,9.236051559448242,8.976033210754395,7.11297082901001,6.224428176879883,5.401270866394043,4.131986141204834,3.7051336765289307,3.042473793029785,3.166658878326416,3.2472212314605713,3.014031410217285,2.8079209327697754,2.6127965450286865,2.7208871841430664,0.3341127336025238,0.3222978711128235,0.3529653549194336,0.3949800431728363,0.6067116260528564,0.8971927762031555,0.7035790681838989,0.4074878692626953,0.345066100358963,0.32466989755630493,0.3195563852787018,0.3286106288433075,0.28879639506340027,0.24278788268566132,0.2551274299621582,0.24643103778362274,0.1981639713048935,0.21349851787090302,0.1954699605703354,0.24544145166873932,0.254088819026947,0.26208895444869995,0.2589266300201416,0.27609342336654663,539.496845008265,398.4641798687645,1559.8920399125318,0.015528703233758701,0.0006561881164088845,1290.0,1300.0,1295.0,1344.32,1354.32,1349.32,2,meditation
P7,-11.592676162719727,-17.23647117614746,-30.714784622192383,-36.82938003540039,-44.061100006103516,-45.28750228881836,-44.3532829284668,-47.015594482421875,-49.664405822753906,-50.885986328125,-52.759090423583984,-53.29248809814453,-54.197776794433594,-55.404075622558594,-57.714168548583984,-59.13125228881836,-59.655208587646484,-62.505035400390625,-64.14544677734375,-65.18978118896484,-65.76301574707031,-66.11939239501953,-66.54672241210938,-67.02070617675781,-67.05651092529297,-66.9248046875,-66.90828704833984,-67.02323150634766,-67.12672424316406,-67.47256469726562,-67.77157592773438,-68.58834838867188,3.5414180755615234,3.7197835445404053,3.2271206378936768,3.8302512168884277,3.617431402206421,3.788287401199341,4.4047722816467285,4.493395805358887,3.9452099800109863,3.657958745956421,3.807096481323242,3.9676520824432373,3.4430315494537354,4.211035251617432,4.21005392074585,3.6657533645629883,3.143925428390503,3.319653034210205,3.1080217361450195,2.932330369949341,2.8781955242156982,2.884012222290039,2.4470322132110596,2.0096359252929688,1.8666326999664307,2.205906629562378,2.3444318771362305,1.7013740539550781,1.5322524309158325,1.1000096797943115,0.992790937423706,1.0242457389831543,-312.18011474609375,70.77997589111328,28.283178329467773,14.574721336364746,14.860124588012695,14.049332618713379,8.725940704345703,8.124845504760742,6.910484790802002,6.3496785163879395,10.332926750183105,4.137773513793945,6.147496223449707,3.007483720779419,3.699697732925415,3.01813006401062,3.1358911991119385,2.8242595195770264,3.050884962081909,2.6185009479522705,0.30008211731910706,0.28971779346466064,0.334075927734375,0.3777308762073517,0.5320183634757996,0.9080302715301514,0.7403618097305298,0.41457265615463257,0.34533143043518066,0.32209527492523193,0.30095529556274414,0.30297771096229553,0.2655779719352722,0.21975095570087433,0.2424560934305191,0.24343271553516388,0.18765200674533844,0.17532922327518463,0.18378522992134094,0.23674868047237396,0.2521180212497711,0.2623935043811798,0.24202658236026764,0.2585476040840149,548.6486263342547,436.2347171367459,1550.7646150226055,0.017451239849187936,0.0006214625318534672,1300.0,1310.0,1305.0,1354.32,1364.32,1359.32,2,meditation
P7,-23.314456939697266,-27.07625389099121,-43.193023681640625,-49.247554779052734,-55.82305908203125,-58.083065032958984,-57.18238830566406,-59.88471603393555,-62.478981018066406,-64.01393127441406,-65.87335205078125,-65.4453125,-66.55332946777344,-67.97396850585938,-70.00931549072266,-71.95803833007812,-72.52433776855469,-75.25560760498047,-76.92306518554688,-77.76606750488281,-78.35433959960938,-78.19873809814453,-78.91815185546875,-79.20654296875,-79.28487396240234,-79.10005950927734,-79.13417053222656,-79.37355041503906,-79.49180603027344,-79.78599548339844,-79.90057373046875,-79.98872375488281,4.451441287994385,4.101740837097168,4.293441295623779,4.016942501068115,4.336262226104736,4.0875115394592285,4.08260440826416,4.0301666259765625,3.767946243286133,3.6221203804016113,4.438616752624512,4.571701526641846,4.12923002243042,4.60329532623291,5.234546661376953,4.725490570068359,4.398202896118164,4.270292282104492,3.8972079753875732,3.5805301666259766,3.1690611839294434,3.6251578330993652,2.773979902267456,2.4874846935272217,2.1189613342285156,2.742021322250366,2.637253999710083,1.9707773923873901,1.5827240943908691,0.6680224537849426,0.37196046113967896,0.07230852544307709,-382.0705261230469,70.71825408935547,29.964948654174805,15.492429733276367,15.867890357971191,14.975325584411621,9.55501651763916,7.623296737670898,7.102254867553711,6.421558856964111,14.740063667297363,4.254520416259766,6.120699882507324,2.934584379196167,3.123033046722412,3.053123950958252,3.292351484298706,2.6439993381500244,2.5880179405212402,2.825185775756836,0.24332791566848755,0.2299845963716507,0.2598540186882019,0.3022010028362274,0.5049214959144592,0.9262264966964722,0.7187454104423523,0.3060395419597626,0.250477135181427,0.2519000768661499,0.24983038008213043,0.25158241391181946,0.24003566801548004,0.21174496412277222,0.24468332529067993,0.24246014654636383,0.17608246207237244,0.17775018513202667,0.19062155485153198,0.2236071527004242,0.2415114790201187,0.26328137516975403,0.24230463802814484,0.24248069524765015,495.9846577614934,361.1932528821056,1453.4872339818235,0.015571753552784224,0.0008141009020619094,1310.0,1320.0,1315.0,1364.32,1374.32,1369.32,2,meditation
P8,-19.62615966796875,-28.71645736694336,-33.378868103027344,-39.14242935180664,-41.7936897277832,-37.905330657958984,-41.06892395019531,-48.37005615234375,-48.49232864379883,-49.78923416137695,-50.406158447265625,-51.83927917480469,-51.06074142456055,-53.137271881103516,-54.44502258300781,-54.77623748779297,-55.11212921142578,-55.733436584472656,-55.511810302734375,-56.14517593383789,-56.55537796020508,-56.3568229675293,-56.671058654785156,-57.03892517089844,-56.87886047363281,-57.71550369262695,-57.11477279663086,-56.1634635925293,-55.302490234375,-54.2763557434082,-53.81437301635742,-54.60520553588867,7.441274166107178,8.03856086730957,8.430150032043457,8.606196403503418,9.175199508666992,7.956421852111816,8.591343879699707,9.993157386779785,9.133926391601562,8.316460609436035,8.196012496948242,8.465819358825684,8.063384056091309,7.954020977020264,7.731569766998291,8.176735877990723,7.480907917022705,7.389926433563232,7.914952754974365,7.666447639465332,7.3221516609191895,7.071081161499023,7.070088863372803,6.907307147979736,6.194572925567627,6.18722677230835,6.656872272491455,7.129389762878418,7.471339225769043,7.686206340789795,7.550634860992432,7.4686689376831055,-282.656005859375,40.450443267822266,26.18366241455078,10.633637428283691,10.132991790771484,4.289714813232422,5.1991190910339355,2.8355233669281006,3.0390965938568115,4.524668216705322,39.158409118652344,12.780707359313965,7.1278510093688965,6.834863662719727,4.282785415649414,4.433801174163818,3.218952178955078,2.8388919830322266,3.0252742767333984,3.0698471069335938,0.7467710971832275,0.6816202998161316,0.5804076790809631,0.6246274709701538,0.621527373790741,0.596434473991394,0.49094557762145996,0.5215670466423035,0.5531848669052124,0.5430835485458374,0.5489572286605835,0.6505166888237,0.2864634096622467,0.2525072395801544,0.2213647961616516,0.2648496925830841,0.25351133942604065,0.2801680564880371,0.24428236484527588,0.26627272367477417,0.2541716396808624,0.2483317106962204,0.2289115935564041,0.2491346299648285,2486.2945454058827,6853.453995069605,3184.1312654414364,0.06235498839907193,0.005224313121289015,0.0,10.0,5.0,56.0,66.0,61.0,3,pranayama
P8,-7.57436466217041,-14.873144149780273,-23.449769973754883,-28.82925796508789,-29.965768814086914,-27.229169845581055,-34.43098068237305,-42.37928771972656,-38.50874328613281,-37.117340087890625,-36.968502044677734,-41.26300048828125,-42.82804489135742,-44.53725051879883,-46.428199768066406,-47.03234100341797,-46.539588928222656,-47.08504867553711,-48.76613235473633,-50.085655212402344,-50.74679946899414,-51.25304412841797,-51.462032318115234,-51.79576110839844,-50.858360290527344,-51.397335052490234,-51.104915618896484,-50.129146575927734,-49.850582122802734,-48.80174255371094,-48.11021041870117,-49.22518539428711,3.63316011428833,4.778208255767822,3.934431791305542,5.165400505065918,7.236048698425293,6.007267951965332,2.924294948577881,2.9932608604431152,5.8077473640441895,7.764535903930664,7.001053810119629,4.663426399230957,3.6287052631378174,3.7613558769226074,3.1136257648468018,3.1431081295013428,3.664302110671997,3.6304550170898438,3.106602430343628,2.7107200622558594,3.0128674507141113,2.5261354446411133,2.769717216491699,3.332672357559204,4.726280212402344,5.291463851928711,4.5343828201293945,4.523739814758301,4.647624969482422,4.615172386169434,4.529291152954102,4.264042854309082,-236.99154663085938,52.472652435302734,27.027584075927734,9.219948768615723,12.02038288116455,7.5862135887146,7.071900844573975,5.427456378936768,2.3753530979156494,0.5629879832267761,14.94128131866455,13.505370140075684,4.922529697418213,4.859551906585693,4.003969669342041,3.382859706878662,3.426244020462036,3.311591625213623,3.009183406829834,3.8892035484313965,0.6350178122520447,0.4246009886264801,0.3184858560562134,0.2786279320716858,0.23537693917751312,0.218768909573555,0.18607868254184723,0.20478636026382446,0.2785705029964447,0.3923495411872864,0.6633518934249878,0.7998538017272949,0.2514837980270386,0.2688766419887543,0.22999915480613708,0.25940772891044617,0.2713077664375305,0.2564016580581665,0.21862907707691193,0.25190269947052,0.24393674731254578,0.24265927076339722,0.29567596316337585,0.26971274614334106,1864.243174743427,4992.630521769866,2852.3602315692347,0.03939444061774942,0.0077224369160830975,10.0,20.0,15.0,66.0,76.0,71.0,3,pranayama
P8,-11.751561164855957,-19.291872024536133,-26.668489456176758,-32.541160583496094,-33.8520622253418,-32.26374816894531,-37.76677703857422,-45.673614501953125,-43.83475875854492,-43.92689514160156,-44.026885986328125,-46.117733001708984,-46.38677215576172,-47.925743103027344,-49.53701400756836,-50.81382369995117,-50.38182830810547,-50.91332244873047,-51.580711364746094,-52.87520980834961,-53.7464599609375,-54.74359130859375,-55.086666107177734,-55.275333404541016,-54.669219970703125,-55.4835319519043,-55.12023162841797,-54.40114212036133,-53.909149169921875,-52.98945999145508,-52.39272689819336,-53.03977584838867,4.751997947692871,6.142001628875732,6.2418341636657715,5.953044414520264,7.80872106552124,4.994819641113281,3.058760404586792,3.866729259490967,5.366767406463623,5.603765964508057,5.809638977050781,5.4259257316589355,4.452690124511719,4.65032958984375,4.572780132293701,3.7221944332122803,4.078161716461182,4.543909549713135,4.480271339416504,3.835354804992676,3.8926138877868652,2.9062507152557373,3.421996831893921,4.046727180480957,4.159243106842041,4.098970890045166,3.5657641887664795,3.4887282848358154,4.1205244064331055,3.956204414367676,3.4112582206726074,3.435713529586792,-259.6827087402344,51.26631546020508,26.362531661987305,11.862724304199219,13.478046417236328,6.738419532775879,5.830703258514404,3.7562482357025146,2.0258090496063232,1.9583046436309814,16.365324020385742,13.273195266723633,5.067671775817871,4.932562828063965,5.183967590332031,3.1929194927215576,3.758870840072632,3.4710474014282227,3.3739395141601562,3.731734275817871,0.6769711971282959,0.47841140627861023,0.3510932922363281,0.3326105773448944,0.31388023495674133,0.2797982692718506,0.2322009652853012,0.2754453420639038,0.3690493106842041,0.47218507528305054,0.6133422255516052,0.6901505589485168,0.3160005211830139,0.2876037359237671,0.2816309332847595,0.3311570882797241,0.3251091241836548,0.30038341879844666,0.24445611238479614,0.26003214716911316,0.26272475719451904,0.3012784421443939,0.3364672362804413,0.250823438167572,1853.5587217242996,4903.724872208527,2865.022268487781,0.035399824173433875,0.007782838772982359,20.0,30.0,25.0,76.0,86.0,81.0,3,pranayama
P8,-7.110860347747803,-13.786152839660645,-19.583494186401367,-27.728851318359375,-28.935749053955078,-27.37892723083496,-31.5867862701416,-39.90529251098633,-38.69384002685547,-38.581478118896484,-38.35093688964844,-40.78684997558594,-41.12543487548828,-43.10938262939453,-44.679805755615234,-46.286460876464844,-45.6668815612793,-45.25861740112305,-45.87858963012695,-47.04779052734375,-47.553260803222656,-48.69973373413086,-49.312381744384766,-49.53823471069336,-48.98324966430664,-49.91181945800781,-49.565521240234375,-48.372169494628906,-47.73667526245117,-46.82230758666992,-46.76948928833008,-47.77313232421875,3.67350172996521,6.452432632446289,7.369635581970215,5.372653484344482,7.361345291137695,5.284546852111816,4.226949214935303,4.95975923538208,6.221344947814941,6.738999843597412,6.850319862365723,6.32918643951416,4.45183801651001,4.8348236083984375,4.3135905265808105,3.6843020915985107,4.408145427703857,5.533721446990967,6.052934646606445,7.160529613494873,6.952583312988281,5.014242649078369,4.417582988739014,4.550740718841553,4.156845569610596,4.370858669281006,3.879683017730713,4.366160869598389,5.011816024780273,4.884601593017578,3.9620463848114014,3.1904845237731934,-228.48744201660156,50.289222717285156,27.075546264648438,12.437582015991211,12.646368026733398,6.215233325958252,6.4490885734558105,4.414231300354004,1.1831855773925781,2.1820664405822754,19.24681282043457,16.551570892333984,6.540783405303955,6.4292426109313965,4.6131086349487305,3.703631639480591,2.9722657203674316,3.4543139934539795,3.496490001678467,3.7931711673736572,0.8660477995872498,0.5770481824874878,0.37456968426704407,0.33760806918144226,0.2952178716659546,0.2556820809841156,0.23118723928928375,0.24974127113819122,0.25608956813812256,0.2777477204799652,0.3929290771484375,0.6220147013664246,0.2435215413570404,0.2333555668592453,0.2826489806175232,0.31962233781814575,0.2946911156177521,0.2849012315273285,0.2594747841358185,0.27086299657821655,0.2701457738876343,0.2693501114845276,0.2537704110145569,0.25442755222320557,1906.8563305553837,5103.993653476653,2869.706636980454,0.04037213602088167,0.007463913876563311,30.0,40.0,35.0,86.0,96.0,91.0,3,pranayama
P8,-9.511809349060059,-20.36974334716797,-25.087472915649414,-31.46059799194336,-34.921512603759766,-29.978435516357422,-32.96913146972656,-41.45786666870117,-41.49113464355469,-42.73709487915039,-42.701847076416016,-44.654571533203125,-43.42117691040039,-45.76686477661133,-47.177066802978516,-48.04323959350586,-48.00236511230469,-48.833621978759766,-49.10721969604492,-49.5915641784668,-49.83391189575195,-49.56159210205078,-49.62913131713867,-49.87172317504883,-49.307525634765625,-50.17116165161133,-49.9820556640625,-49.47624588012695,-48.905487060546875,-47.89412307739258,-47.12438201904297,-47.98200988769531,3.2989211082458496,2.452971935272217,2.242060899734497,2.7458107471466064,2.3010504245758057,1.8437284231185913,1.890424370765686,2.343701124191284,2.2896974086761475,2.4149229526519775,2.3956685066223145,1.9643940925598145,2.277035713195801,1.7790343761444092,1.7809476852416992,1.7643142938613892,1.6717866659164429,1.5747634172439575,1.607332468032837,1.4036102294921875,1.4043229818344116,1.365259051322937,1.3437838554382324,1.4059116840362549,1.3778514862060547,1.3286598920822144,1.1780502796173096,1.1738401651382446,1.2408463954925537,1.3856881856918335,1.3146021366119385,1.2640000581741333,-241.65792846679688,42.99784469604492,27.419002532958984,11.714104652404785,10.379960060119629,6.098729610443115,5.679650783538818,2.878626823425293,3.9357025623321533,4.701534748077393,3.187063217163086,2.8477156162261963,2.416705369949341,2.3060786724090576,2.1122214794158936,2.1300928592681885,2.1035914421081543,2.124950408935547,2.133310556411743,2.0142712593078613,0.7429215312004089,0.625943124294281,0.6395282745361328,0.6600334644317627,0.6680203080177307,0.5237352848052979,0.49440139532089233,0.558064341545105,0.5734637975692749,0.5841653943061829,0.6824336051940918,0.7883776426315308,0.24435172975063324,0.17861133813858032,0.2208089977502823,0.2232387363910675,0.26356226205825806,0.23401808738708496,0.21522848308086395,0.22499266266822815,0.23293998837471008,0.21218737959861755,0.2040930539369583,0.2599792182445526,2126.4072528102397,6533.628473481003,3151.6602743991452,0.034885486151392114,0.004867413081228733,40.0,50.0,45.0,96.0,106.0,101.0,3,pranayama
P8,-8.48799991607666,-18.333078384399414,-23.40702247619629,-30.097158432006836,-33.15475082397461,-28.120817184448242,-31.25118637084961,-39.700035095214844,-39.62251663208008,-40.658905029296875,-40.952938079833984,-42.50131607055664,-41.719947814941406,-43.87066650390625,-45.03305435180664,-45.91082763671875,-45.810577392578125,-46.44684600830078,-46.871856689453125,-47.34678268432617,-47.54512405395508,-47.26689910888672,-47.3979377746582,-47.879486083984375,-47.38539505004883,-48.200740814208984,-47.79326248168945,-47.17021942138672,-46.75381851196289,-45.68817901611328,-44.841102600097656,-45.70125961303711,3.42681622505188,2.195546865463257,2.3155694007873535,2.7266085147857666,2.3281266689300537,2.1714489459991455,1.8786306381225586,2.2043280601501465,2.253788948059082,2.408425807952881,2.536135673522949,2.147853374481201,2.28041410446167,1.9081894159317017,1.9590991735458374,1.844305396080017,1.9779812097549438,2.0213241577148438,2.065784215927124,2.232386589050293,2.2338709831237793,2.103719711303711,1.9421979188919067,1.8375340700149536,1.7095775604248047,1.5537883043289185,1.750387191772461,1.9423850774765015,2.0430853366851807,2.0038435459136963,1.9186911582946777,2.1732587814331055,-230.326171875,41.831817626953125,26.86981773376465,11.5975341796875,10.517439842224121,5.659901142120361,5.660909175872803,3.002807140350342,3.8203020095825195,4.692480087280273,5.932769775390625,3.9987399578094482,2.5261898040771484,2.6050119400024414,2.259516477584839,2.376166820526123,2.1616835594177246,2.0029733180999756,2.0284974575042725,2.1157822608947754,0.7582728266716003,0.6625146269798279,0.6263715624809265,0.6835037469863892,0.6846180558204651,0.6156383752822876,0.5165072083473206,0.579789400100708,0.5990654230117798,0.5901007652282715,0.6273675560951233,0.7251302003860474,0.25859057903289795,0.199614480137825,0.19810666143894196,0.2106054574251175,0.22308588027954102,0.25326254963874817,0.2192884087562561,0.2522095739841461,0.241363987326622,0.24288135766983032,0.21570993959903717,0.23184823989868164,2247.792691592919,6790.378197052639,3206.4363305701477,0.04195140298723898,0.004494638182222843,50.0,60.0,55.0,106.0,116.0,111.0,3,pranayama
P8,-8.003961563110352,-17.78702163696289,-23.2437744140625,-29.58063507080078,-32.776939392089844,-28.63945960998535,-31.459260940551758,-38.7174186706543,-39.074684143066406,-40.26419448852539,-41.08730697631836,-42.46477508544922,-41.52143859863281,-43.425758361816406,-44.778350830078125,-45.42729568481445,-45.58699417114258,-46.14677047729492,-46.32304000854492,-46.75628662109375,-46.96659469604492,-46.90928649902344,-46.87087631225586,-47.2415885925293,-46.748085021972656,-47.26222610473633,-46.987220764160156,-46.31735610961914,-45.7574348449707,-44.82936477661133,-44.129493713378906,-45.2026252746582,3.4819960594177246,2.33974552154541,2.418240785598755,2.807992935180664,2.4999518394470215,2.3097124099731445,2.240525245666504,2.1879348754882812,2.4046177864074707,2.350623607635498,2.3265254497528076,2.239504814147949,2.4016897678375244,2.260028123855591,2.060991048812866,1.9766123294830322,1.9774404764175415,1.8337748050689697,1.7603720426559448,1.6759002208709717,1.7931492328643799,1.6135870218276978,1.5698440074920654,1.6225526332855225,1.6075347661972046,1.7779150009155273,1.719661831855774,2.0313563346862793,2.8093369007110596,2.6817517280578613,2.5284392833709717,2.3079323768615723,-227.73922729492188,40.75411605834961,27.354625701904297,11.798866271972656,10.508439064025879,5.905656814575195,5.6074652671813965,3.54394793510437,3.9903876781463623,4.991706371307373,5.227293014526367,5.057277679443359,3.0121142864227295,2.729278802871704,2.313014507293701,2.1890342235565186,2.096090793609619,2.306412935256958,2.067723512649536,2.0996642112731934,0.7494950294494629,0.6670001149177551,0.6218101978302002,0.669133722782135,0.6662918925285339,0.6027086973190308,0.474298894405365,0.5284691452980042,0.5640845894813538,0.5543087720870972,0.5858999490737915,0.6903747916221619,0.268604576587677,0.21097879111766815,0.19917099177837372,0.23357883095741272,0.23395027220249176,0.2623038589954376,0.21379253268241882,0.23787981271743774,0.23676614463329315,0.2378087043762207,0.20434023439884186,0.23042449355125427,2322.0394571842157,6848.532833798579,3225.0863078744287,0.0437504531612529,0.00443385262042284,60.0,70.0,65.0,116.0,126.0,121.0,3,pranayama
P8,-7.586484909057617,-11.036717414855957,-22.050933837890625,-26.702133178710938,-31.30534553527832,-30.07541275024414,-31.792381286621094,-33.86728286743164,-33.79423904418945,-35.39424514770508,-35.89552307128906,-36.536624908447266,-36.777183532714844,-37.636146545410156,-37.8387565612793,-38.1463623046875,-38.718868255615234,-39.29566955566406,-39.68433380126953,-39.7537956237793,-39.910762786865234,-40.724586486816406,-41.05097198486328,-41.082679748535156,-41.45539093017578,-41.88167190551758,-41.76799011230469,-41.499420166015625,-40.852073669433594,-40.06947708129883,-39.894142150878906,-41.37687683105469,3.014409303665161,4.084258079528809,2.9666736125946045,3.499385118484497,3.5010151863098145,3.367612361907959,3.7609217166900635,4.054690837860107,4.413414001464844,4.509383678436279,4.436329364776611,4.838820457458496,4.851652145385742,4.89562463760376,5.134612560272217,5.210673809051514,4.8260393142700195,4.51432991027832,4.480085849761963,4.945892333984375,5.0355024337768555,4.692971229553223,4.744867324829102,4.629165172576904,4.331409931182861,4.102380275726318,4.122933864593506,4.110357284545898,4.215559482574463,4.407773494720459,4.191678524017334,3.862748384475708,-200.72189331054688,34.99966049194336,19.62761878967285,12.55222225189209,12.065164566040039,7.9165239334106445,7.650768280029297,6.015374660491943,4.927801132202148,4.7697882652282715,17.68128776550293,9.799530982971191,8.370719909667969,4.501676559448242,3.4352123737335205,2.935994863510132,2.588569164276123,2.5201451778411865,2.2841074466705322,2.3373525142669678,0.3520744740962982,0.3331300914287567,0.3604747951030731,0.5441402196884155,0.8675072193145752,0.7942214012145996,0.41619616746902466,0.4029686748981476,0.38617050647735596,0.3695673644542694,0.3496450185775757,0.3436433970928192,0.29699742794036865,0.25208574533462524,0.22184020280838013,0.18430468440055847,0.19696375727653503,0.21392230689525604,0.16541779041290283,0.23046500980854034,0.23178260028362274,0.25227537751197815,0.2544744312763214,0.28174176812171936,2791.168611528059,7081.6509910636605,3231.3116409385593,0.07658538464327146,0.004178655333817005,70.0,80.0,75.0,126.0,136.0,131.0,3,pranayama
P8,-6.113467216491699,-8.461450576782227,-21.535327911376953,-26.564680099487305,-33.27399826049805,-31.427734375,-32.627113342285156,-36.43324279785156,-36.511871337890625,-39.78511047363281,-40.513648986816406,-41.65589141845703,-42.4338493347168,-43.51853561401367,-43.74337387084961,-43.944332122802734,-44.519561767578125,-44.91007614135742,-45.24843978881836,-45.5791130065918,-45.875553131103516,-45.95754623413086,-46.14472961425781,-46.322776794433594,-46.406410217285156,-46.46617889404297,-46.25008010864258,-45.91861343383789,-45.451026916503906,-44.6270751953125,-43.791561126708984,-44.69927215576172,2.399968147277832,2.792043447494507,2.365671157836914,2.480095624923706,2.275942802429199,2.2841427326202393,2.3129169940948486,2.5407466888427734,2.3881263732910156,2.14821720123291,2.2525734901428223,2.0818707942962646,1.91133713722229,1.9152275323867798,1.8563567399978638,1.7295482158660889,1.7741646766662598,1.6373741626739502,1.6656901836395264,1.5222890377044678,1.4381715059280396,1.337083339691162,1.2402091026306152,1.3355858325958252,1.0640335083007812,1.1450929641723633,1.2072044610977173,1.6601365804672241,1.9667495489120483,1.8881150484085083,1.6918396949768066,1.4464720487594604,-222.15733337402344,43.24443817138672,29.005929946899414,15.206522941589355,13.092768669128418,7.83286190032959,8.102041244506836,6.633509635925293,6.293512344360352,5.058899402618408,3.8682501316070557,3.216996431350708,2.6013739109039307,2.3306314945220947,2.380375623703003,2.227409601211548,2.1062381267547607,2.0155603885650635,2.089494466781616,2.1570229530334473,0.16448841989040375,0.19267982244491577,0.28358951210975647,0.5849725604057312,0.958127498626709,0.8038110733032227,0.3426362872123718,0.29904961585998535,0.2370947003364563,0.20360764861106873,0.17056651413440704,0.15416431427001953,0.13012179732322693,0.14329609274864197,0.1768917739391327,0.14488716423511505,0.08942681550979614,0.17126654088497162,0.178668811917305,0.20290032029151917,0.1490834504365921,0.14846590161323547,0.1311052292585373,0.12392003834247589,1988.0758726462482,6111.482766277552,3060.556814664356,0.036199653784802784,0.004546729382127523,80.0,90.0,85.0,136.0,146.0,141.0,3,pranayama
P8,-7.564271926879883,-9.763339042663574,-22.592090606689453,-27.61304473876953,-34.25074005126953,-32.674068450927734,-33.725341796875,-37.69919967651367,-37.77297592163086,-41.00554275512695,-42.02812194824219,-43.110172271728516,-43.55400848388672,-44.6572380065918,-45.22209548950195,-45.5602912902832,-45.953094482421875,-46.28471374511719,-46.62591552734375,-46.960391998291016,-47.099918365478516,-47.24415588378906,-47.39270782470703,-47.672088623046875,-47.671268463134766,-47.794769287109375,-47.566314697265625,-47.236568450927734,-46.820621490478516,-45.98170471191406,-45.15991973876953,-46.056861877441406,2.5050487518310547,2.78501296043396,2.2794840335845947,2.5990474224090576,2.1795847415924072,2.2539825439453125,2.157716751098633,2.3911380767822266,2.403050661087036,2.1400411128997803,1.9957585334777832,2.166147470474243,1.9802788496017456,1.9374299049377441,1.809854507446289,1.7079827785491943,1.7033343315124512,1.5025510787963867,1.4464062452316284,1.3535871505737305,1.255711317062378,1.3096946477890015,1.1205968856811523,1.0970546007156372,1.0392024517059326,1.0463711023330688,0.950837254524231,0.91785728931427,0.8991116285324097,0.8397116661071777,0.8600491285324097,0.8461629748344421,-229.51158142089844,43.51909637451172,29.2429256439209,15.305779457092285,12.849627494812012,7.721999168395996,8.023686408996582,6.3666276931762695,6.025764465332031,5.020950794219971,2.347332715988159,2.422555685043335,2.20104718208313,2.334279775619507,2.275296688079834,2.1974544525146484,2.0971689224243164,2.104736328125,2.0586600303649902,2.032945394515991,0.15102322399616241,0.16837096214294434,0.23526546359062195,0.43004459142684937,0.8914929032325745,0.8927174210548401,0.4018286466598511,0.3019702732563019,0.25322645902633667,0.21693956851959229,0.18826858699321747,0.15836036205291748,0.10677400231361389,0.11563216894865036,0.14574994146823883,0.16809332370758057,0.1482456624507904,0.14304016530513763,0.14732614159584045,0.19990500807762146,0.16710276901721954,0.14161856472492218,0.11915101110935211,0.10494624823331833,1964.745633696884,6079.9823380401685,3056.0338407149834,0.03745377755220418,0.0044514499604702,90.0,100.0,95.0,146.0,156.0,151.0,3,pranayama
P8,-5.832017421722412,-8.384725570678711,-21.159223556518555,-26.428796768188477,-32.85940170288086,-31.057920455932617,-31.986183166503906,-36.29014205932617,-36.299278259277344,-39.693172454833984,-40.44645309448242,-41.563011169433594,-42.44233703613281,-43.273075103759766,-43.742279052734375,-44.1743049621582,-44.53550338745117,-44.81379699707031,-45.13480758666992,-45.609474182128906,-45.79315185546875,-45.86957931518555,-46.13499069213867,-46.337703704833984,-46.489959716796875,-46.48531723022461,-46.18648147583008,-45.8369255065918,-45.44871139526367,-44.69835662841797,-43.818965911865234,-44.66841125488281,2.36777663230896,2.799085855484009,2.2596564292907715,2.661273717880249,2.318262815475464,2.25046443939209,2.2210729122161865,2.3906102180480957,2.2573394775390625,2.2035865783691406,2.066356658935547,2.005502223968506,1.9377784729003906,1.9943193197250366,1.9185694456100464,1.774788737297058,1.649619698524475,1.602073073387146,1.5547634363174438,1.3899617195129395,1.3608766794204712,1.3540581464767456,1.3793349266052246,1.2958695888519287,1.0882242918014526,1.0409590005874634,0.944229006767273,0.9235398769378662,0.9359021782875061,0.8669905066490173,0.8617591261863708,0.8553073406219482,-221.58860778808594,43.84075164794922,29.27362823486328,15.247997283935547,12.908642768859863,7.590590953826904,7.975283622741699,6.574532508850098,6.153621673583984,5.164682865142822,2.9373135566711426,2.300074815750122,2.4626057147979736,2.263810873031616,2.3692121505737305,2.1875076293945312,2.1104984283447266,2.02551531791687,2.1165544986724854,2.0244369506835938,0.1647181361913681,0.182639017701149,0.25491130352020264,0.4993014633655548,0.9246082901954651,0.8553870916366577,0.39236369729042053,0.3436164855957031,0.2671540379524231,0.22438885271549225,0.18787644803524017,0.1597355604171753,0.13548754155635834,0.1465481072664261,0.17049990594387054,0.15899300575256348,0.12333431839942932,0.1624418944120407,0.18041299283504486,0.2255924493074417,0.1773405373096466,0.1636962890625,0.13629424571990967,0.12772345542907715,1946.7344540402203,6047.28284512761,3048.816203298999,0.03697569243039443,0.004544251132756472,100.0,110.0,105.0,156.0,166.0,161.0,3,pranayama
P8,-6.215354919433594,-8.645421028137207,-21.62949562072754,-26.671199798583984,-33.191162109375,-31.587059020996094,-32.43079376220703,-36.423561096191406,-36.40492248535156,-39.879940032958984,-40.804500579833984,-41.95310592651367,-42.52409744262695,-43.224124908447266,-43.95062255859375,-44.325721740722656,-44.712257385253906,-45.109840393066406,-45.458309173583984,-45.84558868408203,-46.01169967651367,-46.12712860107422,-46.38719177246094,-46.52456283569336,-46.566097259521484,-46.62790298461914,-46.47108459472656,-46.09995651245117,-45.592769622802734,-44.88975143432617,-43.91142654418945,-44.83112335205078,2.4074809551239014,2.93182373046875,2.278348684310913,2.6304781436920166,2.136390209197998,2.1847174167633057,2.1926302909851074,2.4383933544158936,2.4506304264068604,2.1951241493225098,2.1602306365966797,2.1076955795288086,1.8761544227600098,1.882372260093689,1.8214548826217651,1.8016918897628784,1.590057373046875,1.4605532884597778,1.4797502756118774,1.4113233089447021,1.3188687562942505,1.2595229148864746,1.2391562461853027,1.1530698537826538,1.071545958518982,1.0171148777008057,0.9746257662773132,0.9540043473243713,0.8820877075195312,0.8334141969680786,0.8555180430412292,0.8192149996757507,-222.92031860351562,43.54532241821289,29.127120971679688,15.05296516418457,12.94527530670166,7.724911689758301,8.014613151550293,6.490312576293945,6.322475433349609,5.250732898712158,2.426518678665161,2.4451475143432617,2.2484967708587646,2.191757917404175,2.3742809295654297,2.219562292098999,2.0408897399902344,2.1364290714263916,2.1125879287719727,2.010190010070801,0.16615107655525208,0.18490354716777802,0.24999871850013733,0.46111518144607544,0.9088459610939026,0.863701343536377,0.39531296491622925,0.32340577244758606,0.25690701603889465,0.21446286141872406,0.18609923124313354,0.16070014238357544,0.13655677437782288,0.14932981133460999,0.17102107405662537,0.16664884984493256,0.136544331908226,0.16173119843006134,0.1781880408525467,0.22810214757919312,0.17619670927524567,0.15514807403087616,0.13784819841384888,0.12705032527446747,1969.6354026495903,6108.33522150522,3062.754165309021,0.03774493365719257,0.00448234099894762,110.0,120.0,115.0,166.0,176.0,171.0,3,pranayama
P8,-6.940959930419922,-9.173787117004395,-22.144168853759766,-27.214139938354492,-33.88805389404297,-32.2569465637207,-32.93632507324219,-37.094505310058594,-36.904354095458984,-40.347843170166016,-41.44012451171875,-42.623172760009766,-43.21045684814453,-44.042423248291016,-44.535465240478516,-44.819366455078125,-45.22725296020508,-45.56605911254883,-45.992496490478516,-46.29302215576172,-46.35405349731445,-46.69804000854492,-46.8248176574707,-47.04799270629883,-47.11106872558594,-47.13455581665039,-46.94905471801758,-46.55483627319336,-46.15907669067383,-45.398868560791016,-44.524986267089844,-45.447479248046875,2.3783936500549316,2.885213613510132,2.3949925899505615,2.7227213382720947,2.212852716445923,2.0933101177215576,2.3021414279937744,2.87490177154541,2.7162773609161377,2.407492160797119,2.287630319595337,2.3397817611694336,2.2345476150512695,2.079007863998413,2.094207525253296,1.8419398069381714,1.610081672668457,1.6070884466171265,1.5801081657409668,1.5511850118637085,1.3562004566192627,1.2649122476577759,1.1752135753631592,1.1813017129898071,1.123456597328186,1.0338070392608643,0.9932200312614441,0.9726276993751526,0.8949297666549683,0.8470494747161865,0.8001822829246521,0.787343442440033,-226.07191467285156,43.33863830566406,29.06961441040039,15.263328552246094,12.855831146240234,7.597330093383789,7.974781513214111,6.685476779937744,6.340676307678223,5.224117755889893,3.3657495975494385,2.6172266006469727,2.7885799407958984,2.6363515853881836,2.287961721420288,2.191681385040283,2.0685782432556152,2.0848588943481445,2.1562182903289795,2.0506200790405273,0.17121604084968567,0.1830507516860962,0.2410750538110733,0.4124280512332916,0.8535996675491333,0.8981130719184875,0.43906068801879883,0.3138905465602875,0.2703016996383667,0.23886513710021973,0.2043459117412567,0.17483198642730713,0.1469956338405609,0.14864331483840942,0.17072272300720215,0.19364573061466217,0.17105412483215332,0.14932726323604584,0.15303416550159454,0.2055167406797409,0.18188834190368652,0.18170911073684692,0.15566255152225494,0.14173159003257751,1973.518081839898,6117.403148111224,3061.0070176886297,0.036948502755220415,0.004471942782402039,120.0,130.0,125.0,176.0,186.0,181.0,3,pranayama
P8,-5.840292453765869,-8.045182228088379,-21.0262508392334,-25.822158813476562,-32.5267333984375,-31.276063919067383,-32.257816314697266,-35.6910400390625,-35.99839782714844,-39.38288116455078,-40.02229690551758,-41.28384780883789,-41.87420654296875,-42.82836151123047,-43.47148895263672,-43.61438751220703,-43.93157196044922,-44.33015060424805,-44.731727600097656,-45.02525329589844,-45.22639846801758,-45.302040100097656,-45.517215728759766,-45.7185173034668,-45.904571533203125,-45.92155838012695,-45.65541458129883,-45.3208122253418,-44.987606048583984,-44.22079086303711,-43.4389762878418,-44.343902587890625,2.4495131969451904,2.80879545211792,2.2254879474639893,2.567321300506592,2.2048680782318115,2.2749106884002686,2.2999227046966553,2.328788995742798,2.4904282093048096,2.1333470344543457,2.1504716873168945,2.235274314880371,1.9799107313156128,1.9822006225585938,1.7567334175109863,1.7212146520614624,1.6595869064331055,1.5730164051055908,1.506040334701538,1.5478780269622803,1.4600718021392822,1.3821063041687012,1.3108856678009033,1.2268543243408203,1.2267099618911743,1.1427124738693237,1.1489192247390747,1.0681312084197998,0.9910240769386292,0.9397836923599243,0.897713303565979,0.861778736114502,-219.29818725585938,43.175437927246094,28.866525650024414,15.440460205078125,12.855250358581543,7.809347152709961,8.043078422546387,6.602569580078125,6.070785999298096,4.982686996459961,2.939574956893921,2.6659491062164307,2.295048236846924,2.16705322265625,2.1959786415100098,2.266984224319458,2.263488531112671,2.1347124576568604,2.025156259536743,1.8634737730026245,0.150060772895813,0.1666969209909439,0.23334330320358276,0.4449090361595154,0.8986297249794006,0.8742178082466125,0.38326504826545715,0.30676549673080444,0.2561059892177582,0.2173677533864975,0.17750348150730133,0.15048149228096008,0.12752118706703186,0.12544000148773193,0.1383078396320343,0.1505327820777893,0.1485462337732315,0.1589338630437851,0.16726647317409515,0.21871605515480042,0.1749875694513321,0.1617579162120819,0.13284754753112793,0.1252579391002655,1986.7708341620034,6134.015189965197,3064.0031868924243,0.037961318155452436,0.004543864168226719,130.0,140.0,135.0,186.0,196.0,191.0,3,pranayama
P8,-5.994929313659668,-8.414423942565918,-21.10713005065918,-26.141115188598633,-32.8607292175293,-31.253013610839844,-32.20051956176758,-36.170692443847656,-36.09534454345703,-39.42941665649414,-40.43079376220703,-41.230857849121094,-42.142486572265625,-43.039913177490234,-43.486141204833984,-43.86954879760742,-44.287418365478516,-44.58104705810547,-45.108768463134766,-45.67466735839844,-45.58319854736328,-45.681785583496094,-45.92817687988281,-46.188987731933594,-46.22928237915039,-46.36330795288086,-46.22426223754883,-45.77629089355469,-45.28609848022461,-44.59272003173828,-43.71916580200195,-44.58302688598633,2.3963143825531006,2.7745208740234375,2.0976028442382812,2.4791922569274902,2.2588608264923096,2.241222620010376,2.0355987548828125,2.221060037612915,2.4014980792999268,2.12144136428833,2.2446084022521973,1.9809657335281372,1.9192309379577637,1.7520846128463745,1.7772746086120605,1.895509123802185,1.6752405166625977,1.6471174955368042,1.4616246223449707,1.384167194366455,1.2845653295516968,1.2656224966049194,1.2607176303863525,1.1440503597259521,1.053615689277649,1.1040103435516357,1.0075050592422485,0.9633388519287109,0.9144842624664307,0.8795844912528992,0.8324117660522461,0.8846489191055298,-220.91346740722656,43.67530822753906,28.867740631103516,15.082240104675293,12.949152946472168,7.801076889038086,8.051946640014648,6.407496929168701,6.188136577606201,5.051772117614746,2.705977439880371,2.415696144104004,2.2083961963653564,2.091165065765381,2.158618688583374,2.0679433345794678,2.151989459991455,2.158010244369507,2.014336347579956,1.9588468074798584,0.16956400871276855,0.1884271204471588,0.2627973258495331,0.5008329153060913,0.918384850025177,0.849846601486206,0.37321609258651733,0.3190772533416748,0.2664104998111725,0.23456715047359467,0.2025066614151001,0.17311836779117584,0.132032111287117,0.13475370407104492,0.1571294367313385,0.1574302464723587,0.1359076350927353,0.15995919704437256,0.17024004459381104,0.21726496517658234,0.17845465242862701,0.15999624133110046,0.13992051780223846,0.12847602367401123,1956.7703131416329,6056.9003430430685,3051.3285157376154,0.037816306554524365,0.00446739699691534,140.0,150.0,145.0,196.0,206.0,201.0,3,pranayama
P8,-6.737870216369629,-9.224874496459961,-21.70441246032715,-26.636310577392578,-32.87119674682617,-31.888948440551758,-32.676937103271484,-36.28221130371094,-36.1549072265625,-38.98210906982422,-39.75022506713867,-40.672603607177734,-41.136173248291016,-42.19346237182617,-42.487709045410156,-42.76289749145508,-43.2631950378418,-43.671634674072266,-44.459903717041016,-44.719085693359375,-44.839027404785156,-45.100746154785156,-45.45831298828125,-45.6861457824707,-45.744266510009766,-45.967472076416016,-45.76222610473633,-45.560523986816406,-45.11521911621094,-44.362388610839844,-43.64638900756836,-44.600341796875,2.28757643699646,2.7613697052001953,2.3033900260925293,2.6199278831481934,2.578526496887207,2.4535181522369385,2.4005179405212402,2.7557647228240967,2.7532408237457275,3.106351137161255,2.838756561279297,2.9184134006500244,2.947345495223999,2.879666328430176,2.9877021312713623,2.948237895965576,3.0949084758758545,2.799862861633301,2.57810115814209,2.4601330757141113,2.5351457595825195,2.396388053894043,2.0560531616210938,2.043855905532837,2.1013355255126953,2.0190255641937256,1.7993452548980713,1.7166435718536377,1.7094898223876953,1.6955640316009521,1.5779832601547241,1.5928447246551514,-219.22427368164062,42.261680603027344,26.245838165283203,14.708187103271484,13.166279792785645,8.16865348815918,7.961434841156006,6.34421968460083,5.946863651275635,4.830013751983643,8.632061958312988,3.3511948585510254,4.297554016113281,2.6497418880462646,2.413477659225464,2.41678786277771,2.2619948387145996,2.0774905681610107,2.1301519870758057,2.0359609127044678,0.18891118466854095,0.2005106806755066,0.25895076990127563,0.4570135474205017,0.9047389626502991,0.8737831115722656,0.4050692915916443,0.3236916661262512,0.2640460729598999,0.23192396759986877,0.21204321086406708,0.18733666837215424,0.15064914524555206,0.14761315286159515,0.16195115447044373,0.16866347193717957,0.13451099395751953,0.15610527992248535,0.16603444516658783,0.21464432775974274,0.17369498312473297,0.15869911015033722,0.1490267962217331,0.13935188949108124,2085.892859092994,6297.887362238979,3089.7444279407587,0.04167724042923434,0.004457047209143639,150.0,160.0,155.0,206.0,216.0,211.0,3,pranayama
P8,-7.710535526275635,-10.236592292785645,-22.675336837768555,-27.686660766601562,-34.77827835083008,-33.2112922668457,-34.149627685546875,-37.76302719116211,-38.213523864746094,-41.13521957397461,-41.76167678833008,-42.98579025268555,-43.2901725769043,-44.235599517822266,-44.79951095581055,-45.13437271118164,-45.54774856567383,-45.925453186035156,-46.538814544677734,-46.8721809387207,-46.94892120361328,-47.029823303222656,-47.476409912109375,-47.67298126220703,-47.59811782836914,-47.7146110534668,-47.54568862915039,-47.279991149902344,-46.76740646362305,-46.03944778442383,-45.28656005859375,-46.211524963378906,2.403604507446289,2.931208372116089,2.271253824234009,2.6518099308013916,2.3317015171051025,2.1446423530578613,2.1415512561798096,2.454909086227417,2.4638893604278564,2.461214065551758,2.4839301109313965,2.3052964210510254,2.106600284576416,2.0908942222595215,2.1754038333892822,2.081479787826538,1.9215821027755737,1.8894233703613281,1.8399372100830078,1.7563797235488892,1.670409917831421,1.698798418045044,1.6427186727523804,1.419190526008606,1.3148579597473145,1.257520079612732,1.1912165880203247,1.1197223663330078,1.0318759679794312,1.0592437982559204,0.9546692371368408,0.9841251373291016,-229.49554443359375,43.00461959838867,28.165245056152344,15.240018844604492,13.325972557067871,8.207189559936523,7.988954544067383,6.36743688583374,5.972434997558594,5.005477428436279,4.547472953796387,2.6041934490203857,2.8973896503448486,2.4478158950805664,2.2014760971069336,2.166445255279541,2.1096339225769043,2.124249219894409,2.020503282546997,2.1225194931030273,0.19041718542575836,0.20469172298908234,0.28374403715133667,0.5124868154525757,0.9116405844688416,0.8488550186157227,0.3801344335079193,0.3222605884075165,0.2714804708957672,0.24353674054145813,0.21228867769241333,0.18381182849407196,0.15480291843414307,0.15353016555309296,0.18297597765922546,0.1769137680530548,0.14002740383148193,0.16401764750480652,0.17229880392551422,0.2182466685771942,0.18932650983333588,0.17985863983631134,0.14878414571285248,0.13849011063575745,1981.1133109254683,6105.3125793032195,3056.9835897385133,0.0378015788138051,0.004497403744608164,160.0,170.0,165.0,216.0,226.0,221.0,3,pranayama
P8,-7.581684112548828,-10.07305908203125,-23.01568031311035,-28.020673751831055,-34.85448455810547,-33.31086349487305,-34.0318603515625,-37.77336502075195,-38.206485748291016,-41.48271560668945,-42.270301818847656,-43.16852951049805,-43.717838287353516,-44.829795837402344,-45.39033889770508,-45.584739685058594,-45.929901123046875,-46.31660842895508,-46.664886474609375,-47.09369659423828,-47.267127990722656,-47.43757629394531,-47.60456085205078,-47.88816452026367,-47.82103729248047,-48.03472137451172,-47.72547149658203,-47.4241943359375,-46.970027923583984,-46.214717864990234,-45.46107864379883,-46.43687438964844,2.5613574981689453,2.909855604171753,2.243077039718628,2.7045247554779053,2.293757200241089,2.1470062732696533,2.3702304363250732,2.6261558532714844,2.375852108001709,2.3097355365753174,2.213395118713379,1.9729118347167969,1.9783189296722412,1.839461088180542,1.7136399745941162,1.7336241006851196,1.6785560846328735,1.7230157852172852,1.490805745124817,1.4838765859603882,1.4075241088867188,1.3539341688156128,1.3469637632369995,1.2204976081848145,1.3278172016143799,1.139599323272705,1.0996875762939453,1.0590033531188965,1.2721996307373047,0.9933112263679504,0.8826153874397278,0.83537757396698,-230.80018615722656,43.217769622802734,28.78632164001465,15.437140464782715,13.112709999084473,7.955160140991211,8.03945255279541,6.666969299316406,6.169179916381836,5.193427562713623,3.397937059402466,2.474881172180176,2.1683125495910645,2.293395757675171,2.366270065307617,2.1729230880737305,2.1170027256011963,2.0755467414855957,2.1647214889526367,2.0730502605438232,0.19822071492671967,0.21277186274528503,0.2793433368206024,0.4853268265724182,0.8853205442428589,0.8467124104499817,0.3907882571220398,0.31979861855506897,0.27766329050064087,0.24433337152004242,0.21040402352809906,0.1872967630624771,0.19250833988189697,0.18381182849407196,0.1847810298204422,0.17871929705142975,0.16570238769054413,0.17732493579387665,0.17611074447631836,0.2112705558538437,0.18905849754810333,0.18299469351768494,0.16628214716911316,0.1634889394044876,1951.3054789781236,6009.76211300029,3042.612694487248,0.036494208599187936,0.004697264637798071,170.0,180.0,175.0,226.0,236.0,231.0,3,pranayama
P8,-10.019086837768555,-12.485109329223633,-25.281917572021484,-30.47693634033203,-37.20731735229492,-35.927059173583984,-36.670166015625,-40.2186393737793,-40.50019073486328,-43.868812561035156,-44.804325103759766,-45.737892150878906,-46.242000579833984,-47.56379318237305,-47.94795608520508,-48.291202545166016,-48.610172271728516,-48.95361328125,-49.34990310668945,-49.721588134765625,-49.90314865112305,-50.11493682861328,-50.27183151245117,-50.468746185302734,-50.49320602416992,-50.56968307495117,-50.36021041870117,-50.04197311401367,-49.55577087402344,-48.760459899902344,-47.94301223754883,-48.86485290527344,2.4842607975006104,2.705101728439331,2.1823079586029053,2.6100285053253174,2.1904079914093018,2.1683361530303955,2.2244105339050293,2.468549966812134,2.3979601860046387,2.173189163208008,2.2666943073272705,2.037196159362793,1.938244342803955,1.818950891494751,1.8126482963562012,1.7586712837219238,1.738875150680542,1.5240302085876465,1.5835027694702148,1.4578913450241089,1.3009207248687744,1.257745623588562,1.2354495525360107,1.165219783782959,1.117233395576477,1.1763947010040283,1.0353788137435913,1.0431554317474365,1.0226213932037354,0.9007237553596497,0.8200931549072266,0.8600472807884216,-245.22915649414062,43.54002380371094,29.160966873168945,15.312509536743164,13.108806610107422,7.932361602783203,8.21265697479248,6.733575344085693,6.234500885009766,5.057153701782227,2.7275640964508057,2.5123496055603027,2.360924243927002,2.2887206077575684,2.183743476867676,2.047139883041382,2.127840995788574,2.0467495918273926,2.0284368991851807,1.9485424757003784,0.16906523704528809,0.18900352716445923,0.2557194232940674,0.4944663643836975,0.9283480048179626,0.8460730314254761,0.3698973059654236,0.3195698857307434,0.27279725670814514,0.24146533012390137,0.19843633472919464,0.16691049933433533,0.128989115357399,0.13567952811717987,0.14795388281345367,0.1427488476037979,0.12680108845233917,0.1634048968553543,0.1656513214111328,0.20561660826206207,0.18180549144744873,0.17793850600719452,0.1452985554933548,0.12359295785427094,1939.8769982006393,6004.141497335412,3042.521530802299,0.03638771570475638,0.004697740077972412,180.0,190.0,185.0,236.0,246.0,241.0,3,pranayama
P8,-5.146008491516113,-7.283017158508301,-19.823793411254883,-24.770084381103516,-31.876445770263672,-30.643095016479492,-31.585037231445312,-34.9448356628418,-35.10755920410156,-38.31672668457031,-39.191368103027344,-40.3236198425293,-40.77819061279297,-42.00745391845703,-42.642818450927734,-42.870941162109375,-43.0297966003418,-43.734745025634766,-44.05662536621094,-44.350059509277344,-44.71599197387695,-44.656150817871094,-44.840877532958984,-45.02887725830078,-45.096519470214844,-45.213619232177734,-44.95940399169922,-44.50956344604492,-44.08596420288086,-43.417293548583984,-42.515716552734375,-43.536048889160156,2.3738574981689453,2.9421260356903076,2.4890596866607666,2.920154571533203,2.520475149154663,2.427239179611206,2.4894866943359375,2.814906597137451,2.8306639194488525,2.7841742038726807,2.54539155960083,2.541013479232788,2.517340898513794,2.2186057567596436,2.1788265705108643,1.8696118593215942,1.9244204759597778,1.7752748727798462,1.7266290187835693,1.7015098333358765,1.6387174129486084,1.3305678367614746,1.2100484371185303,1.1842752695083618,1.1276284456253052,1.0785712003707886,1.057226538658142,1.0685086250305176,1.253905177116394,1.000425934791565,0.9093086123466492,0.8812670111656189,-214.79397583007812,43.38560485839844,28.995389938354492,15.05108642578125,12.99085521697998,8.087702751159668,8.15188980102539,6.579655647277832,5.97698974609375,4.7647175788879395,4.418570518493652,3.2435195446014404,3.337249279022217,2.883363723754883,2.472015380859375,2.2527754306793213,2.348891019821167,2.2704150676727295,2.104802131652832,2.0967352390289307,0.16992966830730438,0.19424229860305786,0.28651267290115356,0.5566754341125488,0.9327268600463867,0.8028538823127747,0.34278035163879395,0.301055908203125,0.25016868114471436,0.21632857620716095,0.18977448344230652,0.16643336415290833,0.1469973623752594,0.1581105887889862,0.18906204402446747,0.16294501721858978,0.13096913695335388,0.1843189150094986,0.18722906708717346,0.22855183482170105,0.1859012395143509,0.1622212678194046,0.13991834223270416,0.1326415091753006,1985.3441954269924,6138.2368968423725,3063.4798080636783,0.038015697505800465,0.004486430436372757,190.0,200.0,195.0,246.0,256.0,251.0,3,pranayama
P8,-5.548549652099609,-7.838198661804199,-20.76675033569336,-25.719186782836914,-32.49127197265625,-31.053274154663086,-32.09287643432617,-35.60435104370117,-35.74199676513672,-39.080078125,-39.92231750488281,-40.684654235839844,-41.34836959838867,-42.70115661621094,-43.239830017089844,-43.358177185058594,-43.81588363647461,-44.276065826416016,-44.70858383178711,-44.92626953125,-45.10892105102539,-45.19780349731445,-45.389583587646484,-45.70112991333008,-45.638179779052734,-45.704769134521484,-45.50546646118164,-45.14903259277344,-44.741207122802734,-43.98777389526367,-43.142826080322266,-44.03325271606445,2.2277936935424805,2.8711307048797607,2.282170295715332,2.610701560974121,2.223393440246582,2.1445727348327637,2.1708059310913086,2.3355085849761963,2.3187544345855713,2.0222814083099365,2.0702617168426514,2.0837864875793457,1.9133310317993164,1.8901196718215942,1.8669743537902832,1.9381083250045776,1.6224812269210815,1.5740774869918823,1.4683811664581299,1.400255560874939,1.3854016065597534,1.298287272453308,1.1592440605163574,1.1382908821105957,1.0888371467590332,1.075639247894287,1.0376757383346558,1.0008798837661743,0.9501619338989258,0.874153733253479,0.8311100006103516,0.8164559602737427,-218.18093872070312,43.23011016845703,28.935565948486328,15.085939407348633,12.947203636169434,8.08286190032959,8.247590065002441,6.558255195617676,6.038671493530273,4.9706621170043945,2.5605103969573975,2.3156697750091553,2.2573819160461426,2.201918125152588,2.190770387649536,2.0134694576263428,1.9630351066589355,2.1290242671966553,2.141386032104492,2.082455635070801,0.15944738686084747,0.1791095733642578,0.25097718834877014,0.460920125246048,0.9035720825195312,0.8598730564117432,0.3817199170589447,0.30265775322914124,0.2523496150970459,0.21401609480381012,0.17950761318206787,0.15705646574497223,0.12028839439153671,0.12557576596736908,0.1536238193511963,0.1673315465450287,0.14194025099277496,0.16460877656936646,0.16501428186893463,0.2134292721748352,0.1775428056716919,0.1589072197675705,0.12632861733436584,0.11231105774641037,1978.8119007245832,6142.783350402407,3066.424909109243,0.03578387833526682,0.004443388897925615,200.0,210.0,205.0,256.0,266.0,261.0,3,pranayama
P8,-6.083466053009033,-8.246622085571289,-21.546653747558594,-26.2852725982666,-32.975372314453125,-31.885332107543945,-32.87144088745117,-36.23954391479492,-36.366024017333984,-40.029571533203125,-40.578948974609375,-41.80123519897461,-42.26313400268555,-43.136863708496094,-43.749664306640625,-44.016632080078125,-44.405372619628906,-44.79993438720703,-45.140869140625,-45.40794372558594,-45.57802200317383,-45.69548034667969,-45.76081085205078,-45.91647720336914,-46.04088592529297,-46.148399353027344,-45.93110656738281,-45.68173599243164,-45.138092041015625,-44.44709777832031,-43.69138717651367,-44.608699798583984,2.3633437156677246,2.821629285812378,2.5193939208984375,2.859545946121216,2.1833176612854004,2.2529263496398926,2.018557548522949,2.3755064010620117,2.2991979122161865,2.403266429901123,2.2833964824676514,2.0163662433624268,1.9391305446624756,1.884782314300537,1.7367186546325684,1.8071870803833008,1.6189169883728027,1.4951030015945435,1.5138746500015259,1.419830560684204,1.3039202690124512,1.3540929555892944,1.3620667457580566,1.5358760356903076,1.2897120714187622,1.1977185010910034,1.1188511848449707,1.0292717218399048,1.0647958517074585,0.9406234622001648,0.8617085814476013,0.828811526298523,-221.4071502685547,42.68943405151367,29.070392608642578,15.626635551452637,12.998238563537598,8.118831634521484,8.128157615661621,6.521910190582275,6.20505428314209,5.117887496948242,2.8374719619750977,2.520754814147949,2.397886276245117,2.418833017349243,2.3230814933776855,2.2392656803131104,2.2013258934020996,2.1561715602874756,2.1051981449127197,2.0418107509613037,0.14313876628875732,0.16668783128261566,0.24559541046619415,0.4663248658180237,0.8989090919494629,0.8521220088005066,0.3896564841270447,0.32415860891342163,0.26018935441970825,0.21092121303081512,0.1683443933725357,0.14057448506355286,0.10921996831893921,0.12563596665859222,0.14922578632831573,0.16809576749801636,0.15263907611370087,0.16902972757816315,0.17841675877571106,0.22696447372436523,0.18802738189697266,0.16832149028778076,0.12012004107236862,0.10229805111885071,1996.629952352573,6179.080037340487,3072.443864468234,0.03802702653712297,0.00447360472753644,210.0,220.0,215.0,266.0,276.0,271.0,3,pranayama
P8,-5.0729780197143555,-7.132420539855957,-20.204967498779297,-25.26607894897461,-31.683412551879883,-30.67485237121582,-31.59612464904785,-34.91849136352539,-35.234561920166016,-38.47602462768555,-39.13563537597656,-40.20682907104492,-40.73948669433594,-41.921363830566406,-42.30099105834961,-42.768341064453125,-43.360225677490234,-43.62669372558594,-44.06418228149414,-44.49590301513672,-44.693145751953125,-44.70987319946289,-44.993709564208984,-45.13719940185547,-45.19690704345703,-45.3033561706543,-45.01288604736328,-44.73284912109375,-44.27928161621094,-43.50699996948242,-42.74057388305664,-43.622135162353516,2.2801260948181152,2.8614821434020996,2.3115484714508057,2.613553047180176,2.2670280933380127,2.0706865787506104,2.3929615020751953,2.3596415519714355,2.339459180831909,2.1285531520843506,2.19614839553833,2.0705974102020264,2.0959742069244385,1.9161970615386963,1.8225330114364624,1.7582616806030273,1.6374508142471313,1.5385688543319702,1.4979348182678223,1.4348760843276978,1.3122837543487549,1.2956507205963135,1.1630659103393555,1.1789329051971436,1.0953166484832764,1.046543836593628,0.9719226360321045,0.9429227113723755,0.8617274165153503,0.8705468773841858,0.8478304147720337,0.8121479153633118,-215.10336303710938,43.56939697265625,28.671855926513672,14.940908432006836,13.084444999694824,8.234949111938477,8.181913375854492,6.501193523406982,6.05051851272583,4.998895645141602,2.6365044116973877,2.2470924854278564,2.310803174972534,2.3119869232177734,2.0899925231933594,2.041640043258667,2.0667502880096436,2.080338478088379,2.165968179702759,1.9615370035171509,0.14858832955360413,0.16506893932819366,0.22793003916740417,0.4265082776546478,0.892362117767334,0.8765427470207214,0.3967289328575134,0.3026241958141327,0.2550768554210663,0.22004377841949463,0.17871373891830444,0.14831574261188507,0.12167973816394806,0.12657634913921356,0.1448758989572525,0.16990116238594055,0.14907754957675934,0.16198624670505524,0.17042981088161469,0.21173593401908875,0.17056745290756226,0.15535575151443481,0.12600493431091309,0.11171649396419525,1974.699221132363,6111.133039080626,3058.344808441199,0.035423615139211134,0.004456087946891785,220.0,230.0,225.0,276.0,286.0,281.0,3,pranayama
P8,-6.358893394470215,-8.785741806030273,-21.235488891601562,-26.237655639648438,-33.242225646972656,-31.911296844482422,-32.48793411254883,-36.041934967041016,-36.30522537231445,-39.52683639526367,-40.67876434326172,-41.565738677978516,-42.11920928955078,-43.346893310546875,-43.787330627441406,-44.02896499633789,-44.45143508911133,-44.79981994628906,-45.24457550048828,-45.65937805175781,-45.84049606323242,-45.97499084472656,-46.19186019897461,-46.36600112915039,-46.35997772216797,-46.40145492553711,-46.20254135131836,-45.86471176147461,-45.511940002441406,-44.704833984375,-43.86666488647461,-44.76094436645508,2.3485186100006104,2.962050676345825,2.207042694091797,2.7861170768737793,2.0834484100341797,2.0809645652770996,2.213675022125244,2.28886079788208,2.2714734077453613,2.286198139190674,2.22312068939209,2.05663800239563,1.978897213935852,1.984952449798584,1.9036284685134888,1.7620946168899536,1.7508375644683838,1.5899525880813599,1.530362606048584,1.4208199977874756,1.395048975944519,1.2329211235046387,1.2314882278442383,1.1300922632217407,1.1163933277130127,1.0503480434417725,0.9928510785102844,0.9750924706459045,0.9792739748954773,0.8914313912391663,0.8025341033935547,0.8338871598243713,-222.007080078125,43.39002227783203,28.808679580688477,14.982797622680664,12.865764617919922,7.851888179779053,8.00933837890625,6.663033962249756,6.2223005294799805,4.92342472076416,2.8503923416137695,2.5485024452209473,2.549668073654175,2.2557520866394043,2.0773136615753174,2.0260322093963623,2.1170413494110107,2.129652261734009,2.111591339111328,2.1255271434783936,0.1846894770860672,0.21624793112277985,0.31668686866760254,0.6885069608688354,0.9755455851554871,0.7420310974121094,0.345549613237381,0.3119957745075226,0.2655410170555115,0.22861063480377197,0.19128108024597168,0.17658305168151855,0.13999903202056885,0.15738198161125183,0.18758274614810944,0.15247195959091187,0.08403594046831131,0.16497205197811127,0.20713718235492706,0.2319866567850113,0.19099554419517517,0.17025136947631836,0.14739254117012024,0.13715478777885437,1979.3559143515013,6130.592859538138,3064.4329608185253,0.03715922273781903,0.004390413407236338,230.0,240.0,235.0,286.0,296.0,291.0,3,pranayama
P8,-6.097782135009766,-8.5635347366333,-21.132753372192383,-26.152280807495117,-33.120079040527344,-31.616025924682617,-32.30929183959961,-36.18608093261719,-36.60628128051758,-39.79936218261719,-40.64414596557617,-41.69399642944336,-42.29556655883789,-43.444087982177734,-43.92190170288086,-44.19609832763672,-44.547691345214844,-44.85899353027344,-45.3787956237793,-45.69139099121094,-45.852787017822266,-45.84560775756836,-46.23684310913086,-46.328060150146484,-46.51229476928711,-46.470054626464844,-46.3520622253418,-45.97309875488281,-45.39088821411133,-44.72822570800781,-43.83513259887695,-44.71855926513672,2.170680284500122,2.6676602363586426,2.2548439502716064,2.5055043697357178,2.1747660636901855,2.14876127243042,2.078640937805176,2.5068531036376953,2.2581446170806885,2.153395414352417,2.1637988090515137,2.153566837310791,1.9498270750045776,1.8108450174331665,1.7729965448379517,1.5954337120056152,1.6753368377685547,1.487871527671814,1.3946658372879028,1.4230165481567383,1.3448517322540283,1.288594365119934,1.2167166471481323,1.1346291303634644,1.1397150754928589,1.0454858541488647,0.9960354566574097,0.9440585374832153,0.8911874294281006,0.8371517658233643,0.8484734892845154,0.8416923880577087,-222.119873046875,43.583702087402344,29.25798225402832,15.294076919555664,13.010354042053223,7.722843170166016,8.064969062805176,6.472715377807617,6.102855205535889,5.032531261444092,2.3405306339263916,2.383549213409424,2.1671745777130127,2.163917064666748,2.179551362991333,2.1050171852111816,2.1632678508758545,2.201167106628418,1.9997928142547607,1.9450652599334717,0.1583799570798874,0.1829666644334793,0.27528515458106995,0.5697962045669556,0.9442229270935059,0.8028804659843445,0.36592552065849304,0.3385981023311615,0.27826380729675293,0.23526647686958313,0.18196310102939606,0.15173989534378052,0.10010138154029846,0.11677951365709305,0.16129375994205475,0.1432754248380661,0.11397332698106766,0.17675039172172546,0.19466285407543182,0.2339935004711151,0.19400447607040405,0.17923760414123535,0.11762441694736481,0.09411834180355072,1963.4293541887553,6097.0440291473315,3059.164906488669,0.03763844076276102,0.004427953157573938,240.0,250.0,245.0,296.0,306.0,301.0,3,pranayama
P8,-6.192111492156982,-8.471344947814941,-21.3166561126709,-26.391639709472656,-33.35144805908203,-31.81998634338379,-32.50394821166992,-36.39263916015625,-36.58953094482422,-39.82585144042969,-40.848941802978516,-41.780269622802734,-42.17893600463867,-43.27539825439453,-43.925018310546875,-44.27339172363281,-44.565555572509766,-44.90491485595703,-45.367095947265625,-45.65496826171875,-45.91981887817383,-45.99972915649414,-46.16975784301758,-46.52420425415039,-46.59883499145508,-46.61680603027344,-46.31944274902344,-46.049686431884766,-45.60475158691406,-44.83376693725586,-43.96857833862305,-44.87249755859375,2.2863969802856445,2.790375232696533,2.2362725734710693,2.543248176574707,2.2117509841918945,2.0737290382385254,2.2118353843688965,2.342618465423584,2.3064215183258057,2.3050005435943604,2.2568109035491943,2.0359692573547363,1.935394525527954,1.8913451433181763,1.7116683721542358,1.7650642395019531,1.6483268737792969,1.5235542058944702,1.5182231664657593,1.4466173648834229,1.3980357646942139,1.3186999559402466,1.1348633766174316,1.1165839433670044,1.0946290493011475,1.0359013080596924,1.0025221109390259,0.939900815486908,0.9064677357673645,0.8516077399253845,0.7878954410552979,0.7888795733451843,-222.5808868408203,43.54219055175781,28.96806526184082,15.308074951171875,13.152116775512695,7.912510395050049,8.159015655517578,6.561230659484863,6.114019870758057,5.1391191482543945,2.4903504848480225,2.329960346221924,2.2398605346679688,2.2518150806427,2.224684238433838,2.2146880626678467,2.1083545684814453,2.049129009246826,2.1248505115509033,1.9316130876541138,0.15590190887451172,0.17900265753269196,0.24908295273780823,0.47454318404197693,0.915229320526123,0.8576241731643677,0.38353168964385986,0.320615291595459,0.26254352927207947,0.22889399528503418,0.1868632584810257,0.15295958518981934,0.12898674607276917,0.1448134332895279,0.15815021097660065,0.15952911972999573,0.1353893280029297,0.16015246510505676,0.17052829265594482,0.2170763462781906,0.1756870597600937,0.17183540761470795,0.13927698135375977,0.11578947305679321,1954.9997162931172,6065.243834741154,3051.651815532721,0.036949635658352666,0.004463168792426586,250.0,260.0,255.0,306.0,316.0,311.0,3,pranayama
P8,-6.091357231140137,-8.261662483215332,-21.484785079956055,-26.45673942565918,-33.115962982177734,-31.95207405090332,-32.6926383972168,-36.50902557373047,-36.7390022277832,-39.79383850097656,-40.60990905761719,-41.63285827636719,-42.365169525146484,-43.373802185058594,-43.82918167114258,-43.921424865722656,-44.49994659423828,-44.98993682861328,-45.346797943115234,-45.57533645629883,-45.8843879699707,-45.8841552734375,-46.09394073486328,-46.330955505371094,-46.390907287597656,-46.456886291503906,-46.22243118286133,-45.99860382080078,-45.55162811279297,-44.89030838012695,-43.99516296386719,-44.85546112060547,2.2909979820251465,2.706242799758911,2.2514569759368896,2.618133544921875,2.201475143432617,2.0792436599731445,2.2328522205352783,2.334874153137207,2.547969341278076,2.2214858531951904,2.1704347133636475,2.20559024810791,1.9488853216171265,1.790310263633728,1.8835303783416748,2.0148115158081055,1.822150468826294,1.7110590934753418,1.5153924226760864,1.4379618167877197,1.405226230621338,1.3728045225143433,1.344994306564331,1.3179298639297485,1.2399611473083496,1.1363471746444702,1.088881254196167,1.0750932693481445,0.9399620890617371,0.875099778175354,0.8758122324943542,0.8669401407241821,-222.34906005859375,43.373416900634766,28.88245964050293,15.506221771240234,13.158970832824707,8.186763763427734,8.196891784667969,6.563789367675781,6.212408065795898,5.000936985015869,2.9989898204803467,2.6927592754364014,2.491314172744751,2.3401172161102295,2.1631224155426025,2.1163089275360107,2.0921342372894287,1.924256682395935,2.134537696838379,1.9968351125717163,0.1511492133140564,0.17179888486862183,0.25480419397354126,0.49992847442626953,0.9309359788894653,0.831369161605835,0.3506079912185669,0.29576295614242554,0.25317925214767456,0.22459650039672852,0.18810158967971802,0.1565333604812622,0.11928128451108932,0.12501966953277588,0.1479576677083969,0.14706189930438995,0.12095842510461807,0.16946105659008026,0.1625707596540451,0.2093288153409958,0.17749658226966858,0.1730434000492096,0.15287327766418457,0.1285179853439331,1955.2372156269646,6042.661450025377,3047.7906993702854,0.036297083454176336,0.004625542555004358,260.0,270.0,265.0,316.0,326.0,321.0,3,pranayama
P8,-6.614830017089844,-8.844311714172363,-21.702558517456055,-26.612852096557617,-33.57212448120117,-32.20296096801758,-33.115478515625,-36.595420837402344,-36.844444274902344,-39.93316650390625,-40.87073516845703,-41.905303955078125,-42.1567268371582,-43.39487075805664,-44.05710220336914,-44.39189910888672,-44.72502899169922,-45.188316345214844,-45.533958435058594,-45.90916061401367,-46.136817932128906,-46.20737838745117,-46.394779205322266,-46.55461502075195,-46.620487213134766,-46.715667724609375,-46.498138427734375,-46.11141586303711,-45.70026397705078,-45.06982421875,-44.14270782470703,-45.07720947265625,2.313828945159912,2.803072690963745,2.1871776580810547,2.6917500495910645,2.4193649291992188,2.1366443634033203,2.289823293685913,2.280005931854248,2.520369052886963,2.2223293781280518,2.25608491897583,1.9876770973205566,2.032715320587158,2.0462417602539062,1.9382307529449463,1.8094367980957031,1.6668907403945923,1.6428784132003784,1.5466680526733398,1.4948827028274536,1.3334970474243164,1.3752580881118774,1.4196524620056152,1.3086260557174683,1.1112009286880493,1.0623451471328735,1.0266764163970947,0.9825737476348877,0.9906729459762573,0.8896024227142334,0.8538111448287964,0.8827077150344849,-223.69334411621094,43.20220184326172,28.70362663269043,15.09207534790039,13.05918025970459,8.224639892578125,8.194456100463867,6.515964508056641,6.028848648071289,4.955045700073242,3.117666006088257,2.710007667541504,2.415013074874878,2.352015256881714,2.1478376388549805,2.1664986610412598,2.0190513134002686,1.997926115989685,2.1095640659332275,2.065542697906494,0.16482901573181152,0.1840287446975708,0.2786029279232025,0.613180935382843,0.9652951955795288,0.7877095937728882,0.34380120038986206,0.2995275557041168,0.24364015460014343,0.21341384947299957,0.1823335886001587,0.16053715348243713,0.1469857096672058,0.14494837820529938,0.17516134679317474,0.13941547274589539,0.08939097821712494,0.17295899987220764,0.19096136093139648,0.211828351020813,0.16840940713882446,0.15700049698352814,0.1443410962820053,0.14145997166633606,1987.7413329485644,6142.883272458672,3065.4963103458717,0.037035736296403714,0.004472899250686169,270.0,280.0,275.0,326.0,336.0,331.0,3,pranayama
P8,-6.725040912628174,-9.1841459274292,-21.90609359741211,-26.640153884887695,-33.446922302246094,-32.208282470703125,-33.127685546875,-36.67631530761719,-37.2507438659668,-40.293121337890625,-41.164794921875,-42.4517822265625,-42.933231353759766,-43.920833587646484,-44.21320724487305,-44.45610809326172,-45.043113708496094,-45.401546478271484,-45.7778434753418,-46.08695983886719,-46.32578659057617,-46.34809875488281,-46.65537643432617,-46.730812072753906,-46.79364013671875,-46.96271514892578,-46.74058151245117,-46.40113067626953,-45.98366165161133,-45.17774200439453,-44.345008850097656,-45.27010726928711,2.447890043258667,2.865657329559326,2.2989895343780518,2.9354565143585205,2.669265031814575,2.213083505630493,2.3399434089660645,2.330484628677368,2.361440658569336,2.202730178833008,2.089017629623413,2.2101006507873535,2.017920970916748,1.8773953914642334,1.883742332458496,1.792281985282898,1.6107940673828125,1.5203663110733032,1.4519314765930176,1.4497381448745728,1.4044795036315918,1.3310058116912842,1.2625962495803833,1.1713311672210693,1.1583294868469238,1.1004698276519775,1.0354883670806885,1.032425045967102,0.9063378572463989,0.9079344272613525,0.8635377287864685,0.796779453754425,-224.97354125976562,43.26109313964844,29.054285049438477,15.440322875976562,13.016472816467285,7.761142253875732,7.855312347412109,6.3602824211120605,6.174747943878174,5.001317977905273,2.936293601989746,2.6636362075805664,2.4867358207702637,2.2615833282470703,2.2435240745544434,2.1250393390655518,2.1794538497924805,2.1646761894226074,2.1872215270996094,2.188951253890991,0.17205986380577087,0.19487231969833374,0.2711658775806427,0.498006671667099,0.9155172109603882,0.8351919651031494,0.38662683963775635,0.3266492486000061,0.2685889005661011,0.22586673498153687,0.18468818068504333,0.16193249821662903,0.14952638745307922,0.14826075732707977,0.16850586235523224,0.16607683897018433,0.13672231137752533,0.17529337108135223,0.18932244181632996,0.23396053910255432,0.19395515322685242,0.17055989801883698,0.13803361356258392,0.13276591897010803,1975.3614395561044,6121.674816016532,3062.8604620139577,0.03676837115719257,0.004484605509787798,280.0,290.0,285.0,336.0,346.0,341.0,3,pranayama
P8,-5.575427055358887,-7.947262287139893,-20.706520080566406,-25.459672927856445,-32.41986846923828,-31.106882095336914,-31.889732360839844,-35.909339904785156,-36.19910430908203,-39.192928314208984,-40.07508087158203,-41.12205505371094,-41.568824768066406,-42.76514434814453,-43.218505859375,-43.318992614746094,-43.99620819091797,-44.404048919677734,-44.68730926513672,-45.18952941894531,-45.39032745361328,-45.28811264038086,-45.534114837646484,-45.6478157043457,-45.768157958984375,-45.945438385009766,-45.74444580078125,-45.490047454833984,-45.06093978881836,-44.22370910644531,-43.335533142089844,-44.268768310546875,2.251645565032959,2.859029531478882,2.358912944793701,2.776503086090088,2.668844223022461,2.276059150695801,2.2589070796966553,2.308117628097534,2.2542853355407715,2.2272281646728516,2.101517915725708,2.1408982276916504,2.082353115081787,1.9427640438079834,1.8620060682296753,1.8588658571243286,1.7307648658752441,1.6692637205123901,1.586701512336731,1.4838112592697144,1.4135807752609253,1.3953635692596436,1.4291678667068481,1.2044507265090942,1.246692180633545,1.0641136169433594,1.0183027982711792,1.023210048675537,1.014460563659668,0.9036531448364258,0.8779471516609192,0.8663559556007385,-218.9290771484375,43.60163116455078,28.991838455200195,15.426800727844238,13.096063613891602,8.032173156738281,8.007527351379395,6.162419319152832,6.110522747039795,4.866034030914307,2.99760365486145,2.7251646518707275,2.47761869430542,2.413323163986206,2.2822299003601074,2.0824689865112305,2.3047120571136475,2.251953125,2.096123218536377,2.091465473175049,0.16289162635803223,0.1760101169347763,0.24781998991966248,0.45824629068374634,0.9066870808601379,0.8580670356750488,0.3955689072608948,0.3184455931186676,0.2659032344818115,0.22576722502708435,0.19087383151054382,0.16258803009986877,0.12364351749420166,0.1268698275089264,0.15842512249946594,0.18337419629096985,0.14406262338161469,0.16617760062217712,0.16805468499660492,0.21167057752609253,0.17503418028354645,0.1555650234222412,0.13198989629745483,0.12009728699922562,1953.0424701866139,6036.965892818301,3047.6183272155786,0.036402443445475635,0.004580103326588869,290.0,300.0,295.0,346.0,356.0,351.0,3,pranayama
P8,-5.4447455406188965,-7.569001197814941,-20.747089385986328,-25.514217376708984,-32.333187103271484,-30.872108459472656,-31.584178924560547,-35.635894775390625,-36.04137420654297,-38.911190032958984,-39.91117477416992,-40.80936813354492,-41.30854797363281,-42.544227600097656,-43.13433074951172,-43.411251068115234,-43.88587951660156,-44.33135223388672,-44.88322830200195,-45.21205139160156,-45.286556243896484,-45.26609802246094,-45.5490837097168,-45.75422668457031,-45.77431106567383,-45.78175735473633,-45.64799880981445,-45.36228942871094,-44.887489318847656,-44.089874267578125,-43.247135162353516,-44.027278900146484,2.473963975906372,2.8665544986724854,2.3421030044555664,2.518012762069702,2.176957845687866,2.125020980834961,2.06461763381958,2.2027084827423096,2.365325689315796,2.169457197189331,2.2188491821289062,2.015054225921631,1.9713279008865356,1.8800095319747925,1.8271751403808594,2.0071756839752197,1.715909719467163,1.587107539176941,1.5193700790405273,1.4257620573043823,1.3050813674926758,1.268965482711792,1.149678111076355,1.0850915908813477,1.056050419807434,1.0438225269317627,1.0072354078292847,1.012773871421814,0.9443283677101135,0.9075376391410828,0.9259812235832214,0.8703955411911011,-218.2765350341797,43.826515197753906,29.151201248168945,15.01212215423584,13.02147102355957,8.109352111816406,8.11064338684082,6.240225791931152,6.115427017211914,5.028336048126221,2.532296895980835,2.4018304347991943,2.477365255355835,2.3672029972076416,2.161768674850464,2.0635321140289307,2.1074745655059814,1.9923590421676636,2.0067830085754395,2.0274906158447266,0.1501217782497406,0.16696450114250183,0.23421220481395721,0.457482248544693,0.9203084111213684,0.8573348522186279,0.36705970764160156,0.28812894225120544,0.23640213906764984,0.20750659704208374,0.17845213413238525,0.14956101775169373,0.1231476217508316,0.129944309592247,0.14860959351062775,0.15190677344799042,0.12889254093170166,0.1608542501926422,0.1658923178911209,0.2071395218372345,0.17158344388008118,0.15812918543815613,0.12993822991847992,0.11387845873832703,1960.3292348474208,6073.037755129785,3056.6367815425924,0.03559241770591647,0.0045836567878723145,300.0,310.0,305.0,356.0,366.0,361.0,3,pranayama
P8,-7.848717212677002,-10.082704544067383,-23.174236297607422,-28.31432342529297,-35.07741928100586,-33.28593444824219,-34.09685516357422,-38.02524185180664,-38.35504150390625,-41.46715545654297,-42.405860900878906,-43.46836853027344,-43.869171142578125,-45.091426849365234,-45.8134880065918,-45.99969482421875,-46.34867477416992,-46.78384017944336,-47.18817901611328,-47.6859016418457,-47.726322174072266,-47.85618591308594,-48.07168197631836,-48.101707458496094,-48.28874588012695,-48.36789321899414,-48.2116813659668,-47.81905746459961,-47.431373596191406,-46.560546875,-45.68082809448242,-46.5702018737793,2.32206654548645,2.727137327194214,2.4176032543182373,2.795774459838867,2.5438976287841797,2.2704436779022217,2.3084566593170166,2.5151889324188232,2.4434146881103516,2.092107057571411,2.204606056213379,2.098841667175293,2.0329418182373047,1.7467162609100342,1.8507457971572876,1.7937525510787964,1.606115698814392,1.4953246116638184,1.5405023097991943,1.4682555198669434,1.3838388919830322,1.2811946868896484,1.1626322269439697,1.1287379264831543,1.1128027439117432,1.0683140754699707,1.0217080116271973,0.9439141154289246,0.968731164932251,0.8492817282676697,0.8284965753555298,0.932756245136261,-232.4734649658203,43.75441360473633,29.14036750793457,15.07794189453125,12.97523021697998,7.943140029907227,8.217561721801758,6.509219646453857,6.330502986907959,5.117377281188965,2.6323084831237793,2.8056623935699463,2.4497506618499756,2.3297600746154785,2.320451259613037,2.1398496627807617,2.1020314693450928,2.040149688720703,2.105612277984619,1.9909158945083618,0.16811221837997437,0.19183018803596497,0.2686084806919098,0.532932460308075,0.9358803033828735,0.8263881802558899,0.35611221194267273,0.29801878333091736,0.2429364025592804,0.21752561628818512,0.18428613245487213,0.1585523784160614,0.13290880620479584,0.15451540052890778,0.16053524613380432,0.14915426075458527,0.12648168206214905,0.1748088300228119,0.17745627462863922,0.2100525200366974,0.16335493326187134,0.14760024845600128,0.128000870347023,0.12002013623714447,1946.3916306158771,6029.596641168793,3048.5825385026815,0.036946236948955914,0.004582841414958239,310.0,320.0,315.0,366.0,376.0,371.0,3,pranayama
P8,-6.130086898803711,-8.41393756866455,-21.42963981628418,-26.357805252075195,-33.41559600830078,-32.00493621826172,-32.66667175292969,-36.486305236816406,-36.667842864990234,-39.593902587890625,-40.607452392578125,-41.85918426513672,-42.30331802368164,-43.39146423339844,-43.91083908081055,-44.16398239135742,-44.58941650390625,-44.797698974609375,-45.55436706542969,-45.92169189453125,-46.086273193359375,-46.17915344238281,-46.273414611816406,-46.49834442138672,-46.49928665161133,-46.57375717163086,-46.40583419799805,-45.97496795654297,-45.522377014160156,-44.87454605102539,-43.98415756225586,-44.839500427246094,2.2583365440368652,2.6548264026641846,2.2743923664093018,2.5795300006866455,2.2882864475250244,2.158592939376831,2.2254221439361572,2.271602153778076,2.4737353324890137,2.2818989753723145,2.300565242767334,2.1662540435791016,2.079122543334961,1.9189575910568237,1.8917397260665894,1.8227760791778564,1.634458065032959,1.5322844982147217,1.4227503538131714,1.4866876602172852,1.2996498346328735,1.2772738933563232,1.232862114906311,1.1392160654067993,1.0685195922851562,1.0601184368133545,1.0201140642166138,0.9425840377807617,0.9415046572685242,0.8549637794494629,0.8415218591690063,0.8446627259254456,-222.7346954345703,43.519405364990234,29.0671443939209,15.129179000854492,13.203567504882812,8.180818557739258,8.162753105163574,6.722070693969727,6.342883110046387,4.938594341278076,2.6748592853546143,2.199477195739746,2.3374643325805664,2.254063367843628,2.214172124862671,2.1508030891418457,2.140456199645996,2.126556634902954,2.073842763900757,2.124300956726074,0.16805820167064667,0.18474361300468445,0.2417275458574295,0.4408586919307709,0.9091935157775879,0.8733682036399841,0.3960151970386505,0.315209299325943,0.2666846215724945,0.23017264902591705,0.18979784846305847,0.16194352507591248,0.12912574410438538,0.13700057566165924,0.14598239958286285,0.1477522850036621,0.13547886908054352,0.14876073598861694,0.17210741341114044,0.21511541306972504,0.17399880290031433,0.15857355296611786,0.1270167976617813,0.11035432666540146,1949.002919163818,6060.197770899797,3050.784375201158,0.036923578886310905,0.004534451756626368,320.0,330.0,325.0,376.0,386.0,381.0,3,pranayama
P8,-5.752659320831299,-8.199796676635742,-21.0433349609375,-26.031169891357422,-32.83496856689453,-31.382476806640625,-32.09043884277344,-36.03816604614258,-36.36034393310547,-39.50255584716797,-40.55527114868164,-41.615135192871094,-42.06085968017578,-42.930755615234375,-43.467010498046875,-44.04692077636719,-44.51308822631836,-44.77760696411133,-45.16810607910156,-45.54438781738281,-45.63163375854492,-45.76301574707031,-46.081024169921875,-46.230709075927734,-46.3062744140625,-46.220699310302734,-46.001304626464844,-45.75983428955078,-45.374019622802734,-44.57722854614258,-43.6341438293457,-44.5276985168457,2.1845881938934326,2.749055862426758,2.36572265625,2.710289716720581,2.3901541233062744,2.061589479446411,2.1877293586730957,2.5661978721618652,2.6211297512054443,2.200192451477051,2.2177324295043945,2.1311144828796387,2.1062026023864746,1.8813642263412476,1.8422739505767822,1.7238849401474,1.6631190776824951,1.5090676546096802,1.5073689222335815,1.4301121234893799,1.3887253999710083,1.2859923839569092,1.1849628686904907,1.1488686800003052,1.1711608171463013,1.0862135887145996,0.9536477327346802,1.0000622272491455,0.9411669373512268,0.8676406145095825,0.8012773394584656,0.8209186792373657,-220.97483825683594,43.71870422363281,29.280189514160156,15.24419116973877,13.068719863891602,7.931118965148926,8.0203857421875,6.405272483825684,6.154559135437012,5.207708835601807,2.7320187091827393,2.3941216468811035,2.2792911529541016,2.3197834491729736,2.299973726272583,2.166316509246826,2.127531051635742,2.1284918785095215,2.101099729537964,2.0944783687591553,0.1658860146999359,0.1865183413028717,0.2692614197731018,0.5111604332923889,0.9232733845710754,0.8349493741989136,0.3705419898033142,0.3091605603694916,0.2519175410270691,0.2159051150083542,0.18182408809661865,0.15830576419830322,0.12984251976013184,0.1366686075925827,0.16240152716636658,0.15667064487934113,0.12866371870040894,0.17178016901016235,0.17765316367149353,0.2137409746646881,0.17451344430446625,0.16166508197784424,0.13430793583393097,0.11831441521644592,1946.0956578554606,6053.378090559745,3049.273123634539,0.03611015443735499,0.0045461799018085,330.0,340.0,335.0,386.0,396.0,391.0,3,pranayama
P8,-7.181956768035889,-9.308610916137695,-22.520374298095703,-27.527099609375,-34.16518020629883,-32.8857421875,-33.25473403930664,-37.16325759887695,-37.49237823486328,-40.82125473022461,-41.728065490722656,-42.84403991699219,-43.312870025634766,-44.42534255981445,-44.98529815673828,-45.29351806640625,-45.77073669433594,-46.017173767089844,-46.32125473022461,-46.76555252075195,-46.89157485961914,-47.052974700927734,-47.33846664428711,-47.42599868774414,-47.60940170288086,-47.66862869262695,-47.399288177490234,-47.09272766113281,-46.667205810546875,-45.91006088256836,-44.95724868774414,-45.825740814208984,2.326260566711426,2.767310857772827,2.2022151947021484,2.4461865425109863,2.256227970123291,1.9672554731369019,2.127387046813965,2.3059298992156982,2.2688236236572266,2.251009941101074,2.2485642433166504,1.9549896717071533,1.948514699935913,1.8438032865524292,1.7093948125839233,1.7382735013961792,1.653252363204956,1.5615570545196533,1.4892616271972656,1.4744819402694702,1.407820701599121,1.2369908094406128,1.2258758544921875,1.0869061946868896,1.1261106729507446,1.0929501056671143,1.0390983819961548,0.9379836320877075,0.9318735599517822,0.8245291709899902,0.7960554957389832,0.8703387975692749,-228.3289794921875,43.71063995361328,29.121456146240234,15.216711044311523,12.933317184448242,7.725930213928223,8.213778495788574,6.631992340087891,6.295637130737305,5.204709529876709,2.454923152923584,2.315762758255005,2.280748128890991,2.1678736209869385,2.1020028591156006,2.172255039215088,1.9229704141616821,1.9201688766479492,1.9060673713684082,1.9321308135986328,0.15684206783771515,0.17001701891422272,0.24266749620437622,0.47382164001464844,0.9183001518249512,0.8478546738624573,0.3561120927333832,0.29121071100234985,0.2475634217262268,0.2140222042798996,0.18801845610141754,0.16278912127017975,0.10791705548763275,0.11381179094314575,0.14017096161842346,0.15177743136882782,0.131184920668602,0.16794218122959137,0.1739307940006256,0.21087831258773804,0.17452484369277954,0.1481291651725769,0.1218571588397026,0.11005380749702454,1951.1161188128335,6054.82696037558,3051.112095636402,0.035572025449535964,0.004533762577921152,340.0,350.0,345.0,396.0,406.0,401.0,3,pranayama
P8,-5.540012836456299,-8.114998817443848,-20.933271408081055,-25.863008499145508,-32.81605911254883,-31.133583068847656,-31.812808990478516,-35.864356994628906,-36.17763900756836,-39.020904541015625,-40.1109504699707,-41.21928787231445,-41.592960357666016,-42.67134475708008,-43.30476760864258,-43.615692138671875,-44.118858337402344,-44.41498565673828,-44.8442497253418,-45.142311096191406,-45.32786178588867,-45.44511413574219,-45.68836975097656,-45.912967681884766,-45.839630126953125,-45.9464225769043,-45.87721252441406,-45.51473617553711,-45.141475677490234,-44.3570556640625,-43.41570281982422,-44.32986831665039,2.4936845302581787,2.889820098876953,2.426602363586426,2.6398398876190186,2.163630962371826,2.048614263534546,1.9952372312545776,2.2972874641418457,2.3205251693725586,2.0779852867126465,2.378572702407837,2.153284788131714,2.1870481967926025,1.9507274627685547,1.9540488719940186,1.760816216468811,1.7675158977508545,1.6312448978424072,1.459910273551941,1.4742940664291382,1.3509842157363892,1.510435938835144,1.3339073657989502,1.2889412641525269,1.2589867115020752,1.2975964546203613,1.12786066532135,1.0746287107467651,1.0223132371902466,0.9514421820640564,0.8987130522727966,0.9659169912338257,-219.39903259277344,43.58097457885742,28.84252166748047,15.186080932617188,12.951875686645508,7.98845911026001,8.18009090423584,6.460962295532227,6.207149982452393,5.081855297088623,3.324073076248169,2.590468406677246,2.530733108520508,2.2677736282348633,2.315668821334839,2.270298480987549,2.2031235694885254,2.064042568206787,1.9835819005966187,2.0465760231018066,0.18333838880062103,0.19148826599121094,0.2446533739566803,0.42293277382850647,0.8819087743759155,0.8928093910217285,0.4331689774990082,0.31952857971191406,0.2667216956615448,0.2274026870727539,0.198653906583786,0.1774202436208725,0.1521630734205246,0.1453559398651123,0.15250052511692047,0.1693769246339798,0.1557336151599884,0.14921854436397552,0.16633488237857819,0.21554216742515564,0.17665264010429382,0.16094611585140228,0.14272063970565796,0.13670341670513153,1947.064040794281,6015.257826094838,3044.4128483797676,0.03638658280162413,0.004599577747285366,350.0,360.0,355.0,406.0,416.0,411.0,3,pranayama
P8,-10.213717460632324,-12.960851669311523,-25.83774185180664,-30.95960235595703,-37.87989044189453,-36.87957763671875,-37.69779586791992,-41.3551025390625,-41.389469146728516,-44.53932571411133,-45.53908157348633,-46.55561065673828,-47.034461975097656,-48.07537841796875,-48.45404052734375,-48.640625,-49.22869110107422,-49.73170471191406,-50.150150299072266,-50.43997573852539,-50.677005767822266,-50.61323547363281,-50.978458404541016,-51.21883773803711,-51.26150894165039,-51.31044387817383,-51.07850646972656,-50.805843353271484,-50.40470886230469,-49.74525451660156,-48.842689514160156,-49.624446868896484,2.7027032375335693,2.864851474761963,2.3171987533569336,2.543891429901123,2.1834282875061035,2.1564106941223145,2.2148373126983643,2.41845965385437,2.416921854019165,2.303030252456665,2.1444590091705322,2.0274763107299805,2.1025192737579346,2.077730655670166,1.8456448316574097,1.8011364936828613,1.5603916645050049,1.6914173364639282,1.5325448513031006,1.4541352987289429,1.3673045635223389,1.3532660007476807,1.2282274961471558,1.209170937538147,1.1249009370803833,1.0643494129180908,1.005955696105957,0.9899611473083496,0.9430282115936279,0.868265688419342,0.7616350054740906,0.8263177871704102,-249.27700805664062,43.792293548583984,29.064865112304688,15.779579162597656,13.623705863952637,8.455506324768066,8.344324111938477,6.642462730407715,6.323183059692383,5.08516263961792,2.884582042694092,2.339407444000244,2.3483357429504395,2.3498806953430176,2.2971010208129883,2.133551836013794,2.1422698497772217,2.203608989715576,2.1115715503692627,1.9879717826843262,0.18572543561458588,0.19571731984615326,0.2594566345214844,0.46539369225502014,0.905214786529541,0.8538016080856323,0.3892678916454315,0.31524720788002014,0.28795602917671204,0.27360036969184875,0.23739297688007355,0.19757628440856934,0.15808120369911194,0.1553284376859665,0.16203118860721588,0.1542414128780365,0.14690615236759186,0.16238196194171906,0.16005097329616547,0.2164788693189621,0.21503783762454987,0.22547101974487305,0.19002015888690948,0.16247710585594177,1861.0744726751188,5720.912428853683,2993.702120154395,0.03345462949535963,0.005037710070610046,360.0,370.0,365.0,416.0,426.0,421.0,3,pranayama
P8,-5.496582984924316,-7.616388320922852,-20.665952682495117,-25.647674560546875,-32.457603454589844,-31.732303619384766,-32.41627883911133,-35.60952377319336,-35.9943733215332,-38.92330551147461,-39.581443786621094,-40.705509185791016,-41.1158561706543,-42.08351135253906,-42.69391632080078,-42.61079788208008,-42.98931121826172,-43.485069274902344,-43.9978141784668,-44.367088317871094,-44.63408279418945,-44.622344970703125,-44.8408317565918,-45.083797454833984,-45.1350212097168,-45.2214469909668,-45.03234100341797,-44.75080490112305,-44.35395431518555,-43.625877380371094,-42.68386459350586,-43.626319885253906,2.362055778503418,2.766801357269287,2.339421033859253,2.6206305027008057,2.4274933338165283,2.3096344470977783,2.2375266551971436,2.5206093788146973,2.440286159515381,2.4482553005218506,2.3612759113311768,2.2692782878875732,2.3673622608184814,2.336135149002075,2.3386964797973633,2.2319326400756836,2.3086800575256348,2.1705100536346436,2.1132514476776123,2.0285122394561768,1.8201799392700195,1.8789314031600952,1.8914039134979248,1.8320597410202026,1.7017902135849,1.6859726905822754,1.770290493965149,1.8037365674972534,1.8106483221054077,1.7998991012573242,1.6542675495147705,1.6448633670806885,-216.3394775390625,42.0289306640625,28.07386589050293,15.551728248596191,13.641454696655273,8.41087818145752,8.274654388427734,6.645968914031982,6.250593662261963,4.756410598754883,6.442865371704102,3.5330097675323486,2.888007640838623,2.4973223209381104,2.385861873626709,2.1735756397247314,2.1267285346984863,2.139875888824463,2.092695951461792,2.1394121646881104,0.16140146553516388,0.18132780492305756,0.25747770071029663,0.4871792197227478,0.9211234450340271,0.8393859267234802,0.36553195118904114,0.3092743456363678,0.25308510661125183,0.21685734391212463,0.18774265050888062,0.16180375218391418,0.12324181199073792,0.13556599617004395,0.1620071530342102,0.1623387336730957,0.13526283204555511,0.16600285470485687,0.16848205029964447,0.22449207305908203,0.1793748140335083,0.15934263169765472,0.13528600335121155,0.1185302808880806,2044.8936191122525,6245.603146298579,3090.192666732615,0.039167859991299306,0.004483323078602552,370.0,380.0,375.0,426.0,436.0,431.0,3,pranayama
P8,-6.833803176879883,-9.137175559997559,-22.08511734008789,-27.05954360961914,-33.7072868347168,-33.07029724121094,-33.791831970214844,-36.800148010253906,-37.33960723876953,-40.368778228759766,-41.33415985107422,-42.38153839111328,-42.76427459716797,-43.729942321777344,-44.28264617919922,-44.705421447753906,-45.16474151611328,-45.45199203491211,-45.858551025390625,-46.27953338623047,-46.56593322753906,-46.5289421081543,-46.72511672973633,-46.889808654785156,-47.00339889526367,-47.089942932128906,-46.81843566894531,-46.56779479980469,-46.16756057739258,-45.43156051635742,-44.542110443115234,-45.466766357421875,2.3751959800720215,2.6480178833007812,2.330383062362671,2.6443958282470703,2.409738302230835,2.257326126098633,2.2865548133850098,2.3021390438079834,2.3465847969055176,2.238023042678833,2.2314515113830566,1.932658314704895,2.037447452545166,1.9811930656433105,1.8684378862380981,1.7718250751495361,1.6922764778137207,1.6392511129379272,1.5759028196334839,1.4491485357284546,1.3836060762405396,1.3379650115966797,1.2323940992355347,1.1787981986999512,1.154907464981079,1.0155616998672485,1.0256505012512207,0.9681275486946106,0.9050314426422119,0.9344361424446106,0.8513380885124207,0.8813013434410095,-225.91067504882812,43.1151123046875,28.67234992980957,15.32992172241211,13.264701843261719,8.346418380737305,8.25565242767334,6.5751633644104,6.20573616027832,4.962784290313721,2.902341842651367,2.403655767440796,2.445075750350952,2.264293670654297,2.1574552059173584,2.0321669578552246,2.1332573890686035,2.0819289684295654,2.039358377456665,1.9842140674591064,0.16480311751365662,0.17983490228652954,0.2512301802635193,0.47791197896003723,0.9198914766311646,0.844868004322052,0.3743453919887543,0.30412572622299194,0.2536575198173523,0.22024661302566528,0.19339454174041748,0.16458305716514587,0.13084444403648376,0.1379844695329666,0.15857064723968506,0.1604400873184204,0.13742850720882416,0.1669905036687851,0.17528314888477325,0.21880902349948883,0.17871667444705963,0.15739324688911438,0.14275246858596802,0.12463998794555664,1973.8154911885824,6107.011254259716,3059.66179622583,0.03653272730568446,0.004532882943749428,380.0,390.0,385.0,436.0,446.0,441.0,3,pranayama
P8,-5.831431865692139,-7.948217868804932,-20.956954956054688,-25.891454696655273,-32.78044509887695,-31.386886596679688,-31.58302116394043,-35.678741455078125,-35.8353271484375,-39.22309875488281,-40.22903823852539,-41.11048889160156,-41.583580017089844,-42.7313117980957,-43.1796875,-43.2878303527832,-43.99638366699219,-44.53915023803711,-44.85060501098633,-45.089935302734375,-45.24773406982422,-45.36272048950195,-45.6317024230957,-45.900794982910156,-45.8411865234375,-45.902225494384766,-45.70403289794922,-45.38993453979492,-44.960906982421875,-44.24279022216797,-43.25547790527344,-44.132259368896484,2.30765962600708,2.7855019569396973,2.170234441757202,2.4339163303375244,2.3928613662719727,2.005181074142456,2.134192705154419,2.2964859008789062,2.2687134742736816,2.255002498626709,2.334524393081665,1.9327248334884644,2.0730228424072266,1.9941439628601074,1.8536423444747925,2.0554940700531006,1.777833342552185,1.627260446548462,1.474919080734253,1.4006582498550415,1.3440622091293335,1.2844499349594116,1.222750186920166,1.1521728038787842,1.0802637338638306,1.010502815246582,0.9712689518928528,0.9492161870002747,0.8981914520263672,0.8148906230926514,0.8182129859924316,0.8827111721038818,-219.07676696777344,43.33712387084961,28.853723526000977,14.992314338684082,12.961556434631348,7.866458892822266,8.04345703125,6.438477516174316,6.336215972900391,5.3040971755981445,2.8299784660339355,2.295384645462036,2.440203905105591,2.3019115924835205,2.2515835762023926,2.038539171218872,2.1086843013763428,2.0413155555725098,1.987586498260498,2.1086626052856445,0.16298729181289673,0.17345190048217773,0.224506214261055,0.4303680956363678,0.919593095779419,0.8781388401985168,0.37772703170776367,0.2813721299171448,0.23315203189849854,0.20275621116161346,0.1748705506324768,0.15533754229545593,0.13308174908161163,0.12992185354232788,0.13653773069381714,0.14388449490070343,0.12737472355365753,0.15001612901687622,0.15883077681064606,0.19842061400413513,0.1601325422525406,0.14286331832408905,0.11878492683172226,0.11321838200092316,1997.098880263925,6196.01682587732,3077.626777587335,0.037698484628770304,0.004400609992444515,390.0,400.0,395.0,446.0,456.0,451.0,3,pranayama
P8,-6.714656829833984,-8.82115364074707,-21.50778579711914,-26.508424758911133,-33.61674880981445,-32.22426986694336,-32.593692779541016,-36.59382629394531,-36.817073822021484,-39.955413818359375,-40.943817138671875,-42.13532257080078,-42.713623046875,-43.6242561340332,-44.13066864013672,-44.56352233886719,-45.21016311645508,-45.38467025756836,-45.65549850463867,-46.21201705932617,-46.40296936035156,-46.41231155395508,-46.62953186035156,-46.80033874511719,-46.977813720703125,-47.04008483886719,-46.82904815673828,-46.4631462097168,-46.1221809387207,-45.31281280517578,-44.32554626464844,-45.14939880371094,2.31103777885437,2.946380615234375,2.2471072673797607,2.5651586055755615,2.2880325317382812,2.0961880683898926,2.183997392654419,2.4352364540100098,2.3483998775482178,2.0931293964385986,2.194355010986328,2.087131977081299,1.9884157180786133,1.8835593461990356,1.8243536949157715,1.7338982820510864,1.5651429891586304,1.5471512079238892,1.5256855487823486,1.3690402507781982,1.3524606227874756,1.2444002628326416,1.1077542304992676,1.1282641887664795,1.0611575841903687,1.003940224647522,0.9686951041221619,0.8909951448440552,0.9393488764762878,0.8171562552452087,0.8390582203865051,0.8821176290512085,-224.57565307617188,43.92720031738281,29.05883026123047,15.0720796585083,12.93803882598877,7.804784774780273,8.190037727355957,6.419517517089844,6.234562873840332,4.985328197479248,2.5959324836730957,2.4803454875946045,2.329347848892212,2.310295343399048,2.1706299781799316,2.176140308380127,2.0534424781799316,2.1293869018554688,2.071665048599243,1.9752277135849,0.15220312774181366,0.17643100023269653,0.25723713636398315,0.5016095042228699,0.9307819604873657,0.8317039608955383,0.3450298309326172,0.28859812021255493,0.24416394531726837,0.2142578512430191,0.18286430835723877,0.15285630524158478,0.12300670892000198,0.13623346388339996,0.16548411548137665,0.15613685548305511,0.12733836472034454,0.16938799619674683,0.1654587835073471,0.20767417550086975,0.1668454110622406,0.15009769797325134,0.1347048282623291,0.12177936732769012,1957.6795305542666,6059.59823856221,3055.2185801800465,0.03747530271171694,0.0044909813441336155,400.0,410.0,405.0,456.0,466.0,461.0,3,pranayama
P8,-6.917346954345703,-9.123108863830566,-21.830575942993164,-26.7669620513916,-33.45270538330078,-32.30795669555664,-32.7861328125,-36.936527252197266,-36.907798767089844,-40.32963943481445,-41.31220245361328,-42.263938903808594,-42.76494598388672,-43.8291130065918,-44.348289489746094,-44.459129333496094,-44.81879806518555,-45.398799896240234,-45.74569320678711,-46.164981842041016,-46.409175872802734,-46.46872329711914,-46.65077590942383,-46.85074234008789,-46.880088806152344,-47.02455139160156,-46.8774299621582,-46.5301628112793,-45.98759078979492,-45.28219223022461,-44.330726623535156,-45.22470474243164,2.4289333820343018,2.918707847595215,2.2070062160491943,2.68695330619812,2.2489845752716064,2.209040880203247,2.1180121898651123,2.386782646179199,2.4566268920898438,2.17842698097229,2.3278348445892334,1.9370198249816895,2.121480941772461,1.9693928956985474,1.7521069049835205,1.9118422269821167,1.651522159576416,1.5783696174621582,1.5465917587280273,1.4309996366500854,1.335572361946106,1.4013175964355469,1.2086409330368042,1.1394864320755005,1.094660758972168,0.9736982583999634,0.914955735206604,0.9051952958106995,0.8744112253189087,0.85676109790802,0.818421483039856,0.8579292893409729,-225.03346252441406,43.42631149291992,28.910385131835938,15.226479530334473,13.084437370300293,7.672196388244629,7.848491191864014,6.325125217437744,6.237166404724121,4.938497066497803,2.800471305847168,2.467823028564453,2.417325973510742,2.3735640048980713,2.147125482559204,2.1448814868927,2.111664295196533,2.1237378120422363,2.0409069061279297,2.14734148979187,0.16821855306625366,0.18526862561702728,0.24710486829280853,0.44453299045562744,0.9037136435508728,0.867473840713501,0.3869703710079193,0.2991066873073578,0.2525627911090851,0.22404272854328156,0.1867363005876541,0.16124074161052704,0.14650748670101166,0.15196603536605835,0.16227859258651733,0.16201667487621307,0.13993790745735168,0.15734517574310303,0.15751636028289795,0.20988821983337402,0.18205773830413818,0.17245517671108246,0.13591161370277405,0.1255071759223938,1986.2832487735575,6149.852835883121,3068.6661799535955,0.037433385295823664,0.0043988474644720554,410.0,420.0,415.0,466.0,476.0,471.0,3,pranayama
P8,-6.794717788696289,-9.010526657104492,-21.787412643432617,-26.742042541503906,-33.43839645385742,-32.18918228149414,-32.609622955322266,-36.798500061035156,-36.98845291137695,-40.138675689697266,-41.12165451049805,-42.19466018676758,-42.70547103881836,-43.644287109375,-44.21272277832031,-44.54600524902344,-45.02716064453125,-45.38428497314453,-45.8289680480957,-46.16994857788086,-46.3991813659668,-46.297672271728516,-46.576576232910156,-46.850013732910156,-46.930965423583984,-46.93000411987305,-46.658477783203125,-46.41690444946289,-45.992919921875,-45.22807693481445,-44.343528747558594,-45.27944564819336,2.3952109813690186,2.8828070163726807,2.483795166015625,2.8680078983306885,2.2918624877929688,2.0700018405914307,2.1853103637695312,2.4116950035095215,2.4413464069366455,2.1527154445648193,2.0828757286071777,2.1672141551971436,2.1378567218780518,1.8874305486679077,1.783701777458191,1.7707196474075317,1.6930346488952637,1.6562196016311646,1.579103708267212,1.4557627439498901,1.2853801250457764,1.2605564594268799,1.182795763015747,1.1968040466308594,1.1204676628112793,1.0400242805480957,0.963769257068634,0.9085566997528076,0.867307186126709,0.8528762459754944,0.8428378105163574,0.8279885053634644,-224.72499084472656,43.55389404296875,28.99036979675293,15.154106140136719,12.891407012939453,7.842565059661865,7.913428783416748,6.336622714996338,6.110715389251709,5.114558219909668,2.6315345764160156,2.4088034629821777,2.462674140930176,2.332519769668579,2.2754549980163574,2.1239378452301025,2.0984530448913574,2.163191556930542,2.090181827545166,2.0367212295532227,0.16872255504131317,0.1855054646730423,0.24545802175998688,0.4274059534072876,0.8925967216491699,0.8829869031906128,0.40178224444389343,0.3025963306427002,0.26369574666023254,0.22636334598064423,0.1945003718137741,0.1682131141424179,0.13090896606445312,0.13838954269886017,0.15815411508083344,0.1671134978532791,0.15245039761066437,0.14752982556819916,0.15166646242141724,0.2056548148393631,0.18964767456054688,0.17976203560829163,0.14736008644104004,0.1258746236562729,1979.8265975406593,6117.503070167489,3061.048845923555,0.03648174666473318,0.004419113043695688,420.0,430.0,425.0,476.0,486.0,481.0,3,pranayama
P8,-6.168299674987793,-8.2669038772583,-21.406673431396484,-26.538772583007812,-33.07344055175781,-32.076934814453125,-32.497493743896484,-36.104888916015625,-36.49217224121094,-39.33806610107422,-40.560951232910156,-41.75464630126953,-42.20469284057617,-42.985836029052734,-43.296146392822266,-43.58366394042969,-44.26171875,-44.84506607055664,-45.17879867553711,-45.512779235839844,-45.75908660888672,-46.02765655517578,-46.07001495361328,-46.214481353759766,-46.38164520263672,-46.46341323852539,-46.26633071899414,-45.92538070678711,-45.488929748535156,-44.72705078125,-43.749149322509766,-44.59736633300781,2.3027374744415283,2.753547430038452,2.3248038291931152,2.6453421115875244,2.2031424045562744,2.0954134464263916,2.353618860244751,2.2208328247070312,2.5271103382110596,2.353393793106079,2.226879119873047,1.9862210750579834,2.0743730068206787,1.9393296241760254,2.048753261566162,2.178847074508667,1.6839455366134644,1.6111888885498047,1.5572062730789185,1.350629448890686,1.3798236846923828,1.270175814628601,1.1858404874801636,1.1625257730484009,1.1211031675338745,1.0509872436523438,1.0811387300491333,0.9263289570808411,0.9332554340362549,0.933678388595581,0.8646759390830994,0.8826043605804443,-221.64588928222656,43.383853912353516,28.55259895324707,15.036520004272461,13.357649803161621,8.041062355041504,8.100298881530762,6.539870262145996,6.592819690704346,5.200943946838379,2.9195897579193115,2.454249620437622,2.509099245071411,2.271592617034912,2.2820897102355957,2.0748519897460938,2.1854054927825928,1.9813342094421387,2.0674779415130615,1.9379035234451294,0.16122546792030334,0.1769077628850937,0.2521757185459137,0.472618043422699,0.9039428234100342,0.8426790237426758,0.37338969111442566,0.30355143547058105,0.2433808147907257,0.20454056560993195,0.17945869266986847,0.15897537767887115,0.12846612930297852,0.1278802901506424,0.15075308084487915,0.16577063500881195,0.1467059999704361,0.17467066645622253,0.1735493540763855,0.2147401124238968,0.16856159269809723,0.14422746002674103,0.12548619508743286,0.12196674197912216,1966.321543258165,6098.817645646027,3059.6893024591614,0.03682614921693735,0.004516193643212318,430.0,440.0,435.0,486.0,496.0,491.0,3,pranayama
P8,-6.880836009979248,-9.314318656921387,-22.135761260986328,-27.132097244262695,-33.534610748291016,-32.09745407104492,-32.42245101928711,-36.59269714355469,-37.047603607177734,-40.16006088256836,-40.852622985839844,-42.02912139892578,-42.709476470947266,-43.61970520019531,-43.964508056640625,-44.251976013183594,-44.833580017089844,-45.33580017089844,-45.79793167114258,-46.23678207397461,-46.42850112915039,-46.31878662109375,-46.61767578125,-46.854217529296875,-46.86166763305664,-46.94462203979492,-46.694984436035156,-46.34254455566406,-45.950767517089844,-45.21781539916992,-44.26628112792969,-45.167091369628906,2.3496131896972656,2.851511001586914,2.26347279548645,2.5250959396362305,2.25006103515625,1.9765146970748901,2.1074466705322266,2.294856071472168,2.225393772125244,2.217061758041382,2.2516422271728516,2.0313076972961426,2.008735418319702,1.8577322959899902,1.7942713499069214,1.7862792015075684,1.7150535583496094,1.5630309581756592,1.5404990911483765,1.4831929206848145,1.298122763633728,1.1972417831420898,1.222362995147705,1.191442608833313,1.09357488155365,1.100003719329834,0.9725735783576965,1.0062313079833984,0.9183997511863708,0.8704602718353271,0.8383229374885559,0.9256242513656616,-224.614990234375,43.34145736694336,28.587623596191406,14.696940422058105,12.849849700927734,7.7568793296813965,7.755880355834961,6.326259136199951,6.363872528076172,5.260267734527588,2.60661244392395,2.3515007495880127,2.288924217224121,2.257859706878662,2.120051622390747,2.2041585445404053,2.1436328887939453,1.9378169775009155,2.1158370971679688,2.001094341278076,0.17715699970722198,0.2050854116678238,0.2880740165710449,0.5364148616790771,0.9317942261695862,0.8231825232505798,0.36753135919570923,0.323270708322525,0.27269434928894043,0.2400023192167282,0.19769902527332306,0.16969522833824158,0.1392970085144043,0.15535300970077515,0.1796545684337616,0.15858876705169678,0.12395203113555908,0.17445208132266998,0.18385262787342072,0.23694880306720734,0.1976327747106552,0.17982392013072968,0.13945813477039337,0.12547199428081512,2004.1322108449538,6202.886467245505,3078.540878386795,0.03871243293213457,0.004366641864180565,440.0,450.0,445.0,496.0,506.0,501.0,3,pranayama
P8,-5.109094142913818,-7.319759845733643,-20.167837142944336,-25.065608978271484,-31.981489181518555,-30.34309959411621,-30.524139404296875,-35.13199996948242,-35.528289794921875,-38.6320915222168,-39.28580856323242,-40.48637390136719,-40.96653747558594,-42.148658752441406,-42.226932525634766,-42.44908142089844,-43.200286865234375,-43.692039489746094,-44.161659240722656,-44.47441482543945,-44.79502487182617,-44.80455017089844,-44.967037200927734,-45.17401885986328,-45.27312088012695,-45.182861328125,-45.15169906616211,-44.880035400390625,-44.41961669921875,-43.601898193359375,-42.62135696411133,-43.53384017944336,2.358727216720581,2.7531285285949707,2.2667903900146484,2.5892245769500732,2.034158706665039,2.0476012229919434,1.980863094329834,2.2894034385681152,2.4247243404388428,2.4535436630249023,2.217808961868286,2.062776803970337,1.9960767030715942,1.8512190580368042,1.9025933742523193,2.5016558170318604,1.9784655570983887,1.5467774868011475,1.5011813640594482,1.3271288871765137,1.3287336826324463,1.30569589138031,1.2406970262527466,1.2239305973052979,1.0672788619995117,0.96973717212677,0.9734258651733398,0.9393762350082397,0.9152780175209045,0.853105366230011,0.821921169757843,0.9197551012039185,-215.1903076171875,43.688968658447266,28.795846939086914,15.040382385253906,13.12080192565918,7.789307117462158,7.689537525177002,6.157304763793945,6.392101764678955,5.131908893585205,2.795069694519043,2.2760443687438965,2.366741418838501,2.171274423599243,2.3810791969299316,2.099777936935425,2.168210029602051,2.166487216949463,2.311363458633423,2.0419020652770996,0.15670761466026306,0.1744852513074875,0.24318042397499084,0.45637524127960205,0.9084149599075317,0.8614941239356995,0.3791317343711853,0.30718332529067993,0.25277575850486755,0.21344515681266785,0.1774756908416748,0.15255124866962433,0.1234230175614357,0.1310962736606598,0.15016473829746246,0.16322246193885803,0.13823629915714264,0.1618441939353943,0.15284469723701477,0.21210847795009613,0.17135487496852875,0.1487187296152115,0.11885107308626175,0.10778243094682693,1983.1924668111824,6135.563981837297,3068.2318754803873,0.038271733613689095,0.004430285654962063,450.0,460.0,455.0,506.0,516.0,511.0,3,pranayama
P8,-6.55542516708374,-8.63512897491455,-21.76559829711914,-26.85470199584961,-33.71403884887695,-32.07973861694336,-32.42718505859375,-36.751609802246094,-36.91981506347656,-40.139156341552734,-41.23185729980469,-42.162078857421875,-42.46204376220703,-43.7334098815918,-44.17274475097656,-44.58845520019531,-44.96913146972656,-45.48645782470703,-45.769432067871094,-46.02639389038086,-46.28971481323242,-46.40226364135742,-46.640472412109375,-46.84194564819336,-46.86467742919922,-46.92238998413086,-46.67351531982422,-46.26172637939453,-45.89133071899414,-45.099178314208984,-44.266605377197266,-45.1560173034668,2.3924927711486816,2.6305699348449707,2.1937131881713867,2.5135409832000732,2.347973108291626,2.2553257942199707,2.2340641021728516,2.3823225498199463,2.3879458904266357,2.118617296218872,2.1437718868255615,1.972096562385559,1.8723185062408447,1.8249149322509766,1.8415217399597168,1.680122971534729,1.47927987575531,1.6144847869873047,1.4621107578277588,1.474389672279358,1.4085942506790161,1.188979983329773,1.158941388130188,1.1421713829040527,1.167362928390503,1.0501933097839355,1.0042659044265747,0.9257308840751648,0.8922072052955627,0.8748179078102112,0.8546687364578247,0.8661535382270813,-224.46295166015625,43.55511474609375,29.17681884765625,15.148299217224121,13.043403625488281,7.904193878173828,8.058542251586914,6.542904376983643,6.199418067932129,5.345826148986816,2.518986225128174,2.3072187900543213,2.18672513961792,2.1764941215515137,2.1717352867126465,2.0891032218933105,2.256728172302246,2.1625618934631348,1.9796175956726074,2.1282875537872314,0.1513153463602066,0.17993207275867462,0.27293911576271057,0.5119983553886414,0.92367023229599,0.8292161226272583,0.34966525435447693,0.28763917088508606,0.23250243067741394,0.19998200237751007,0.1719914972782135,0.1454850733280182,0.13198982179164886,0.1400352269411087,0.1769663244485855,0.1731598973274231,0.13744738698005676,0.17772141098976135,0.16854360699653625,0.21015486121177673,0.15564188361167908,0.14138728380203247,0.13133075833320618,0.1179094910621643,1969.469000584363,6120.850459052349,3061.8028825715446,0.03564113254060325,0.004499736241996288,460.0,470.0,465.0,516.0,526.0,521.0,3,pranayama
P8,-6.903677940368652,-9.021462440490723,-22.238893508911133,-27.133237838745117,-34.05987548828125,-32.2963752746582,-32.78072738647461,-37.10715103149414,-37.42287063598633,-40.630950927734375,-41.492733001708984,-42.6994514465332,-42.991424560546875,-44.11310958862305,-44.415000915527344,-44.37664031982422,-45.08903121948242,-45.77869415283203,-46.256080627441406,-46.4866943359375,-46.78110885620117,-46.72950744628906,-46.963897705078125,-47.24969482421875,-47.31848907470703,-47.42488479614258,-47.167301177978516,-46.873268127441406,-46.423343658447266,-45.61073303222656,-44.7005615234375,-45.5925407409668,2.452105760574341,2.7795348167419434,2.3214271068573,2.5476839542388916,2.33070969581604,2.1701536178588867,2.1810214519500732,2.135439872741699,2.364326000213623,2.173476457595825,2.2313930988311768,2.0573031902313232,2.076721429824829,1.8629390001296997,2.0388379096984863,2.537196159362793,2.182645559310913,1.5809677839279175,1.3816553354263306,1.3366248607635498,1.2034705877304077,1.2572067975997925,1.2136240005493164,1.220969319343567,1.1866812705993652,1.076556921005249,1.0331833362579346,0.9507184028625488,0.9306790828704834,0.8473839163780212,0.7995054125785828,0.8947980999946594,-226.6505889892578,43.794586181640625,28.895252227783203,15.238811492919922,13.293386459350586,7.816681385040283,7.794681549072266,6.295478820800781,6.528458118438721,5.394227504730225,2.9376187324523926,2.2719781398773193,2.659738063812256,2.275397300720215,2.3417553901672363,2.09928035736084,2.2389793395996094,2.17102313041687,2.236287832260132,1.9239144325256348,0.1452036052942276,0.1619020700454712,0.2293984591960907,0.4422166347503662,0.9089508652687073,0.8736706972122192,0.380479097366333,0.2917112410068512,0.2400701344013214,0.20250745117664337,0.16594956815242767,0.1417091190814972,0.11207674443721771,0.11366116255521774,0.14313878118991852,0.15767303109169006,0.13486243784427643,0.14901694655418396,0.16068778932094574,0.20520606637001038,0.16487346589565277,0.13924679160118103,0.10914011299610138,0.10352793335914612,1947.5344131052505,6037.590405669954,3046.90001407982,0.03704593242459397,0.0046104323118925095,470.0,480.0,475.0,526.0,536.0,531.0,3,pranayama
P8,-5.451247215270996,-7.588568210601807,-20.64859390258789,-25.610958099365234,-32.48162841796875,-30.82798194885254,-31.190073013305664,-35.463687896728516,-35.878517150878906,-38.97621536254883,-40.022762298583984,-41.02313995361328,-41.66306686401367,-42.57262420654297,-43.28787612915039,-43.56153869628906,-43.66981887817383,-44.10977554321289,-44.54256820678711,-44.85065460205078,-45.128173828125,-45.1898078918457,-45.474056243896484,-45.610164642333984,-45.619171142578125,-45.72330093383789,-45.58403396606445,-45.27313995361328,-44.8193244934082,-43.991912841796875,-43.09620666503906,-43.94133377075195,2.279317617416382,2.737349033355713,2.266486406326294,2.568631887435913,2.3288748264312744,2.185157537460327,2.2239906787872314,2.220484733581543,2.348712921142578,1.945232629776001,2.2226662635803223,2.069380521774292,2.016906976699829,1.977408528327942,1.7714409828186035,1.7973006963729858,1.602237343788147,1.615325689315796,1.4523670673370361,1.3511261940002441,1.3815703392028809,1.2406936883926392,1.232779622077942,1.1969738006591797,1.1125630140304565,1.0287294387817383,0.955949604511261,0.9865050911903381,0.885164737701416,0.8574857711791992,0.8471015691757202,0.8482571244239807,-217.94302368164062,43.55259704589844,29.186262130737305,15.319998741149902,12.911935806274414,7.569182395935059,8.00347900390625,6.541443824768066,6.334659099578857,5.0752997398376465,2.4193904399871826,2.3318514823913574,2.2213046550750732,2.3128774166107178,2.196098804473877,2.206022024154663,2.0987703800201416,2.0428407192230225,2.015723943710327,2.02336049079895,0.158455491065979,0.1707879900932312,0.23168089985847473,0.423939973115921,0.8989961743354797,0.886308491230011,0.3997894525527954,0.29035764932632446,0.24232253432273865,0.20233610272407532,0.173452228307724,0.1554274559020996,0.12852364778518677,0.12804675102233887,0.1431255042552948,0.15759417414665222,0.14522342383861542,0.1484215259552002,0.1591733694076538,0.2024116814136505,0.16939835250377655,0.14834581315517426,0.12405140697956085,0.11972636729478836,1971.7631357438036,6106.9363127175175,3063.2340587041267,0.037326892401392114,0.004457957576960325,480.0,490.0,485.0,536.0,546.0,541.0,3,pranayama
P8,-5.905873775482178,-8.013492584228516,-21.038738250732422,-26.090396881103516,-32.90131378173828,-31.245805740356445,-31.840604782104492,-36.23381805419922,-36.53744125366211,-39.699771881103516,-40.340274810791016,-41.469207763671875,-42.04811096191406,-43.22613525390625,-43.546180725097656,-43.8112678527832,-44.36698913574219,-44.67093276977539,-45.11446762084961,-45.48008728027344,-45.6877555847168,-45.838218688964844,-46.08940505981445,-46.23024368286133,-46.210899353027344,-46.319969177246094,-46.12595748901367,-45.823646545410156,-45.4650993347168,-44.662322998046875,-43.66604232788086,-44.58554458618164,2.4519941806793213,2.8306026458740234,2.3628740310668945,2.5992672443389893,2.125976324081421,1.9660440683364868,2.065690279006958,2.419963836669922,2.421586751937866,2.282788038253784,2.187894105911255,1.9782590866088867,1.8718656301498413,1.957059621810913,1.7789992094039917,1.7928760051727295,1.6518183946609497,1.4657953977584839,1.4208685159683228,1.48805832862854,1.3233174085617065,1.369791865348816,1.2116202116012573,1.1297863721847534,1.1140904426574707,1.0327668190002441,0.9904489517211914,0.9192968606948853,0.8887161016464233,0.8082613945007324,0.8442984223365784,0.8745312094688416,-221.0214080810547,43.81945037841797,29.1324462890625,15.346086502075195,13.16027545928955,7.847414016723633,7.9353508949279785,6.37962007522583,6.184706211090088,4.988378524780273,2.468968152999878,2.3043994903564453,2.3895959854125977,2.2120773792266846,2.235675096511841,2.2257003784179688,2.1221542358398438,2.0541493892669678,1.8916435241699219,1.9977728128433228,0.1447269171476364,0.1667870432138443,0.24123317003250122,0.4761451780796051,0.9260913133621216,0.8494288325309753,0.37350350618362427,0.3142703175544739,0.2545989453792572,0.21953806281089783,0.18027517199516296,0.14462381601333618,0.11135143041610718,0.12140002846717834,0.15239030122756958,0.1518733650445938,0.12693920731544495,0.16117358207702637,0.18102116882801056,0.22270427644252777,0.17325998842716217,0.16474230587482452,0.1426936686038971,0.11223644763231277,1948.713637810243,6028.397576493619,3047.3256734996157,0.03570230930974478,0.004557005129754543,490.0,500.0,495.0,546.0,556.0,551.0,3,pranayama
P8,-5.736109256744385,-8.031180381774902,-20.718421936035156,-25.737468719482422,-32.55694580078125,-30.97658920288086,-31.328731536865234,-35.629154205322266,-36.2073974609375,-39.565364837646484,-40.41032791137695,-41.33152389526367,-41.558265686035156,-42.69063949584961,-43.06108474731445,-43.32465362548828,-43.880836486816406,-44.163246154785156,-44.63658905029297,-45.180389404296875,-45.48802185058594,-45.39101028442383,-45.67778396606445,-45.863956451416016,-45.877098083496094,-45.971641540527344,-45.781497955322266,-45.43422317504883,-44.98143005371094,-44.258689880371094,-43.362892150878906,-44.21208953857422,2.4359676837921143,2.6690893173217773,2.165750741958618,2.601257085800171,2.312676429748535,1.9335275888442993,2.0348901748657227,2.4860403537750244,2.5336251258850098,2.370561122894287,2.252225875854492,2.0496203899383545,2.098256826400757,1.892041802406311,1.7388601303100586,1.7451173067092896,1.6255590915679932,1.6199594736099243,1.4779167175292969,1.4344748258590698,1.317543625831604,1.218268632888794,1.1696528196334839,1.095097541809082,1.0704350471496582,1.041543960571289,1.0274311304092407,0.9356652498245239,0.9099541306495667,0.7992452383041382,0.8148075938224792,0.8582772612571716,-219.03077697753906,43.593177795410156,28.921113967895508,15.303727149963379,13.23529052734375,7.658293724060059,7.483245849609375,6.170028209686279,6.2852559089660645,5.251997470855713,2.7076096534729004,2.4053080081939697,2.2868142127990723,2.341935396194458,2.0984818935394287,2.078977584838867,2.055239677429199,2.2048537731170654,2.1703414916992188,1.9643332958221436,0.16180375218391418,0.18359863758087158,0.2599918246269226,0.484563410282135,0.9134727716445923,0.8582423329353333,0.3796358108520508,0.3145410418510437,0.25902724266052246,0.2170916646718979,0.18118560314178467,0.1567186862230301,0.12998360395431519,0.14213800430297852,0.1801581084728241,0.17387962341308594,0.1347033530473709,0.1609974354505539,0.17084258794784546,0.2197301983833313,0.18373225629329681,0.16231614351272583,0.12956833839416504,0.11930447816848755,1966.8941554625637,6088.925362075841,3057.721403541106,0.03671172600058004,0.004480902571231127,500.0,510.0,505.0,556.0,566.0,561.0,1,chanting
P8,-6.0380539894104,-8.263971328735352,-21.279052734375,-26.12338638305664,-32.935951232910156,-31.4478702545166,-31.93004608154297,-36.37969207763672,-36.50389862060547,-39.69641876220703,-40.46274948120117,-41.43806076049805,-41.85498046875,-42.990116119384766,-43.55473709106445,-43.599700927734375,-44.173377990722656,-44.606327056884766,-45.01912307739258,-45.487953186035156,-45.67204284667969,-45.77046585083008,-46.023780822753906,-46.174171447753906,-46.26327133178711,-46.287776947021484,-46.14547348022461,-45.932369232177734,-45.4778938293457,-44.63438415527344,-43.72248840332031,-44.52370834350586,2.4482979774475098,2.895174026489258,2.2599706649780273,2.6029369831085205,2.2008872032165527,2.104153871536255,2.0375475883483887,2.2597646713256836,2.2836921215057373,2.1151230335235596,2.3480658531188965,2.0066850185394287,2.3959391117095947,2.3146846294403076,1.9794901609420776,1.856844186782837,1.6902172565460205,1.591256022453308,1.5286612510681152,1.376220464706421,1.376072645187378,1.3416149616241455,1.1842654943466187,1.1136033535003662,1.0986337661743164,1.0313100814819336,0.9843759536743164,0.8964767456054688,0.9140785932540894,0.8861484527587891,0.8249677419662476,0.8852132558822632,-221.04391479492188,43.576229095458984,28.69672393798828,15.23625659942627,13.280839920043945,7.8812642097473145,7.906662464141846,6.235073089599609,6.219198703765869,4.975690841674805,2.8474104404449463,2.4584829807281494,2.6170127391815186,2.3567311763763428,2.405183792114258,2.2010622024536133,2.0459351539611816,2.1610474586486816,2.085155725479126,2.049906015396118,0.16540604829788208,0.1864796131849289,0.2566262185573578,0.5158811211585999,0.9352853298187256,0.8368071913719177,0.35488080978393555,0.3003355860710144,0.24235621094703674,0.20781968533992767,0.1801067441701889,0.1600870043039322,0.13824914395809174,0.14745096862316132,0.16216140985488892,0.14380542933940887,0.11487099528312683,0.16706202924251556,0.17784816026687622,0.2135181725025177,0.16740146279335022,0.14845608174800873,0.12550652027130127,0.12152926623821259,1964.2372646539839,6064.319555720707,3056.4149827960277,0.035970807352088165,0.004512482788413763,510.0,520.0,515.0,566.0,576.0,571.0,1,chanting
P8,-6.949406147003174,-9.30501651763916,-22.12199592590332,-27.080860137939453,-33.916954040527344,-32.22503662109375,-32.70953369140625,-36.72071838378906,-37.21587371826172,-40.45521926879883,-41.114009857177734,-42.27384567260742,-42.52451705932617,-43.78702163696289,-44.20194625854492,-44.38951873779297,-44.882965087890625,-45.24148941040039,-45.735740661621094,-46.32748031616211,-46.29461669921875,-46.42011642456055,-46.82805633544922,-47.055233001708984,-47.137107849121094,-47.134132385253906,-46.994266510009766,-46.722660064697266,-46.33830261230469,-45.54521179199219,-44.467472076416016,-45.372108459472656,2.425107955932617,2.803797483444214,2.1311991214752197,2.4854369163513184,2.3367669582366943,2.0526421070098877,2.1069746017456055,2.4395358562469482,2.415968656539917,2.233412027359009,2.4399309158325195,2.3148353099823,2.5239555835723877,2.61777925491333,2.6139307022094727,2.5869057178497314,2.4038591384887695,2.0423405170440674,2.0444695949554443,1.875860571861267,1.9881542921066284,1.6829280853271484,1.4260514974594116,1.3329131603240967,1.3055367469787598,1.1856613159179688,1.0486935377120972,1.0326347351074219,0.9808353185653687,0.854194164276123,1.0690115690231323,0.8951782584190369,-225.4766387939453,43.585472106933594,28.31558609008789,15.045144081115723,13.14321231842041,7.652669906616211,7.929563045501709,6.336090564727783,6.326228618621826,5.15476131439209,4.99057149887085,2.3488996028900146,4.029450416564941,2.287645101547241,2.406096935272217,2.0646862983703613,2.0388991832733154,2.1327056884765625,2.071716070175171,2.126668930053711,0.16592738032341003,0.18186570703983307,0.25183337926864624,0.5006502866744995,0.9262410402297974,0.8403916358947754,0.36394017934799194,0.31228557229042053,0.2666568160057068,0.23663879930973053,0.20160599052906036,0.16872933506965637,0.15063485503196716,0.14996738731861115,0.1581255942583084,0.14439089596271515,0.12715831398963928,0.16129662096500397,0.17729578912258148,0.21661657094955444,0.19804227352142334,0.190388485789299,0.15843434631824493,0.1415061503648758,1973.1155237813653,6077.9339358867455,3056.363436005377,0.037379005945475635,0.004526316653937101,520.0,530.0,525.0,576.0,586.0,581.0,1,chanting
P8,-6.120055675506592,-8.358562469482422,-21.306673049926758,-26.523967742919922,-32.96028518676758,-31.199281692504883,-31.588266372680664,-36.06525421142578,-36.503692626953125,-39.441776275634766,-40.23239517211914,-41.38894271850586,-41.90214538574219,-42.90007400512695,-43.58846664428711,-43.8486442565918,-44.37934875488281,-44.87253189086914,-45.097068786621094,-45.43647003173828,-45.70684814453125,-45.67625427246094,-45.97420120239258,-46.12041473388672,-46.17145919799805,-46.17906951904297,-45.97587203979492,-45.69628143310547,-45.25531005859375,-44.61296081542969,-43.62220764160156,-44.48992156982422,2.3257546424865723,2.8732709884643555,2.2860891819000244,2.56962513923645,2.3146228790283203,2.2060952186584473,2.202003002166748,2.1950368881225586,2.4034230709075928,2.219339370727539,2.2447004318237305,2.029362916946411,1.8930734395980835,1.8997188806533813,1.8106541633605957,1.8316494226455688,1.6083219051361084,1.4943411350250244,1.4224189519882202,1.3935636281967163,1.309972882270813,1.2328420877456665,1.1971038579940796,1.1553514003753662,1.0995036363601685,0.9964809417724609,1.0636874437332153,1.0094199180603027,1.027214527130127,0.9403730034828186,0.8922687768936157,0.8557011485099792,-220.82852172851562,43.444583892822266,28.89335060119629,14.882649421691895,12.704744338989258,7.838153839111328,7.95281457901001,6.344468116760254,6.169614791870117,5.253822326660156,2.5382370948791504,2.4318020343780518,2.377706289291382,2.3662242889404297,2.1637961864471436,2.039973497390747,1.9497437477111816,2.0313210487365723,2.0760912895202637,2.0621209144592285,0.1650775521993637,0.17832541465759277,0.23521170020103455,0.4180279076099396,0.8805820345878601,0.8949764966964722,0.41629084944725037,0.30875954031944275,0.2620854675769806,0.21952182054519653,0.18537303805351257,0.16430792212486267,0.13349580764770508,0.139767125248909,0.15408402681350708,0.16738227009773254,0.1544032096862793,0.14194877445697784,0.16462798416614532,0.20743268728256226,0.1835148185491562,0.16122953593730927,0.13274557888507843,0.1235874816775322,1976.2950925165417,6121.849679614994,3064.827833198451,0.03670719438805104,0.0044431546702980995,530.0,540.0,535.0,586.0,596.0,591.0,1,chanting
P8,-6.2515549659729,-8.495919227600098,-21.453102111816406,-26.49431800842285,-33.32748794555664,-31.45869255065918,-31.973054885864258,-36.31654357910156,-36.67502975463867,-39.83293151855469,-40.78722381591797,-41.620121002197266,-42.21481704711914,-43.288475036621094,-43.93812561035156,-44.186946868896484,-44.53950500488281,-44.943607330322266,-45.37605667114258,-45.73829650878906,-45.9681510925293,-46.010704040527344,-46.30376434326172,-46.43202590942383,-46.44576644897461,-46.48461151123047,-46.337162017822266,-46.00180435180664,-45.55376434326172,-44.8326530456543,-43.900604248046875,-44.71510696411133,2.393115997314453,2.9733264446258545,2.2268404960632324,2.5389328002929688,2.1481056213378906,2.0636043548583984,2.0722553730010986,2.2681844234466553,2.204850912094116,2.069627285003662,2.000434160232544,2.031280755996704,1.9844913482666016,1.898306965827942,1.7036415338516235,1.7933359146118164,1.556390643119812,1.5574301481246948,1.492869257926941,1.4229332208633423,1.3757590055465698,1.3017246723175049,1.2157716751098633,1.1583929061889648,1.1733542680740356,1.0126965045928955,0.972758948802948,0.9062235355377197,0.9396494030952454,0.7994352579116821,0.7798271179199219,0.8603708148002625,-222.36703491210938,43.563419342041016,29.067272186279297,15.082740783691406,12.941718101501465,7.761335849761963,7.924306392669678,6.4105939865112305,6.2406182289123535,5.153185844421387,2.2844622135162354,2.361257791519165,2.316715955734253,2.2055506706237793,2.125331163406372,2.134626626968384,2.1247918605804443,1.8927955627441406,2.0592217445373535,1.9792280197143555,0.16611506044864655,0.1752055436372757,0.23557499051094055,0.4187043011188507,0.8694027662277222,0.8894668221473694,0.42094728350639343,0.30952057242393494,0.26039034128189087,0.2210163176059723,0.194411963224411,0.1742626130580902,0.1414744108915329,0.13576655089855194,0.1530512571334839,0.17535211145877838,0.164314866065979,0.15531465411186218,0.1595190167427063,0.2123386263847351,0.17565225064754486,0.15536770224571228,0.15030041337013245,0.1537424772977829,1966.797888109724,6097.843405597448,3060.609189551477,0.03658257504350348,0.004465050995349884,540.0,550.0,545.0,596.0,606.0,601.0,1,chanting
P8,-7.607807636260986,-9.821916580200195,-22.428955078125,-27.149797439575195,-33.69938278198242,-32.17151641845703,-32.836605072021484,-36.52693176269531,-36.85042953491211,-39.37165451049805,-40.29161071777344,-40.80256652832031,-40.749454498291016,-41.53166961669922,-42.216575622558594,-42.618675231933594,-42.70796585083008,-42.99006652832031,-43.550418853759766,-44.1979866027832,-44.2958869934082,-44.3446159362793,-44.755393981933594,-45.244503021240234,-45.3226318359375,-45.427513122558594,-45.346832275390625,-45.16673278808594,-44.706886291503906,-44.14058303833008,-43.42047119140625,-44.51810836791992,2.4939441680908203,2.859365940093994,2.424622058868408,3.0009706020355225,3.1694247722625732,2.8038411140441895,2.7926223278045654,3.5735511779785156,3.3846828937530518,3.796234130859375,3.7342238426208496,4.330312728881836,4.8102335929870605,5.15950345993042,5.441526412963867,5.400089263916016,5.703820705413818,5.7493205070495605,5.346623420715332,5.137386322021484,5.32186222076416,5.357632160186768,4.927120685577393,4.77432918548584,4.57522439956665,4.826961517333984,4.681204795837402,4.129757404327393,3.89414119720459,3.6969399452209473,3.3322160243988037,3.0212321281433105,-218.6395721435547,40.0453987121582,24.77742576599121,15.187516212463379,13.280529022216797,8.097012519836426,7.627315044403076,6.135883808135986,5.714737415313721,5.103959560394287,18.472139358520508,8.27612590789795,8.271072387695312,3.841323137283325,3.133657693862915,2.9115397930145264,2.506953477859497,2.428454637527466,2.3742597103118896,2.1659011840820312,0.16649827361106873,0.19191166758537292,0.26042476296424866,0.4848215878009796,0.9115121960639954,0.8448532223701477,0.3796437680721283,0.31708842515945435,0.26472729444503784,0.22865644097328186,0.19220207631587982,0.16224391758441925,0.13119077682495117,0.15649661421775818,0.16140282154083252,0.15940545499324799,0.13675405085086823,0.16855564713478088,0.18305574357509613,0.23221495747566223,0.18363964557647705,0.15850339829921722,0.13476386666297913,0.1152779832482338,2242.1223837361267,6397.309808222158,3093.3465150683724,0.04954865139211137,0.004501658957451582,550.0,560.0,555.0,606.0,616.0,611.0,1,chanting
P8,-14.622518539428711,-17.04949951171875,-25.95840072631836,-31.746599197387695,-34.43366241455078,-36.50258255004883,-38.56850051879883,-41.103946685791016,-42.295597076416016,-42.16038131713867,-44.458858489990234,-48.38531494140625,-50.6133918762207,-53.68456268310547,-55.46644973754883,-53.19969177246094,-52.60134506225586,-53.620147705078125,-53.84904479980469,-55.655208587646484,-56.66191101074219,-58.27851104736328,-60.62751770019531,-60.06365966796875,-60.28090286254883,-61.18205261230469,-58.13091278076172,-57.17009353637695,-58.502872467041016,-58.716609954833984,-57.560951232910156,-58.91196060180664,9.440018653869629,9.214073181152344,13.202518463134766,12.032297134399414,16.12525177001953,12.797554969787598,11.7381010055542,12.600760459899902,12.641592025756836,14.356132507324219,12.492023468017578,9.696188926696777,7.9916300773620605,6.23051643371582,5.162108421325684,7.300120830535889,7.960517406463623,6.684539318084717,6.967152118682861,6.700389862060547,6.142082691192627,4.210178852081299,2.1689558029174805,3.09002947807312,3.014561176300049,1.7737642526626587,4.421213626861572,5.095154285430908,3.371143102645874,2.4919872283935547,2.6381795406341553,2.1784613132476807,-274.36865234375,61.94246292114258,27.742752075195312,11.708141326904297,10.624893188476562,3.557718276977539,6.221521854400635,10.139492988586426,2.6502766609191895,1.0053569078445435,39.49419021606445,22.133892059326172,5.50604772567749,5.854757785797119,5.203749656677246,5.945547103881836,4.121976375579834,4.663363456726074,3.956913948059082,3.88563871383667,0.42328113317489624,0.21940775215625763,0.16546252369880676,0.2712404727935791,0.5285569429397583,0.5254768133163452,0.27280962467193604,0.19885464012622833,0.1571923792362213,0.15174564719200134,0.247666597366333,0.4239157736301422,0.369909405708313,0.14675584435462952,0.14509515464305878,0.22664499282836914,0.4434245526790619,0.43330273032188416,0.20589040219783783,0.2093244194984436,0.18079179525375366,0.14265331625938416,0.17359745502471924,0.37124308943748474,1590.0597815614556,4104.3484220925175,2561.7821392970313,0.03220730314675174,0.01796114630997181,560.0,570.0,565.0,616.0,626.0,621.0,1,chanting
P8,-9.83059024810791,-12.533084869384766,-18.584625244140625,-22.683530807495117,-26.230743408203125,-30.901220321655273,-35.004024505615234,-37.735687255859375,-37.84678649902344,-37.4187126159668,-37.07352828979492,-40.96757125854492,-44.89207458496094,-48.0424919128418,-49.63747024536133,-46.2242431640625,-45.24840545654297,-45.43807601928711,-48.43400573730469,-52.015018463134766,-53.12738037109375,-54.93885040283203,-56.97578430175781,-56.24568176269531,-57.341896057128906,-58.62001419067383,-52.7051887512207,-52.0142822265625,-54.59852600097656,-54.77298355102539,-53.16545867919922,-56.26372528076172,8.261911392211914,8.072388648986816,12.446917533874512,13.095598220825195,14.758516311645508,13.71982192993164,13.54525089263916,13.039348602294922,13.11007308959961,14.357632637023926,13.519953727722168,10.35467529296875,8.66983699798584,7.50139856338501,6.227654457092285,8.354769706726074,8.862212181091309,8.53211784362793,7.678704261779785,7.163431167602539,5.969563007354736,4.040415287017822,3.0893280506134033,3.145407199859619,2.9198148250579834,2.018282175064087,5.29802131652832,5.234391212463379,3.347804307937622,2.9725663661956787,3.3684446811676025,2.166426420211792,-245.2797088623047,66.86227416992188,25.7680721282959,11.04445743560791,14.125450134277344,4.631645679473877,3.3208773136138916,9.859652519226074,-0.36753109097480774,-2.837542772293091,39.92333221435547,21.910045623779297,5.207498550415039,9.72927474975586,9.277223587036133,7.669066429138184,4.709234714508057,4.134676456451416,4.442879676818848,4.913356781005859,0.28187063336372375,0.1547074317932129,0.20626012980937958,0.2939718961715698,0.3993683457374573,0.42701950669288635,0.19125176966190338,0.13785165548324585,0.16023926436901093,0.2900826632976532,0.6182892322540283,0.4792492389678955,0.21219608187675476,0.15723180770874023,0.20164568722248077,0.37175554037094116,0.4270278811454773,0.25179922580718994,0.1815946400165558,0.19573207199573517,0.1671198159456253,0.15846170485019684,0.3889869749546051,0.32984715700149536,1449.4252977305418,3240.772050826566,2370.189636243291,0.03449010295823666,0.02287835255265236,570.0,580.0,575.0,626.0,636.0,631.0,1,chanting
P8,-9.025311470031738,-11.638344764709473,-17.537189483642578,-19.790302276611328,-24.183412551879883,-29.00545310974121,-33.98078918457031,-35.245872497558594,-35.368255615234375,-36.96192932128906,-37.69685363769531,-39.92006301879883,-44.01557540893555,-47.44761276245117,-48.41932678222656,-44.32835006713867,-44.922916412353516,-45.163490295410156,-46.6559944152832,-52.406494140625,-53.24875259399414,-52.56776428222656,-53.904048919677734,-55.89767074584961,-57.89926528930664,-58.087432861328125,-53.077327728271484,-52.71524429321289,-54.05546188354492,-53.8607063293457,-53.22585678100586,-55.33798599243164,7.383106708526611,7.010066032409668,12.32151985168457,14.757536888122559,17.523357391357422,13.65124797821045,11.578948974609375,12.375245094299316,13.297234535217285,13.152600288391113,12.188790321350098,10.971952438354492,8.959123611450195,7.249610424041748,6.541727542877197,9.92203140258789,9.646620750427246,9.37133502960205,9.229588508605957,6.219834327697754,4.808489799499512,4.95500373840332,4.755788326263428,2.8063175678253174,1.5125352144241333,1.4293949604034424,4.87980318069458,4.8820013999938965,3.5573313236236572,2.91031813621521,3.391298532485962,1.851287603378296,-239.99044799804688,69.22190856933594,25.842973709106445,11.621842384338379,13.582344055175781,2.9685447216033936,3.150444984436035,7.8001933097839355,0.19552874565124512,-1.755282998085022,41.44483184814453,22.402427673339844,6.025784969329834,5.507863998413086,4.758544445037842,7.997385025024414,5.358251571655273,3.2615692615509033,5.183139801025391,5.378701210021973,0.14231058955192566,0.10997822880744934,0.15944799780845642,0.2782410681247711,0.45244741439819336,0.4970763623714447,0.17540448904037476,0.13037218153476715,0.1564793884754181,0.3377007842063904,0.6823504567146301,0.32748711109161377,0.15581166744232178,0.13055334985256195,0.16358359158039093,0.33801236748695374,0.4142935872077942,0.2308763563632965,0.1656762808561325,0.179579958319664,0.1313154697418213,0.18509653210639954,0.40086793899536133,0.24408058822155,1373.0317641946467,3204.875052113544,2335.6515867381227,0.033737855278422275,0.019792871549725533,580.0,590.0,585.0,636.0,646.0,641.0,1,chanting
P8,-7.327859878540039,-11.171041488647461,-13.60703182220459,-14.629525184631348,-18.45669174194336,-23.550935745239258,-25.860902786254883,-28.99939727783203,-30.181133270263672,-29.33693504333496,-29.770137786865234,-34.101131439208984,-40.36039352416992,-45.31163024902344,-48.35820770263672,-44.100616455078125,-43.03429412841797,-44.26441955566406,-45.97944641113281,-47.543331146240234,-50.0850715637207,-52.2625617980957,-56.749969482421875,-56.41851806640625,-58.55328369140625,-59.63188171386719,-53.17189407348633,-51.1518440246582,-52.69076156616211,-52.899024963378906,-51.8624153137207,-54.50091552734375,4.8036909103393555,4.4724555015563965,7.906848907470703,9.327945709228516,10.867082595825195,11.209869384765625,11.6757230758667,11.283974647521973,11.520840644836426,10.275931358337402,9.39844799041748,8.221250534057617,6.118693828582764,5.116916656494141,4.358322620391846,5.874332427978516,6.412332057952881,5.766417026519775,5.523547172546387,7.202744483947754,5.561938285827637,4.571608543395996,3.2130870819091797,2.890451431274414,2.3905081748962402,1.653451919555664,3.39339017868042,3.8378820419311523,3.092067003250122,3.1390509605407715,3.4646339416503906,2.601390838623047,-225.55349731445312,79.89508056640625,25.774770736694336,5.0196967124938965,9.549567222595215,-2.356006383895874,4.347692489624023,10.165345191955566,-4.278106212615967,-3.1481876373291016,28.984949111938477,14.900411605834961,3.3416457176208496,6.257602691650391,9.002002716064453,10.705035209655762,4.5792388916015625,2.895057439804077,4.26643180847168,4.969541072845459,0.14065131545066833,0.11256465315818787,0.17969854176044464,0.12181103974580765,0.3349476754665375,0.6167188286781311,0.14421527087688446,0.08713345974683762,0.17982235550880432,0.45419955253601074,0.8992781043052673,0.361253947019577,0.10812598466873169,0.10625846683979034,0.13762225210666656,0.23438066244125366,0.25347620248794556,0.18290755152702332,0.10899969935417175,0.0882209986448288,0.07838232070207596,0.1934610903263092,0.26874393224716187,0.14969299733638763,1217.8198281716786,2073.432628516531,2158.973213555877,0.031120849042923435,0.024443451315164566,590.0,600.0,595.0,646.0,656.0,651.0,1,chanting
P8,-10.682775497436523,-13.956215858459473,-19.766286849975586,-21.850889205932617,-25.73004913330078,-26.41790008544922,-27.66939926147461,-30.83493423461914,-30.505529403686523,-32.437110900878906,-34.98457336425781,-37.85509490966797,-41.955963134765625,-45.78550338745117,-48.07990264892578,-44.895347595214844,-43.311038970947266,-45.47648620605469,-46.41522216796875,-46.99131774902344,-48.62392044067383,-53.49535369873047,-55.76414489746094,-53.68526077270508,-55.55950164794922,-58.00165939331055,-52.77678680419922,-50.684539794921875,-52.39773941040039,-52.13112258911133,-52.220916748046875,-54.13427734375,7.197216033935547,6.2735066413879395,12.85401725769043,15.427665710449219,18.08578109741211,17.765316009521484,17.684024810791016,17.303442001342773,18.289148330688477,18.34684181213379,15.98767375946045,14.101850509643555,11.410369873046875,8.853289604187012,7.066811561584473,10.318342208862305,12.431537628173828,10.443081855773926,10.368669509887695,10.959714889526367,9.614937782287598,4.7693634033203125,3.008601665496826,5.669844150543213,4.309293270111084,1.450737476348877,5.6057024002075195,6.892005443572998,4.970357418060303,4.7936177253723145,3.782670259475708,3.1352593898773193,-232.47491455078125,68.55718994140625,22.506370544433594,6.041914463043213,7.727081775665283,-1.5825806856155396,3.8449618816375732,10.787178039550781,0.3976277709007263,0.5674636960029602,54.435848236083984,24.007898330688477,6.498546600341797,8.893436431884766,7.557741165161133,11.058612823486328,5.3295464515686035,4.571600914001465,5.494805335998535,4.423619270324707,0.1904103010892868,0.1596757173538208,0.3277600407600403,0.28980642557144165,0.4885433316230774,0.7815603017807007,0.3156229853630066,0.1611902415752411,0.1988474577665329,0.2194957137107849,0.5880699753761292,0.3594959080219269,0.1691518872976303,0.14406625926494598,0.16672208905220032,0.2358952909708023,0.4107494354248047,0.24592919647693634,0.13744467496871948,0.16742700338363647,0.12693439424037933,0.11680254340171814,0.4037943184375763,0.24198952317237854,1536.384743614629,3676.95680693518,2422.1872853891728,0.037866154292343385,0.019396508112549782,600.0,610.0,605.0,656.0,666.0,661.0,1,chanting
P8,-9.983078002929688,-12.505829811096191,-20.053001403808594,-23.775856018066406,-29.353229522705078,-32.05167770385742,-36.231876373291016,-36.27941131591797,-36.48066329956055,-38.85733413696289,-40.37068557739258,-41.22332763671875,-45.87590789794922,-48.312049865722656,-49.42477798461914,-47.320945739746094,-47.06162643432617,-47.88987350463867,-48.974822998046875,-51.93547439575195,-53.129539489746094,-52.11480712890625,-52.794376373291016,-54.67713928222656,-57.013702392578125,-57.118282318115234,-53.304595947265625,-52.2065315246582,-53.48685836791992,-54.07334899902344,-51.654300689697266,-53.55996322631836,7.331070423126221,7.035937309265137,12.289021492004395,13.992833137512207,15.487236022949219,12.884754180908203,10.771916389465332,13.183095932006836,13.656916618347168,13.70328426361084,11.484485626220703,11.139528274536133,7.522686958312988,6.319484233856201,5.603979110717773,8.071444511413574,9.463144302368164,8.320992469787598,8.1803617477417,6.506371021270752,4.467066287994385,5.496899127960205,4.8088274002075195,3.0656120777130127,1.3491014242172241,1.3631494045257568,4.311789512634277,4.830381870269775,3.326125144958496,2.1570770740509033,3.4263036251068115,2.6813738346099854,-245.55960083007812,61.96669387817383,27.37556266784668,12.03342056274414,12.328198432922363,4.244454860687256,6.670877456665039,7.7757368087768555,2.254499673843384,0.4821361005306244,40.437774658203125,20.10206413269043,4.833749771118164,4.615852355957031,5.277210235595703,8.983556747436523,4.3928303718566895,2.7403957843780518,4.203505516052246,5.09735631942749,0.16243693232536316,0.13067196309566498,0.22370272874832153,0.4126286804676056,0.5255022644996643,0.48593440651893616,0.21030691266059875,0.14833179116249084,0.15617889165878296,0.25270530581474304,0.5475585460662842,0.3147408068180084,0.14996711909770966,0.14778807759284973,0.18876978754997253,0.4032028019428253,0.44322702288627625,0.1824711263179779,0.16576160490512848,0.17073588073253632,0.10947444289922714,0.14635051786899567,0.4298233985900879,0.22677551209926605,1540.1434109702238,3816.7727441632833,2571.520494952948,0.03220277153422274,0.015019620768725872,610.0,620.0,615.0,666.0,676.0,671.0,1,chanting
P8,-3.2684738636016846,-6.912595272064209,-10.604496955871582,-13.01401424407959,-15.496841430664062,-17.819730758666992,-20.853715896606445,-24.05782699584961,-23.943513870239258,-24.044837951660156,-28.965261459350586,-32.976505279541016,-39.73808288574219,-43.61697769165039,-46.397159576416016,-41.9642448425293,-38.99488067626953,-39.927188873291016,-42.69636917114258,-42.821128845214844,-44.05794906616211,-48.79167556762695,-54.24833297729492,-52.79889678955078,-55.9837760925293,-57.12723922729492,-49.55295944213867,-49.12340545654297,-51.94826126098633,-52.56084060668945,-51.26215744018555,-53.064292907714844,4.085762977600098,3.707493305206299,5.744329452514648,7.045104503631592,9.182467460632324,10.329954147338867,11.510260581970215,11.19538402557373,11.593426704406738,11.406878471374512,9.171629905700684,7.107786178588867,6.661142826080322,5.988672256469727,5.167068004608154,5.458258628845215,7.117859363555908,5.952846527099609,5.26948881149292,8.2100248336792,7.875933647155762,4.558040142059326,4.385691165924072,4.272857189178467,3.1719672679901123,2.0789010524749756,3.8058619499206543,3.5251264572143555,2.6229984760284424,2.549332618713379,2.802901268005371,2.2893311977386475,-208.35494995117188,83.34771728515625,24.500106811523438,8.709096908569336,6.336850166320801,-6.141977310180664,3.70784854888916,13.120655059814453,-1.7214882373809814,-1.6515693664550781,28.476747512817383,13.017219543457031,7.842828273773193,8.325180053710938,7.8146867752075195,9.577518463134766,3.7868738174438477,4.225335597991943,3.0294272899627686,3.176628351211548,0.2869277000427246,0.08721181005239487,0.17923064529895782,0.11447234451770782,0.11686037480831146,0.3740730583667755,0.2016831636428833,0.05477876961231232,0.1079752966761589,0.2797447443008423,0.8892401456832886,0.7269260287284851,0.11499553173780441,0.09363523125648499,0.12314414978027344,0.18395885825157166,0.21693319082260132,0.27012768387794495,0.08288910984992981,0.07347416877746582,0.0741649717092514,0.07621607184410095,0.2330750823020935,0.27936500310897827,1105.1791829172394,1626.0815826203595,1970.1907462014308,0.027492160310324826,0.030064554885029793,620.0,630.0,625.0,676.0,686.0,681.0,1,chanting
P8,-12.453624725341797,-15.54354190826416,-24.50474739074707,-28.699710845947266,-33.333927154541016,-32.482967376708984,-33.8294563293457,-37.235694885253906,-38.00828552246094,-39.302547454833984,-41.50305938720703,-44.64314270019531,-47.5709114074707,-49.64342498779297,-51.143863677978516,-50.0517463684082,-48.03639602661133,-48.88361740112305,-50.424068450927734,-49.45702362060547,-50.32420349121094,-55.483341217041016,-58.85797119140625,-56.13727951049805,-57.7451057434082,-58.41478729248047,-55.03696823120117,-54.65241622924805,-56.17985153198242,-56.01802062988281,-55.387542724609375,-57.156593322753906,8.853592872619629,8.253767967224121,12.266230583190918,13.842304229736328,16.419885635375977,16.270273208618164,15.411917686462402,16.261695861816406,16.205110549926758,17.336223602294922,15.448904991149902,12.239693641662598,9.537904739379883,8.73946762084961,7.3978753089904785,8.854567527770996,11.971431732177734,11.258461952209473,9.957523345947266,11.937576293945312,11.39030647277832,5.723431587219238,2.3548779487609863,4.768568992614746,3.1013803482055664,2.4223742485046387,5.992945194244385,5.806850910186768,3.441426992416382,2.823472023010254,2.6879053115844727,1.940263032913208,-255.99844360351562,61.97490692138672,23.33468246459961,11.990147590637207,9.89123821258545,1.2721714973449707,5.497696876525879,11.240250587463379,2.2133431434631348,2.2361583709716797,51.30612564086914,23.115774154663086,7.240598201751709,5.9256696701049805,6.2262749671936035,9.901257514953613,4.374566078186035,6.336596488952637,4.971164226531982,3.7650744915008545,0.32102760672569275,0.20275159180164337,0.2036774456501007,0.3506643772125244,0.5216764211654663,0.5335153341293335,0.3822893500328064,0.21885588765144348,0.1754569262266159,0.1843024641275406,0.3221092224121094,0.4772605895996094,0.23594722151756287,0.16627007722854614,0.16935908794403076,0.19292372465133667,0.4357813596725464,0.3962574899196625,0.18867284059524536,0.20586085319519043,0.1594162881374359,0.11230982095003128,0.2144157886505127,0.41476404666900635,1606.2972183300856,4270.293977033788,2532.964176546673,0.03354299593967518,0.01694663055241108,630.0,640.0,635.0,686.0,696.0,691.0,1,chanting
P8,-12.137533187866211,-14.748710632324219,-22.425167083740234,-28.651569366455078,-33.607486724853516,-36.03693771362305,-38.95566177368164,-42.51723861694336,-43.87324142456055,-45.11518096923828,-46.20191192626953,-48.24579620361328,-51.2924690246582,-53.22346115112305,-54.06128692626953,-50.245243072509766,-50.248504638671875,-51.15019989013672,-52.03062438964844,-54.546913146972656,-56.539695739746094,-56.42037582397461,-57.40865707397461,-58.421241760253906,-61.00476837158203,-61.20888137817383,-56.69576644897461,-56.527217864990234,-57.86370849609375,-57.83594512939453,-55.93171691894531,-58.17210006713867,8.836920738220215,8.745001792907715,12.679469108581543,12.071462631225586,14.403799057006836,12.878684043884277,11.902685165405273,12.345510482788086,11.417831420898438,11.223572731018066,9.411092758178711,7.8287835121154785,6.07360315322876,5.518216609954834,4.873355865478516,8.249926567077637,9.120217323303223,7.872770309448242,8.651217460632324,8.66879940032959,6.222733497619629,5.592941761016846,4.276066780090332,3.67348051071167,1.9513218402862549,1.5592964887619019,4.923330783843994,4.568419456481934,3.081282138824463,2.5589022636413574,3.26096248626709,2.2737040519714355,-269.29193115234375,61.21342086791992,28.64583396911621,16.95221710205078,15.64699649810791,3.872676134109497,4.975214958190918,8.233454704284668,2.6800525188446045,1.047630786895752,37.40174102783203,17.971485137939453,4.539154052734375,5.70131254196167,7.44227933883667,11.40362548828125,5.282683372497559,4.250391483306885,3.6346945762634277,4.6690192222595215,0.3927466571331024,0.17070384323596954,0.16644686460494995,0.29927894473075867,0.4269380569458008,0.3872153162956238,0.24174369871616364,0.15825115144252777,0.12907375395298004,0.16904695332050323,0.41177982091903687,0.6083182096481323,0.25220826268196106,0.16400368511676788,0.19876126945018768,0.28436142206192017,0.4627288579940796,0.38985511660575867,0.20352613925933838,0.20329061150550842,0.15468166768550873,0.1085384413599968,0.26188668608665466,0.4258474111557007,1445.64695985416,3449.084557623985,2471.2892302114674,0.027374338384570766,0.01984608732163906,640.0,650.0,645.0,696.0,706.0,701.0,1,chanting
P8,-16.497236251831055,-18.396820068359375,-23.60538673400879,-27.938007354736328,-31.26544761657715,-33.20820617675781,-35.1480712890625,-38.892852783203125,-41.328155517578125,-40.998939514160156,-41.98662185668945,-47.68587875366211,-53.13443374633789,-57.673858642578125,-60.344879150390625,-56.186302185058594,-52.94438171386719,-53.17366409301758,-52.95978546142578,-53.52640151977539,-55.52128219604492,-60.26252365112305,-66.2917709350586,-64.82634735107422,-66.60588836669922,-66.83182525634766,-60.49262237548828,-60.17138671875,-62.806190490722656,-63.67291259765625,-60.81991195678711,-64.29528045654297,7.636916637420654,7.915429592132568,11.436102867126465,11.922467231750488,13.739544868469238,14.374075889587402,13.791682243347168,13.268588066101074,12.521278381347656,13.599357604980469,11.85594654083252,9.696462631225586,7.524648189544678,7.110522747039795,6.3931355476379395,7.297786235809326,7.255860805511475,7.381712436676025,8.007652282714844,9.255880355834961,9.082879066467285,5.409871578216553,5.501593112945557,4.03890323638916,3.3567607402801514,3.4853339195251465,5.311075687408447,5.497918128967285,5.163447856903076,5.145457744598389,6.249800205230713,5.111928939819336,-280.9853820800781,74.57134246826172,26.757598876953125,12.393874168395996,8.358114242553711,-4.996826171875,5.12040376663208,14.096395492553711,-2.979687213897705,-2.099268674850464,37.5245246887207,22.968292236328125,6.303404331207275,6.1764936447143555,10.893259048461914,12.590631484985352,3.6501240730285645,5.82896614074707,5.720951557159424,4.283004283905029,0.4546060562133789,0.21326647698879242,0.17885099351406097,0.306802898645401,0.28618958592414856,0.2848973870277405,0.350020170211792,0.1445494294166565,0.09024892747402191,0.13469132781028748,0.3625616729259491,0.697689414024353,0.2543853521347046,0.1911168098449707,0.19845078885555267,0.23217535018920898,0.3809003233909607,0.33631300926208496,0.21832013130187988,0.14389100670814514,0.13732430338859558,0.1448468118906021,0.20281122624874115,0.40832358598709106,1329.4881200558268,2501.9483668068447,2141.1392584841037,0.036631289878190254,0.03291626274585724,650.0,660.0,655.0,706.0,716.0,711.0,1,chanting
P8,-6.072699069976807,-7.789665699005127,-12.383415222167969,-19.49244499206543,-18.62996482849121,-20.831504821777344,-24.250736236572266,-29.062049865722656,-31.60027313232422,-28.868099212646484,-29.85089683532715,-34.67839813232422,-39.17655944824219,-45.6931266784668,-49.97378921508789,-45.935760498046875,-42.71168899536133,-40.44121170043945,-42.73280334472656,-42.84126281738281,-42.99601745605469,-42.78227233886719,-44.65391159057617,-50.76426696777344,-58.17470169067383,-57.66838836669922,-49.392704010009766,-48.87466812133789,-48.56108474731445,-48.923423767089844,-52.337257385253906,-53.85344314575195,7.772516250610352,7.931848526000977,11.669928550720215,10.537312507629395,14.493605613708496,14.752008438110352,14.025228500366211,14.91524887084961,14.804759979248047,14.43185043334961,12.574288368225098,10.112428665161133,9.647773742675781,7.4627366065979,5.1789422035217285,6.059471607208252,8.038607597351074,9.528356552124023,9.102991104125977,11.17180061340332,12.938082695007324,10.52066707611084,8.225903511047363,6.01854944229126,6.746756076812744,3.222954750061035,4.654629230499268,4.1458420753479,4.8377604484558105,5.256046772003174,3.775280714035034,2.8388328552246094,-214.25308227539062,71.57250213623047,24.237607955932617,14.76334285736084,4.980752944946289,-4.8868303298950195,9.82840347290039,10.457487106323242,-6.576174259185791,2.4334404468536377,44.84223937988281,19.036718368530273,10.340947151184082,3.9066624641418457,9.895002365112305,13.425209045410156,3.049959182739258,3.5131330490112305,6.004642009735107,4.140697956085205,0.5726648569107056,0.16017036139965057,0.12734930217266083,0.2978135347366333,0.212559774518013,0.1876632124185562,0.19977794587612152,0.10084668546915054,0.07039839029312134,0.1124371737241745,0.3092990815639496,0.8029977083206177,0.2855595648288727,0.09050412476062775,0.12184569239616394,0.24872945249080658,0.36634716391563416,0.31063562631607056,0.1859734058380127,0.15642301738262177,0.13652580976486206,0.10186108201742172,0.14638414978981018,0.3278016149997711,1426.5724091090801,3053.7429420134863,2197.928434604261,0.0404310469837587,0.037334222346544266,660.0,670.0,665.0,716.0,726.0,721.0,1,chanting
P8,-9.782282829284668,-11.869277954101562,-19.082876205444336,-24.918594360351562,-25.892166137695312,-26.792043685913086,-28.021865844726562,-30.754281997680664,-33.957733154296875,-33.65513610839844,-35.78255844116211,-40.640953063964844,-43.65101623535156,-48.91703414916992,-53.460411071777344,-52.28026580810547,-48.632530212402344,-45.906009674072266,-46.42790222167969,-46.609657287597656,-46.873634338378906,-48.930015563964844,-51.796329498291016,-54.45151901245117,-57.2372932434082,-58.536441802978516,-52.25965118408203,-52.64168167114258,-53.248104095458984,-53.385841369628906,-53.60993576049805,-55.10848617553711,9.41712474822998,9.791353225708008,14.69399642944336,13.68124771118164,19.110065460205078,17.906837463378906,17.556276321411133,18.40894317626953,15.65932559967041,18.35965919494629,17.0217227935791,13.643170356750488,11.90256118774414,8.061985969543457,5.129648685455322,5.836771011352539,8.83944034576416,11.447027206420898,11.794807434082031,12.305026054382324,13.913315773010254,11.276933670043945,8.200536727905273,7.830588340759277,4.865065574645996,2.4978625774383545,7.437267780303955,6.5086894035339355,5.947384357452393,5.28568172454834,4.445040702819824,3.5739994049072266,-237.7847137451172,67.4411392211914,26.47146987915039,12.980961799621582,3.4091484546661377,-4.007565975189209,9.922593116760254,11.670144081115723,-2.289975166320801,2.120194911956787,57.662513732910156,22.404022216796875,6.392941474914551,3.374452590942383,10.772306442260742,12.340904235839844,5.231090545654297,6.041945934295654,8.070284843444824,3.9328136444091797,0.5423799157142639,0.22344237565994263,0.19723264873027802,0.3991418480873108,0.45119690895080566,0.3698623776435852,0.2922893762588501,0.2050793468952179,0.12165871262550354,0.13330499827861786,0.22931770980358124,0.5794058442115784,0.36528700590133667,0.1771744340658188,0.20067580044269562,0.2614296078681946,0.4448278844356537,0.38893407583236694,0.2053396850824356,0.16696789860725403,0.15009881556034088,0.11185653507709503,0.13711340725421906,0.4026440382003784,1502.4511930986052,3815.9983482272332,2384.064818548703,0.03777665494489559,0.02749123051762581,670.0,680.0,675.0,726.0,736.0,731.0,1,chanting
P8,-11.533674240112305,-13.498356819152832,-20.799999237060547,-27.3725528717041,-31.23837661743164,-31.93232536315918,-33.6148796081543,-36.684226989746094,-39.513145446777344,-40.108558654785156,-39.69963455200195,-43.57606887817383,-47.58058547973633,-51.50798416137695,-53.835147857666016,-51.901817321777344,-50.86316680908203,-48.40406036376953,-48.5234375,-50.84699630737305,-50.8555908203125,-52.986995697021484,-54.36813735961914,-56.1076545715332,-59.172943115234375,-58.88949966430664,-53.773319244384766,-54.187870025634766,-54.34857177734375,-55.500431060791016,-54.93766403198242,-57.69435119628906,9.54288387298584,9.722500801086426,14.492565155029297,13.178020477294922,16.896377563476562,16.797266006469727,16.894439697265625,17.478437423706055,15.403680801391602,17.099193572998047,16.2264347076416,12.978262901306152,11.919281959533691,8.914618492126465,6.2000203132629395,7.476080894470215,8.462735176086426,11.484903335571289,12.426133155822754,11.977662086486816,13.663501739501953,9.633308410644531,6.82554292678833,6.7371954917907715,3.8038601875305176,3.92726993560791,7.7116169929504395,6.738056182861328,5.832880973815918,4.431587219238281,4.766167640686035,2.79386830329895,-253.82623291015625,62.9271125793457,27.279844284057617,14.971087455749512,8.439087867736816,1.020945429801941,7.910656929016113,11.213656425476074,-1.0806914567947388,1.650453805923462,55.3996696472168,19.848134994506836,9.778541564941406,5.494519233703613,11.16209888458252,11.75733757019043,3.4893136024475098,5.358466625213623,7.121102809906006,3.9306600093841553,0.4874139428138733,0.22789262235164642,0.21164488792419434,0.4180307984352112,0.45262134075164795,0.39530372619628906,0.3178539574146271,0.17508606612682343,0.11537406593561172,0.12915503978729248,0.23718604445457458,0.5101911425590515,0.359099417924881,0.17595379054546356,0.1851879507303238,0.2745860815048218,0.45345765352249146,0.3843681216239929,0.27299678325653076,0.17455004155635834,0.14756786823272705,0.12075396627187729,0.17824235558509827,0.38140150904655457,1497.29042043563,3683.601623676769,2419.959020234352,0.034937599695475635,0.026479151099920273,680.0,690.0,685.0,736.0,746.0,741.0,1,chanting
P8,-11.555658340454102,-12.904220581054688,-19.90473175048828,-28.176759719848633,-30.63576316833496,-32.714317321777344,-34.22531509399414,-36.967041015625,-39.445865631103516,-39.773338317871094,-40.38972854614258,-43.73942184448242,-48.05899429321289,-52.13178253173828,-54.45473861694336,-53.43779754638672,-51.77555847167969,-50.2927131652832,-51.687686920166016,-52.440616607666016,-53.372554779052734,-53.040504455566406,-53.714988708496094,-56.835872650146484,-59.342689514160156,-58.355201721191406,-52.4359016418457,-53.19120788574219,-54.727787017822266,-55.712459564208984,-55.53500747680664,-56.468017578125,9.593981742858887,10.425023078918457,15.520156860351562,12.38772964477539,17.027320861816406,15.484781265258789,15.463606834411621,16.689577102661133,14.849225044250488,15.767274856567383,13.931575775146484,10.918416976928711,8.745800971984863,5.698249340057373,3.999793767929077,5.252150058746338,5.811535835266113,7.797863006591797,7.569007873535156,8.580987930297852,8.671080589294434,7.427779197692871,5.558590888977051,4.143685817718506,2.1530070304870605,2.69817852973938,7.4201483726501465,6.248011589050293,4.826902866363525,3.4565603733062744,3.0232737064361572,3.0999748706817627,-255.87442016601562,62.827327728271484,30.705158233642578,13.922319412231445,7.184259414672852,3.2507033348083496,8.110490798950195,10.636417388916016,-0.461564838886261,1.6924774646759033,45.5008659362793,22.83476448059082,6.034084320068359,4.853408336639404,12.088295936584473,10.864889144897461,2.7834792137145996,5.178471088409424,6.390308856964111,3.7297415733337402,0.5955132246017456,0.2589851915836334,0.16599425673484802,0.271139532327652,0.4699293375015259,0.40930911898612976,0.21707803010940552,0.20586015284061432,0.13615943491458893,0.1244211196899414,0.15267184376716614,0.3546336591243744,0.42382097244262695,0.14070744812488556,0.16783197224140167,0.25877469778060913,0.43093541264533997,0.4330165684223175,0.21653422713279724,0.19494827091693878,0.18575462698936462,0.16207876801490784,0.12314209342002869,0.24624775350093842,1535.8344577528887,3689.821771679234,2456.353037910726,0.03508147839327146,0.025708284229040146,690.0,700.0,695.0,746.0,756.0,751.0,1,chanting
P8,-5.673096179962158,-7.419125556945801,-11.25175666809082,-15.662995338439941,-16.286020278930664,-18.956174850463867,-22.291824340820312,-25.743234634399414,-28.049610137939453,-28.179370880126953,-29.269540786743164,-34.551109313964844,-38.8995475769043,-44.73537063598633,-49.69601821899414,-47.83967971801758,-46.0888557434082,-41.043575286865234,-41.71635437011719,-42.544036865234375,-42.462406158447266,-44.49580383300781,-48.29123306274414,-54.63447952270508,-57.747535705566406,-57.12992858886719,-47.34302520751953,-49.27933883666992,-51.54295349121094,-52.38785171508789,-53.049739837646484,-54.1921272277832,6.817835807800293,6.904232978820801,10.316747665405273,11.572280883789062,15.351567268371582,15.117256164550781,14.830033302307129,15.414968490600586,14.728156089782715,14.505733489990234,12.540040016174316,10.389251708984375,9.94920825958252,8.013958930969238,5.729189395904541,6.577375888824463,6.909721374511719,9.485123634338379,10.366349220275879,10.874282836914062,11.9972562789917,9.5210599899292,6.716759204864502,7.237090587615967,4.178722381591797,2.968747615814209,6.387162685394287,5.2525458335876465,4.379304885864258,3.5475432872772217,2.6965057849884033,3.8130102157592773,-213.62644958496094,78.33397674560547,25.95932960510254,13.419463157653809,2.32069993019104,-6.339304447174072,8.078346252441406,11.689682960510254,-8.259260177612305,0.7338407039642334,45.066890716552734,17.719202041625977,9.640409469604492,5.227114677429199,11.327713966369629,12.676292419433594,3.560159921646118,4.231124401092529,7.295773983001709,4.285884857177734,0.4224156439304352,0.12034092843532562,0.13612227141857147,0.31749966740608215,0.17638389766216278,0.17943009734153748,0.3146117925643921,0.11215056478977203,0.06605145335197449,0.1166047602891922,0.347303569316864,0.8500054478645325,0.19037365913391113,0.13532231748104095,0.1645245999097824,0.24326477944850922,0.32540345191955566,0.26259845495224,0.21386483311653137,0.11861822754144669,0.10359986871480942,0.07997710257768631,0.13409942388534546,0.3247583210468292,1218.3809476101364,2332.2807152697214,2028.5447860832976,0.03644889247389791,0.0392831489443779,700.0,710.0,705.0,756.0,766.0,761.0,1,chanting
P8,-9.013036727905273,-11.325249671936035,-17.857566833496094,-21.449384689331055,-22.87089729309082,-22.64402198791504,-24.482948303222656,-27.804122924804688,-30.23516845703125,-30.637924194335938,-32.56122970581055,-37.69742202758789,-41.57904052734375,-46.11585235595703,-49.85761260986328,-48.14870834350586,-44.703369140625,-40.40748596191406,-40.513240814208984,-40.05288314819336,-39.27557373046875,-42.33147048950195,-47.25259780883789,-53.61692810058594,-57.83229446411133,-55.85026168823242,-48.58685302734375,-50.166114807128906,-52.66931915283203,-52.70608139038086,-54.11201095581055,-54.447513580322266,9.039667129516602,9.271987915039062,14.201431274414062,15.157854080200195,19.31723976135254,18.816368103027344,17.895389556884766,18.15896224975586,16.642911911010742,18.33381462097168,17.708736419677734,14.085119247436523,11.217169761657715,8.81442928314209,5.951188087463379,7.050577163696289,9.832738876342773,13.923304557800293,14.412275314331055,15.193988800048828,16.925485610961914,14.338072776794434,9.931315422058105,7.968834400177002,5.5293731689453125,3.2120559215545654,8.949434280395508,7.396632671356201,5.026784420013428,4.5567779541015625,2.277588367462158,3.4989867210388184,-220.75946044921875,68.28473663330078,19.081045150756836,16.575319290161133,1.9373791217803955,-8.805392265319824,9.300076484680176,13.119081497192383,-5.643800735473633,3.3668670654296875,60.8875846862793,22.47051429748535,8.930416107177734,4.445265293121338,10.697307586669922,14.951447486877441,3.128016948699951,6.529111385345459,11.199294090270996,4.15867805480957,0.38119348883628845,0.16900889575481415,0.23953752219676971,0.5035189986228943,0.42852047085762024,0.4057600200176239,0.42892131209373474,0.20724298059940338,0.13935871422290802,0.16641736030578613,0.3320622742176056,0.6551087498664856,0.23159849643707275,0.12212859839200974,0.17234103381633759,0.2242889702320099,0.44614171981811523,0.35261374711990356,0.24785496294498444,0.1713746339082718,0.15786661207675934,0.1317613124847412,0.18626603484153748,0.406905859708786,1577.7908030118833,4066.5279237964037,2299.380426530111,0.04425799376450116,0.027172338217496872,710.0,720.0,715.0,766.0,776.0,771.0,1,chanting
P8,-13.61365032196045,-15.070144653320312,-22.33053970336914,-28.911388397216797,-33.11065673828125,-33.848445892333984,-35.109535217285156,-38.06764221191406,-39.26729202270508,-40.15690231323242,-41.64995193481445,-45.217262268066406,-48.690086364746094,-51.38182830810547,-52.61305618286133,-50.50483703613281,-50.20463562011719,-49.940704345703125,-50.71485137939453,-51.755950927734375,-54.27809143066406,-56.28443145751953,-55.569271087646484,-56.05034255981445,-59.80415725708008,-59.3145751953125,-54.93644714355469,-55.0469856262207,-56.05646896362305,-56.195770263671875,-55.19574737548828,-57.84336853027344,9.451300621032715,10.235837936401367,15.574871063232422,14.459014892578125,17.27459144592285,16.76585578918457,16.831905364990234,17.949892044067383,17.294416427612305,18.294588088989258,15.822249412536621,12.406929969787598,10.657026290893555,9.007680892944336,7.889376163482666,9.606125831604004,10.374168395996094,10.98756217956543,11.085114479064941,11.60480785369873,9.262310981750488,5.735931396484375,6.2719197273254395,6.724579811096191,2.6230690479278564,3.540233850479126,7.112555503845215,6.945527076721191,5.309511184692383,4.631875991821289,4.96065616607666,2.7139768600463867,-259.63812255859375,62.01380157470703,26.09859848022461,12.467867851257324,9.713157653808594,2.4494717121124268,6.03012752532959,10.286103248596191,2.19930362701416,1.367972731590271,55.35593795776367,22.79560661315918,6.807761192321777,8.049097061157227,8.9510498046875,10.681065559387207,3.848796844482422,5.5459699630737305,4.634670734405518,3.967960834503174,0.48479530215263367,0.23496198654174805,0.20175883173942566,0.3717941641807556,0.515479564666748,0.4612065553665161,0.33743607997894287,0.24102374911308289,0.15586642920970917,0.16788604855537415,0.21654169261455536,0.459844172000885,0.37316250801086426,0.18513153493404388,0.20089422166347504,0.25337377190589905,0.437924325466156,0.40709003806114197,0.2604856491088867,0.1976858377456665,0.17805631458759308,0.1487090140581131,0.13699640333652496,0.35796788334846497,1570.7137773918153,3933.331822795824,2491.541779420451,0.03770981366009281,0.024818668141961098,720.0,730.0,725.0,776.0,786.0,781.0,1,chanting
P8,-12.203165054321289,-14.080554962158203,-21.106327056884766,-25.449920654296875,-29.030864715576172,-31.172048568725586,-34.01059341430664,-37.774044036865234,-39.243988037109375,-39.30587387084961,-41.44017791748047,-45.231143951416016,-48.45726776123047,-51.611263275146484,-53.99061584472656,-52.09124755859375,-50.53116989135742,-50.47865295410156,-52.256046295166016,-50.64899826049805,-50.788753509521484,-54.1575813293457,-58.026878356933594,-57.334869384765625,-59.772151947021484,-59.74573516845703,-54.103981018066406,-54.76880645751953,-55.84711837768555,-55.530967712402344,-54.93909454345703,-57.021759033203125,9.270503997802734,9.302739143371582,14.192150115966797,15.34370231628418,19.875768661499023,17.536266326904297,16.21771812438965,16.103424072265625,15.802468299865723,17.240921020507812,14.372488021850586,11.247631072998047,9.361966133117676,7.396458148956299,5.5603156089782715,6.837657451629639,9.007484436035156,9.136236190795898,8.425806045532227,12.0889253616333,12.579123497009277,8.288283348083496,5.061498165130615,4.982039451599121,2.3487226963043213,2.427274227142334,6.943752288818359,6.0656843185424805,4.951378345489502,4.810004234313965,4.421603679656982,3.455371141433716,-256.7065734863281,64.90479278564453,29.62567901611328,13.731225967407227,9.143718719482422,-0.007104435469955206,6.297271728515625,9.4753999710083,-1.634074330329895,1.191599726676941,51.783912658691406,22.772502899169922,6.931703090667725,5.127626419067383,9.624107360839844,12.694851875305176,2.653771162033081,3.9793848991394043,7.624819755554199,4.299932956695557,0.3304296135902405,0.1547928899526596,0.18211188912391663,0.36530131101608276,0.44423535466194153,0.38757264614105225,0.28034234046936035,0.15401144325733185,0.11039680987596512,0.1311318725347519,0.2800835967063904,0.5976848602294922,0.20846864581108093,0.17246675491333008,0.2035556584596634,0.2676273286342621,0.46105825901031494,0.3732512295246124,0.21629872918128967,0.17811451852321625,0.1501213014125824,0.12480494379997253,0.1622682511806488,0.4279613196849823,1498.5448186422386,3606.386854698376,2430.4041265563287,0.03628915313225058,0.0257414523512125,730.0,740.0,735.0,786.0,796.0,791.0,1,chanting
P8,-6.535893440246582,-8.601316452026367,-12.137120246887207,-15.84862232208252,-16.474632263183594,-18.370010375976562,-21.751218795776367,-25.801950454711914,-27.5219783782959,-25.748794555664062,-29.720163345336914,-34.68605041503906,-39.7889404296875,-44.749610900878906,-49.24474334716797,-46.12031936645508,-42.66032791137695,-41.28709030151367,-41.405059814453125,-42.94087219238281,-44.723236083984375,-48.27860641479492,-52.67680358886719,-53.31893539428711,-60.06174850463867,-58.637779235839844,-50.5372314453125,-51.17119598388672,-54.07839584350586,-55.06623458862305,-54.19520950317383,-58.445037841796875,5.823588848114014,5.487466812133789,8.427361488342285,9.637717247009277,13.130525588989258,13.819519996643066,14.108278274536133,15.23756217956543,14.079604148864746,14.453163146972656,11.811718940734863,9.76343059539795,9.814900398254395,8.375269889831543,6.698550701141357,6.813595294952393,8.534317970275879,9.481689453125,10.071274757385254,11.163637161254883,10.613167762756348,7.6834540367126465,9.255182266235352,7.66209077835083,3.7551157474517822,4.803045749664307,5.356081008911133,5.457560062408447,4.152462482452393,3.214242696762085,3.388660430908203,2.6944527626037598,-217.892333984375,83.66561126708984,21.880630493164062,11.787237167358398,3.1446468830108643,-6.947216987609863,4.936483860015869,13.01738166809082,-5.930069446563721,-0.7789601683616638,43.289207458496094,15.48294734954834,11.5956392288208,4.631103038787842,11.868926048278809,11.684865951538086,3.2342069149017334,3.4382197856903076,5.074833869934082,3.982748031616211,0.433133989572525,0.12749026715755463,0.14365340769290924,0.31817081570625305,0.1299036294221878,0.16337968409061432,0.3463169038295746,0.09705250710248947,0.04548073187470436,0.0970672145485878,0.3963587284088135,0.8662665486335754,0.2256232649087906,0.12682341039180756,0.13634449243545532,0.23320715129375458,0.2730293869972229,0.2138313353061676,0.22309669852256775,0.11612095683813095,0.07258470356464386,0.06032928451895714,0.1632673144340515,0.29513153433799744,1116.042112987242,1903.6400744090777,1868.6604618953288,0.03702440726508121,0.0430249348282814,740.0,750.0,745.0,796.0,806.0,801.0,1,chanting
P8,-11.543506622314453,-13.129042625427246,-20.69609260559082,-27.178699493408203,-27.653963088989258,-27.035552978515625,-28.457021713256836,-31.517122268676758,-32.75867462158203,-32.53536605834961,-36.725303649902344,-40.62211608886719,-42.886329650878906,-47.334922790527344,-49.377925872802734,-47.74132537841797,-44.61426544189453,-45.05293655395508,-46.315834045410156,-45.30403137207031,-46.459716796875,-51.248653411865234,-54.78202819824219,-54.542362213134766,-59.343597412109375,-57.356266021728516,-52.9945068359375,-53.51667785644531,-55.816566467285156,-54.93749237060547,-54.90898895263672,-57.97951889038086,10.34761905670166,10.873690605163574,16.02076530456543,14.064045906066895,20.639509201049805,20.02607536315918,19.57274055480957,20.336639404296875,19.6732120513916,22.818462371826172,19.13204002380371,15.94562816619873,14.136517524719238,10.934399604797363,9.354269027709961,11.151094436645508,14.44716739654541,14.851936340332031,13.949645042419434,15.250534057617188,14.457775115966797,9.821141242980957,7.409205913543701,7.228845119476318,2.9580800533294678,4.698259353637695,8.461531639099121,7.506936550140381,4.817649841308594,5.31129789352417,4.629314422607422,2.5732955932617188,-239.06686401367188,68.7462387084961,18.866758346557617,11.20036506652832,5.887917995452881,-2.9736990928649902,6.16541862487793,12.733874320983887,0.022459805011749268,2.883606433868408,67.89588165283203,26.400423049926758,9.949743270874023,5.3678436279296875,8.102288246154785,11.742892265319824,2.5816574096679688,7.2435078620910645,6.1950578689575195,2.562814950942993,0.2613219618797302,0.14023086428642273,0.24337676167488098,0.5426338315010071,0.49489426612854004,0.2994075119495392,0.24724718928337097,0.15567255020141602,0.12073816359043121,0.13956572115421295,0.251444011926651,0.5591020584106445,0.15199396014213562,0.1276184767484665,0.20315605401992798,0.3274744749069214,0.4600229263305664,0.27147725224494934,0.17177553474903107,0.17588436603546143,0.1293933093547821,0.09259192645549774,0.16535130143165588,0.4312593340873718,1555.3671275174208,3994.9587509969547,2357.059885821674,0.042524651972157775,0.03173179179430008,750.0,760.0,755.0,806.0,816.0,811.0,1,chanting
P8,-13.750100135803223,-15.136871337890625,-22.561511993408203,-29.57778549194336,-32.46528625488281,-33.325225830078125,-34.975341796875,-38.7962760925293,-39.84334182739258,-40.71205139160156,-42.736812591552734,-45.45384979248047,-48.45252990722656,-52.22578430175781,-53.193355560302734,-50.609745025634766,-49.13440704345703,-49.66392517089844,-50.57798767089844,-52.2716064453125,-53.97275161743164,-54.5020637512207,-56.887638092041016,-57.63801193237305,-60.844810485839844,-59.92031478881836,-55.757938385009766,-56.434776306152344,-57.54194641113281,-58.384605407714844,-58.01523208618164,-59.99251937866211,9.654818534851074,10.557537078857422,15.592387199401855,13.073966979980469,18.214506149291992,17.430158615112305,16.565752029418945,17.54107666015625,17.20252227783203,18.186689376831055,15.111062049865723,13.135366439819336,11.053932189941406,8.743509292602539,8.07557487487793,10.118630409240723,12.15994644165039,12.269935607910156,12.2681884765625,12.29984188079834,10.437925338745117,9.015531539916992,7.249013423919678,6.759576797485352,3.149622678756714,4.8232808113098145,7.441470146179199,6.762232303619385,4.773751258850098,3.121846914291382,2.526705503463745,1.8297756910324097,-262.5763854980469,64.63374328613281,23.797822952270508,14.656829833984375,9.60307502746582,1.9091980457305908,5.148179054260254,10.492734909057617,1.4344329833984375,1.709915041923523,56.182220458984375,23.65372085571289,9.753689765930176,4.593052864074707,10.269286155700684,10.996814727783203,3.7658276557922363,5.573921203613281,5.129605770111084,3.9535765647888184,0.46185994148254395,0.20023338496685028,0.197132408618927,0.4151175022125244,0.5210080146789551,0.43332651257514954,0.2597636878490448,0.19411970674991608,0.14481841027736664,0.1463359296321869,0.21742266416549683,0.4901014566421509,0.35932686924934387,0.18310000002384186,0.19046396017074585,0.277843713760376,0.4590384364128113,0.39722147583961487,0.21188510954380035,0.19955261051654816,0.17478695511817932,0.1384284645318985,0.1661008596420288,0.3888150751590729,1499.7697436131484,3773.456532772622,2385.537816177754,0.037121836934454755,0.026735177263617516,760.0,770.0,765.0,816.0,826.0,821.0,1,chanting
P8,-8.853602409362793,-10.668874740600586,-16.73784828186035,-21.890472412109375,-22.235565185546875,-23.622385025024414,-27.930675506591797,-31.971872329711914,-31.856281280517578,-31.75779914855957,-34.308998107910156,-37.2071418762207,-41.703887939453125,-46.296077728271484,-48.46397399902344,-45.20893096923828,-43.14231491088867,-42.844505310058594,-43.51438903808594,-43.10630798339844,-45.430702209472656,-48.90020751953125,-55.08147048950195,-55.042720794677734,-59.80957794189453,-57.53653335571289,-51.137943267822266,-52.68894958496094,-54.663299560546875,-54.8754768371582,-55.48157501220703,-57.77888870239258,8.727582931518555,9.076071739196777,13.511828422546387,13.306136131286621,18.57059097290039,18.365575790405273,16.69926643371582,16.57345962524414,16.250473022460938,17.209409713745117,14.777030944824219,13.039751052856445,11.361047744750977,8.649872779846191,7.525943756103516,9.761099815368652,11.647297859191895,12.07561206817627,12.16420841217041,14.559175491333008,12.579833030700684,9.339430809020996,7.688342571258545,5.399855136871338,2.250581741333008,3.828188180923462,7.396490097045898,6.202691078186035,4.57891321182251,4.057827472686768,2.8849761486053467,2.270334243774414,-230.11892700195312,73.98379516601562,19.228857040405273,13.435450553894043,8.231483459472656,-3.372100830078125,4.945289611816406,12.653790473937988,-4.396308422088623,0.412208616733551,55.320526123046875,22.52593994140625,9.220510482788086,4.3835296630859375,8.616873741149902,12.927945137023926,4.260270118713379,5.277388572692871,7.5511555671691895,4.0232768058776855,0.3540472984313965,0.12631981074810028,0.18183080852031708,0.4496765732765198,0.33650070428848267,0.27789512276649475,0.2092263102531433,0.11573590338230133,0.09544391185045242,0.13714393973350525,0.340898722410202,0.7133512496948242,0.1959604173898697,0.13750892877578735,0.1696324497461319,0.29202622175216675,0.4208388924598694,0.3605254590511322,0.16301517188549042,0.1717725694179535,0.14243100583553314,0.11412842571735382,0.21082918345928192,0.40279579162597656,1342.4495283781907,3175.2731429451856,2145.3216195160594,0.03360303980568446,0.03394461050629616,770.0,780.0,775.0,826.0,836.0,831.0,1,chanting
P8,-7.051830291748047,-9.379315376281738,-14.766356468200684,-18.697612762451172,-17.817842483520508,-18.16263198852539,-22.034744262695312,-25.833961486816406,-26.405071258544922,-25.766393661499023,-30.18071937561035,-34.875205993652344,-38.613128662109375,-43.82575225830078,-45.478546142578125,-41.960655212402344,-40.18605041503906,-40.0011100769043,-39.37805938720703,-38.06354522705078,-42.26361846923828,-49.44046401977539,-52.983089447021484,-52.743106842041016,-57.67157745361328,-55.5710334777832,-48.6446418762207,-50.88857650756836,-54.260990142822266,-52.838809967041016,-54.06674575805664,-58.020572662353516,8.179004669189453,8.199801445007324,12.152703285217285,12.768074989318848,17.4855899810791,16.762800216674805,15.255819320678711,15.59341812133789,15.87698745727539,17.37962532043457,14.596370697021484,12.209218978881836,10.678050994873047,8.70278549194336,7.728826522827148,9.625478744506836,11.264674186706543,12.022696495056152,12.67026138305664,14.102069854736328,11.556906700134277,7.479249477386475,6.4227070808410645,6.194671630859375,3.4879212379455566,4.332655906677246,7.5429792404174805,6.004240989685059,4.045628070831299,4.924071788787842,3.4405360221862793,2.143747568130493,-213.5235595703125,79.2247314453125,16.500654220581055,11.614916801452637,4.535594463348389,-6.861727237701416,2.5712890625,14.590251922607422,-4.093723297119141,0.10550401359796524,53.387733459472656,21.039966583251953,9.323217391967773,5.696088790893555,8.143168449401855,10.977706909179688,4.0205888748168945,6.251138210296631,6.59315299987793,3.2870755195617676,0.3499811887741089,0.12411884218454361,0.20724034309387207,0.41851112246513367,0.26446446776390076,0.25554999709129333,0.2513280212879181,0.10748564451932907,0.09473833441734314,0.13588565587997437,0.38900962471961975,0.7969899773597717,0.1676187366247177,0.1261918842792511,0.17270374298095703,0.23410114645957947,0.3928256034851074,0.32343339920043945,0.17605352401733398,0.16587521135807037,0.14117220044136047,0.11568523198366165,0.1872914731502533,0.3584314286708832,1302.355879321703,2896.840333164153,2022.5143437385532,0.03911687935034803,0.03562786802649498,780.0,790.0,785.0,836.0,846.0,841.0,1,chanting
P8,-11.748505592346191,-13.618206024169922,-21.569456100463867,-27.28103256225586,-29.158723831176758,-29.40265655517578,-31.570327758789062,-35.29157257080078,-36.32177734375,-36.17631530761719,-38.792179107666016,-40.78657913208008,-43.57659149169922,-47.83747863769531,-49.53639602661133,-47.32492446899414,-45.835601806640625,-46.09577941894531,-48.10554504394531,-48.33027267456055,-48.934940338134766,-52.919559478759766,-54.48689270019531,-53.36034393310547,-57.41817855834961,-56.5926628112793,-52.70803451538086,-53.85784149169922,-55.42079162597656,-55.23020553588867,-53.6717643737793,-57.98008346557617,9.299015998840332,9.203353881835938,13.637216567993164,12.82955551147461,18.35740089416504,17.67525863647461,17.249059677124023,17.89606475830078,16.45940399169922,17.89735984802246,15.294696807861328,13.58144760131836,11.842443466186523,8.941742897033691,7.481404781341553,9.263300895690918,10.993602752685547,11.809928894042969,10.85241985321045,11.977642059326172,11.67895221710205,7.0070672035217285,6.053582668304443,7.261857509613037,4.66087532043457,5.116343975067139,7.471122741699219,6.267307758331299,4.341024875640869,3.944431781768799,4.616365909576416,2.119213342666626,-244.11822509765625,64.484619140625,20.9119815826416,12.271524429321289,8.146673202514648,1.7980347871780396,5.354583740234375,9.87478256225586,0.9379558563232422,1.3211631774902344,55.91346740722656,22.68592071533203,7.6103034019470215,5.773838520050049,10.036808013916016,10.318887710571289,3.9705631732940674,5.114531517028809,5.425699234008789,3.9248533248901367,0.38465461134910583,0.17012463510036469,0.20291273295879364,0.4530222713947296,0.48245272040367126,0.39138051867485046,0.2837950885295868,0.17998455464839935,0.12151358276605606,0.14403578639030457,0.26389074325561523,0.5626268982887268,0.267273485660553,0.15031205117702484,0.1962517350912094,0.2388322502374649,0.44883477687835693,0.38302895426750183,0.19487881660461426,0.18043887615203857,0.14115604758262634,0.11038805544376373,0.16319216787815094,0.4305441677570343,1574.2145938094116,3924.7135454430104,2415.2903661297587,0.03941143416473318,0.023549111559987068,790.0,800.0,795.0,846.0,856.0,851.0,1,chanting
P8,-13.961009979248047,-15.152098655700684,-23.177541732788086,-31.830562591552734,-32.9663200378418,-34.07673645019531,-36.412437438964844,-41.86345672607422,-43.57135772705078,-41.64761734008789,-42.44272232055664,-44.93340301513672,-47.23065185546875,-50.686302185058594,-52.45695495605469,-51.07954025268555,-49.975364685058594,-50.675872802734375,-53.730716705322266,-53.45319747924805,-53.92180633544922,-54.658592224121094,-56.594520568847656,-56.93134689331055,-59.18552017211914,-58.94684982299805,-55.3809700012207,-55.95888137817383,-57.03105163574219,-57.403804779052734,-55.864959716796875,-57.58189392089844,9.649312973022461,10.53052043914795,15.884315490722656,12.068807601928711,17.784982681274414,16.074146270751953,14.850956916809082,13.3930025100708,11.751365661621094,15.250470161437988,14.261197090148926,12.108137130737305,10.440068244934082,7.676790237426758,6.008317947387695,7.63740873336792,9.752366065979004,9.647265434265137,7.1304850578308105,8.556607246398926,7.689441204071045,6.729378700256348,5.511884689331055,5.191707134246826,3.5578773021698,3.354694366455078,6.5278849601745605,5.367396831512451,4.013216018676758,2.752380132675171,3.731660842895508,3.2498974800109863,-263.5358581542969,60.320247650146484,25.237167358398438,13.179243087768555,11.273399353027344,5.597568511962891,6.736098289489746,7.070734024047852,1.0977776050567627,1.428338646888733,47.149410247802734,22.98569679260254,5.242501258850098,4.530076503753662,7.111217021942139,8.573931694030762,4.475309371948242,3.636397361755371,5.539646625518799,4.456784725189209,0.323357492685318,0.17845363914966583,0.22616301476955414,0.49971649050712585,0.5363104939460754,0.3187645673751831,0.18153102695941925,0.14556153118610382,0.12004260718822479,0.12162382155656815,0.21529914438724518,0.4994172751903534,0.24785953760147095,0.18641462922096252,0.20554450154304504,0.37251535058021545,0.4646344780921936,0.2985197603702545,0.20055049657821655,0.1791342943906784,0.14791527390480042,0.11668127030134201,0.13380351662635803,0.41958391666412354,1658.4096505400569,4171.4960439022625,2547.512215376907,0.03886650775812065,0.024420546367764473,800.0,810.0,805.0,856.0,866.0,861.0,1,chanting
P8,-6.8329033851623535,-7.803442001342773,-12.21825122833252,-21.720916748046875,-18.638160705566406,-19.966955184936523,-23.105133056640625,-28.48025894165039,-29.7730655670166,-28.656036376953125,-32.28187942504883,-35.86326217651367,-39.203453063964844,-46.136051177978516,-49.84930419921875,-46.59264373779297,-41.25603485107422,-40.21787643432617,-44.98862075805664,-43.474334716796875,-44.677703857421875,-51.38216781616211,-54.07273864746094,-54.02915573120117,-59.912498474121094,-56.3274040222168,-48.96148681640625,-51.58132553100586,-55.150970458984375,-55.7633171081543,-54.052799224853516,-57.37607955932617,7.7798967361450195,8.327871322631836,12.350947380065918,10.129657745361328,16.591472625732422,16.040664672851562,15.069128036499023,16.198348999023438,15.331271171569824,16.238197326660156,12.27666187286377,10.883768081665039,10.203892707824707,7.233739852905273,5.6728410720825195,6.914072513580322,10.124571800231934,10.874817848205566,9.350892066955566,11.870651245117188,11.116067886352539,5.1639404296875,4.513255596160889,6.11338472366333,2.9440300464630127,3.6621971130371094,6.448241233825684,5.154608726501465,3.371192455291748,2.8867480754852295,3.3751349449157715,2.2300121784210205,-222.79983520507812,79.76850891113281,22.355392456054688,12.222213745117188,5.732335090637207,-4.001845359802246,3.766824960708618,13.808576583862305,-3.4485723972320557,-1.2090189456939697,46.59831619262695,21.252166748046875,8.270748138427734,4.3131303787231445,9.008129119873047,11.852445602416992,4.4092254638671875,5.56640100479126,5.384929180145264,3.4605276584625244,0.4859738051891327,0.11944905668497086,0.13653501868247986,0.34121498465538025,0.228513702750206,0.1575332134962082,0.14371000230312347,0.0821683257818222,0.05629737302660942,0.09501941502094269,0.25029778480529785,0.8021705150604248,0.2448347508907318,0.1241004690527916,0.1803632229566574,0.25421980023384094,0.369146466255188,0.28413504362106323,0.17382410168647766,0.13994978368282318,0.10739988088607788,0.08499032258987427,0.10074330866336823,0.3553120791912079,1200.4816181696435,2373.5235439928942,1993.9629374215451,0.03595607961136891,0.03859494626522064,810.0,820.0,815.0,866.0,876.0,871.0,1,chanting
P8,-10.447287559509277,-12.037906646728516,-17.530385971069336,-24.51280403137207,-21.422115325927734,-22.724863052368164,-26.126070022583008,-30.25328254699707,-30.42559242248535,-32.56120300292969,-36.86223220825195,-40.600372314453125,-44.02333450317383,-49.490108489990234,-52.30787658691406,-50.483863830566406,-44.37777328491211,-44.30646514892578,-47.66157913208008,-46.568077087402344,-48.479248046875,-55.298370361328125,-59.09263610839844,-60.0236930847168,-62.96546173095703,-58.91592788696289,-52.06269454956055,-54.341548919677734,-58.36989212036133,-58.94060134887695,-57.433921813964844,-58.70451736450195,8.99282169342041,9.698962211608887,14.229910850524902,12.740650177001953,19.25193977355957,17.64289093017578,16.44170570373535,16.15470314025879,16.607763290405273,17.04339599609375,13.881059646606445,11.986648559570312,10.649921417236328,7.813094139099121,6.551437854766846,8.027138710021973,11.585531234741211,11.928666114807129,10.323261260986328,11.861666679382324,10.61335563659668,6.062833309173584,4.775014400482178,3.4845657348632812,1.7556103467941284,3.5774435997009277,7.780463695526123,6.135894775390625,3.606696605682373,2.856271982192993,3.4091758728027344,2.9014737606048584,-242.0694580078125,79.52912139892578,23.510618209838867,10.35976791381836,5.67664909362793,-6.469654560089111,1.7187237739562988,14.8237886428833,-2.3743648529052734,-0.541746199131012,51.601253509521484,24.7489070892334,8.2276611328125,5.938009262084961,6.589132785797119,11.037280082702637,4.76861047744751,6.344633102416992,5.8550705909729,3.6332693099975586,0.5542716979980469,0.15767976641654968,0.1638445258140564,0.3968997299671173,0.33352452516555786,0.25103047490119934,0.19430726766586304,0.13170386850833893,0.096343494951725,0.1312103420495987,0.22975334525108337,0.6865173578262329,0.31818249821662903,0.13176286220550537,0.1960175633430481,0.25712475180625916,0.4095667898654938,0.34986966848373413,0.21780137717723846,0.1857985407114029,0.14315715432167053,0.10802119225263596,0.1544986367225647,0.3802774250507355,1284.476882524992,2798.342166201421,2077.8064133980665,0.03833970780162413,0.03681226819753647,820.0,830.0,825.0,876.0,886.0,881.0,1,chanting
P8,-13.52372932434082,-14.91318130493164,-22.897308349609375,-30.785377502441406,-32.43753433227539,-32.75617218017578,-34.3714599609375,-38.4615592956543,-39.942447662353516,-38.81906509399414,-40.45924377441406,-43.758514404296875,-46.94237518310547,-50.2358512878418,-51.97444152832031,-51.3705940246582,-48.9431266784668,-47.969764709472656,-50.365047454833984,-50.20838165283203,-49.21498489379883,-52.03176498413086,-55.790897369384766,-55.72380447387695,-59.3680534362793,-59.17395782470703,-55.294708251953125,-54.9880485534668,-55.18668746948242,-55.76688003540039,-55.70746612548828,-58.334259033203125,10.113497734069824,10.812921524047852,16.202350616455078,13.03130054473877,18.694791793823242,17.988256454467773,17.9373722076416,18.70320701599121,17.670732498168945,20.89633560180664,18.1705265045166,14.738089561462402,12.462474822998047,10.15115737915039,9.008190155029297,9.116252899169922,12.362523078918457,13.687463760375977,12.583475112915039,15.231032371520996,16.723289489746094,12.377683639526367,7.533567428588867,7.499732971191406,4.122794151306152,4.2106122970581055,7.747483730316162,8.375617980957031,7.102332592010498,5.990964889526367,4.813906192779541,3.4181458950042725,-255.9225616455078,61.12847900390625,22.519227981567383,13.83492374420166,8.92959213256836,1.2830536365509033,8.301800727844238,10.458269119262695,-0.3916148841381073,3.007995128631592,64.7811508178711,21.09002685546875,9.75110912322998,4.743888854980469,9.886807441711426,12.65277099609375,2.2787985801696777,6.205233097076416,7.544333457946777,4.398468494415283,0.5299168825149536,0.28607234358787537,0.17568059265613556,0.25557753443717957,0.5364964008331299,0.5037465691566467,0.26680904626846313,0.2304798811674118,0.1571996957063675,0.13315095007419586,0.14594486355781555,0.24811618030071259,0.42221489548683167,0.19500978291034698,0.16905851662158966,0.22422365844249725,0.36846649646759033,0.4504319429397583,0.24551361799240112,0.19250835478305817,0.17600177228450775,0.1517173945903778,0.11663048714399338,0.16922830045223236,1623.8221286428895,4301.86934681337,2492.886355380698,0.041633057207076565,0.027734311297535896,830.0,840.0,835.0,886.0,896.0,891.0,1,chanting
P8,-15.160469055175781,-15.1657133102417,-22.385276794433594,-30.62811279296875,-32.979248046875,-34.63091278076172,-37.49065399169922,-42.01889419555664,-42.00299835205078,-43.95347213745117,-44.9632682800293,-47.37345886230469,-51.14105987548828,-53.25571060180664,-55.397621154785156,-55.502010345458984,-53.19379806518555,-52.38658142089844,-55.03842544555664,-54.8399658203125,-56.049434661865234,-56.23445510864258,-58.3079948425293,-59.54937744140625,-61.65644073486328,-61.853736877441406,-58.2830810546875,-58.364830017089844,-58.03632354736328,-57.92025375366211,-59.19391632080078,-60.075321197509766,8.8507080078125,10.859333038330078,17.489038467407227,14.399882316589355,20.29289436340332,17.619186401367188,15.468939781188965,15.724449157714844,15.783378601074219,16.07862091064453,14.76455307006836,12.035235404968262,9.463332176208496,8.586647033691406,6.731109142303467,5.944252967834473,9.069808959960938,10.359489440917969,8.610617637634277,10.239930152893066,9.273703575134277,8.345291137695312,5.370904445648193,5.113232135772705,3.6273088455200195,2.198857069015503,5.668625354766846,5.265729904174805,5.1863017082214355,4.977006435394287,2.2610292434692383,2.370026111602783,-273.12579345703125,64.25140380859375,28.89005470275879,14.931442260742188,10.038756370544434,2.819380044937134,6.8172197341918945,8.178335189819336,-0.040874578058719635,1.8064525127410889,51.533836364746094,24.716854095458984,5.208823204040527,4.699552059173584,9.040907859802246,10.571083068847656,3.1077256202697754,3.474641799926758,7.311398029327393,4.542204856872559,0.5055519938468933,0.33509206771850586,0.17920364439487457,0.2708578109741211,0.5055857300758362,0.4614699184894562,0.20469193160533905,0.1707543134689331,0.1258300244808197,0.10277623683214188,0.10191024839878082,0.16813676059246063,0.42586103081703186,0.262326180934906,0.1816057711839676,0.2646249830722809,0.43863341212272644,0.4300021529197693,0.22629329562187195,0.18165798485279083,0.13467751443386078,0.12332697212696075,0.09966155141592026,0.09834790974855423,1460.5904313756155,3704.8350606329755,2401.8910889851018,0.034601127465197216,0.028804387897253036,840.0,850.0,845.0,896.0,906.0,901.0,1,chanting
P8,-9.86444091796875,-9.340182304382324,-13.13475227355957,-23.60542869567871,-22.093212127685547,-24.463104248046875,-27.03415298461914,-32.258636474609375,-32.7636604309082,-32.098201751708984,-33.49909210205078,-38.47957992553711,-43.938602447509766,-46.93729019165039,-50.00596237182617,-50.735267639160156,-46.98769760131836,-43.87078094482422,-45.8950309753418,-46.583717346191406,-47.47317123413086,-49.61610794067383,-55.282005310058594,-55.363059997558594,-59.675193786621094,-59.11433410644531,-52.674713134765625,-54.350990295410156,-56.13418960571289,-57.172725677490234,-57.205345153808594,-59.30983352661133,7.786318778991699,9.208868026733398,15.01686954498291,12.132025718688965,19.05492401123047,18.036813735961914,17.153522491455078,18.217405319213867,18.222213745117188,18.426870346069336,15.724552154541016,12.335009574890137,10.471927642822266,9.213872909545898,8.112014770507812,6.386501789093018,10.961280822753906,13.769511222839355,13.197031021118164,14.927404403686523,14.623167037963867,10.848039627075195,5.509259223937988,7.70127010345459,5.503816604614258,3.861354112625122,7.646472930908203,6.31419563293457,4.379231929779053,3.7591259479522705,3.083995819091797,2.3293700218200684,-236.34344482421875,77.54764556884766,22.9000244140625,14.41226577758789,5.16744327545166,-2.205261707305908,6.900411128997803,11.876230239868164,-4.312718391418457,-0.4401988685131073,56.8201904296875,22.59830665588379,11.304792404174805,3.7320005893707275,11.37609577178955,14.724857330322266,4.097586631774902,7.064602851867676,6.823624610900879,3.8788888454437256,0.7481274604797363,0.3970370590686798,0.12791667878627777,0.17978355288505554,0.3351834714412689,0.22226624190807343,0.10724647343158722,0.13413989543914795,0.07158956676721573,0.061290811747312546,0.08108571916818619,0.22081738710403442,0.3821936845779419,0.26599887013435364,0.1550939828157425,0.22593818604946136,0.36072230339050293,0.3620641827583313,0.1721203327178955,0.14762471616268158,0.11520284414291382,0.09338211268186569,0.07945535331964493,0.14267918467521667,1212.7392173298158,2619.406743945766,1994.9297050148364,0.03673211825696056,0.04337908327579498,850.0,860.0,855.0,906.0,916.0,911.0,1,chanting
P8,-9.476476669311523,-10.59750747680664,-15.20050048828125,-24.595420837402344,-22.092952728271484,-23.295732498168945,-25.814897537231445,-29.637651443481445,-30.430177688598633,-30.16689109802246,-33.72709274291992,-37.993896484375,-42.611053466796875,-46.96262741088867,-50.79386901855469,-50.21395492553711,-45.09813690185547,-41.38472366333008,-42.41127014160156,-44.51618194580078,-46.716827392578125,-50.6434440612793,-54.80775451660156,-53.51332473754883,-58.6102180480957,-57.25598907470703,-49.868900299072266,-51.78043746948242,-54.527244567871094,-55.951988220214844,-56.85285949707031,-57.11357116699219,8.500992774963379,9.687090873718262,14.599231719970703,12.041306495666504,18.75021743774414,17.991113662719727,17.289186477661133,17.523160934448242,16.81191062927246,18.53223991394043,15.666595458984375,13.085365295410156,11.075050354003906,8.716208457946777,7.298301696777344,7.50499963760376,10.950423240661621,14.302032470703125,14.247536659240723,13.194192886352539,12.006747245788574,9.101350784301758,8.139585494995117,8.778115272521973,5.480077266693115,4.846131801605225,8.87993049621582,7.31727933883667,5.330770969390869,3.8131167888641357,3.2561559677124023,3.374987840652466,-230.63412475585938,74.4770736694336,21.698230743408203,12.918671607971191,3.4830758571624756,-4.235257625579834,5.063406467437744,15.41556453704834,-3.0583431720733643,-1.156104326248169,57.627140045166016,21.39813804626465,10.630952835083008,4.120634078979492,11.755196571350098,12.32938289642334,4.139389514923096,6.456504821777344,6.666180610656738,4.455526351928711,0.5266740322113037,0.17589081823825836,0.18623340129852295,0.40864068269729614,0.2955934405326843,0.17560037970542908,0.19939321279525757,0.12394233793020248,0.09205294400453568,0.11852617561817169,0.20817935466766357,0.6992496848106384,0.32057639956474304,0.1493360996246338,0.21341001987457275,0.34234002232551575,0.39626163244247437,0.25339198112487793,0.19574978947639465,0.1708260029554367,0.14731329679489136,0.11091520637273788,0.14142169058322906,0.35485321283340454,1344.4856899090125,2998.0114151319603,2136.090849776679,0.041552621084686776,0.03952021151781082,860.0,870.0,865.0,916.0,926.0,921.0,1,chanting
P8,-12.448851585388184,-13.430499076843262,-20.8321533203125,-30.176410675048828,-32.06890869140625,-32.66472244262695,-33.97761535644531,-38.044002532958984,-39.083316802978516,-38.271339416503906,-39.275760650634766,-42.108848571777344,-46.490901947021484,-49.705116271972656,-51.46284866333008,-51.058555603027344,-49.30002975463867,-47.046207427978516,-47.41366195678711,-49.22909164428711,-49.3142204284668,-52.736549377441406,-55.39103698730469,-54.20496368408203,-57.78001022338867,-57.571441650390625,-52.28666687011719,-53.67362594604492,-54.894065856933594,-55.716251373291016,-55.72331619262695,-58.01580810546875,9.351700782775879,10.582019805908203,16.12671661376953,11.975835800170898,18.50995445251465,17.91810417175293,17.961708068847656,19.34870719909668,18.279870986938477,20.208343505859375,17.920106887817383,15.012211799621582,12.439567565917969,10.300786018371582,8.729249954223633,8.582541465759277,11.836575508117676,14.440948486328125,14.468271255493164,15.058624267578125,15.882121086120605,10.58694076538086,7.429537296295166,9.237589836120605,5.193731784820557,5.240733623504639,9.698116302490234,8.02446174621582,5.754637241363525,4.313565731048584,3.200024366378784,2.165975570678711,-251.26983642578125,61.0947380065918,22.87799072265625,14.770030975341797,8.413249015808105,3.162079334259033,7.822834491729736,12.33230209350586,-0.6718270182609558,1.0216474533081055,63.83734893798828,20.791763305664062,11.703583717346191,3.989368200302124,12.545489311218262,11.740837097167969,2.8779988288879395,6.981184959411621,7.090276718139648,4.470155239105225,0.5427363514900208,0.2867915630340576,0.18983876705169678,0.3109833300113678,0.546583890914917,0.4467194974422455,0.21598680317401886,0.21446608006954193,0.13793419301509857,0.13410985469818115,0.14548826217651367,0.2628137171268463,0.42394453287124634,0.20895463228225708,0.18930967152118683,0.23741644620895386,0.40352025628089905,0.42623236775398254,0.1919439733028412,0.18311260640621185,0.16718608140945435,0.150761216878891,0.12170298397541046,0.1930629312992096,1580.0086174030826,4121.5849767981435,2455.246030252057,0.03972638123549884,0.02816944383084774,870.0,880.0,875.0,926.0,936.0,931.0,1,chanting
P8,-10.81435489654541,-11.701539993286133,-17.746192932128906,-26.87359046936035,-26.68584442138672,-29.634275436401367,-33.473899841308594,-39.49030303955078,-38.727725982666016,-36.767642974853516,-38.20664978027344,-40.84238052368164,-44.9417724609375,-49.44202423095703,-51.89345169067383,-50.36408615112305,-46.90998458862305,-44.990638732910156,-48.33815002441406,-48.828006744384766,-48.984493255615234,-50.38534927368164,-55.37663269042969,-57.28741455078125,-61.61362838745117,-59.03750228881836,-52.06801223754883,-53.864479064941406,-55.04195785522461,-56.11928176879883,-56.72335433959961,-58.06394577026367,9.298495292663574,10.2894287109375,15.523701667785645,12.881163597106934,19.208723068237305,16.89150619506836,15.445995330810547,15.000510215759277,15.302660942077637,17.33992576599121,14.856611251831055,12.494420051574707,10.487719535827637,8.181575775146484,6.4653425216674805,7.516533851623535,10.527875900268555,12.536023139953613,10.817427635192871,13.026383399963379,13.334080696105957,10.25606918334961,6.162203788757324,5.239980220794678,2.217339515686035,3.091440439224243,7.541197776794434,5.888295650482178,4.867799282073975,3.561199903488159,2.7100157737731934,2.5325405597686768,-247.70631408691406,67.33968353271484,23.568632125854492,15.609773635864258,11.167881965637207,1.407551646232605,7.176665306091309,11.616259574890137,-4.7424726486206055,0.048198018223047256,53.15492248535156,22.20414161682129,7.286215305328369,2.554542064666748,9.769777297973633,12.900711059570312,2.870718240737915,5.466404914855957,8.451218605041504,4.346441745758057,0.6243530511856079,0.1981397420167923,0.11834894120693207,0.21206825971603394,0.37131619453430176,0.3240981996059418,0.16451093554496765,0.1377992331981659,0.0994245857000351,0.09825417399406433,0.18316611647605896,0.5334630012512207,0.38236203789711,0.12848103046417236,0.14847275614738464,0.22431565821170807,0.4153507351875305,0.4214168190956116,0.20091040432453156,0.19187623262405396,0.15972304344177246,0.12520746886730194,0.1263071894645691,0.3660937547683716,1418.713690676694,3476.3382984701275,2292.9441967450143,0.034563741661832945,0.03237864375114441,880.0,890.0,885.0,936.0,946.0,941.0,4,viparita_swasa
P8,-5.926127910614014,-8.175268173217773,-13.044041633605957,-17.88191795349121,-17.217445373535156,-18.330501556396484,-22.648658752441406,-26.336204528808594,-26.654382705688477,-25.47908592224121,-29.622180938720703,-32.56953811645508,-37.15317916870117,-42.231292724609375,-45.308982849121094,-43.26047897338867,-39.03260040283203,-37.89572525024414,-39.591705322265625,-39.32598114013672,-40.71500778198242,-47.5247802734375,-53.53407287597656,-52.68125534057617,-57.97065353393555,-54.97985076904297,-46.248836517333984,-48.475746154785156,-53.303653717041016,-54.28269958496094,-52.200687408447266,-56.525428771972656,7.244912624359131,7.084100723266602,10.403656005859375,10.698775291442871,14.966229438781738,15.379034042358398,14.962793350219727,15.342551231384277,14.142742156982422,14.914274215698242,11.958904266357422,11.09472942352295,10.008833885192871,8.088077545166016,6.944746494293213,7.816390514373779,10.659552574157715,10.883848190307617,10.437233924865723,13.668156623840332,12.928706169128418,8.025396347045898,5.6726789474487305,6.034695625305176,3.183966636657715,5.019001007080078,7.965733051300049,6.641015529632568,3.921821117401123,3.1525115966796875,3.9874582290649414,2.2228660583496094,-209.67977905273438,78.68141174316406,17.280803680419922,11.425375938415527,5.893895149230957,-4.946845531463623,3.391423225402832,14.986236572265625,-5.916528701782227,-0.8241314888000488,48.22541427612305,17.22406005859375,8.975096702575684,3.8377511501312256,9.563618659973145,12.28333568572998,4.500251770019531,5.221187591552734,5.923425197601318,4.30352783203125,0.4221055209636688,0.13352157175540924,0.15840110182762146,0.3911702334880829,0.20198984444141388,0.19335630536079407,0.24829062819480896,0.10374154895544052,0.07804649323225021,0.12970301508903503,0.3994234502315521,0.8407769203186035,0.19502750039100647,0.14368827641010284,0.13726681470870972,0.2739047706127167,0.3386829197406769,0.3050217032432556,0.15852218866348267,0.13731630146503448,0.11381720006465912,0.08068293333053589,0.16790664196014404,0.32453855872154236,1267.903675592893,2718.8291899289443,2008.982144637399,0.03990651283352668,0.03594694659113884,890.0,900.0,895.0,946.0,956.0,951.0,4,viparita_swasa
P8,-13.078672409057617,-16.277957916259766,-25.333602905273438,-28.190763473510742,-31.57196807861328,-30.620481491088867,-32.666160583496094,-35.862648010253906,-35.81655502319336,-37.10694122314453,-40.616600036621094,-42.93171310424805,-46.13406753540039,-48.005348205566406,-50.10360336303711,-50.28474044799805,-46.57286071777344,-46.638450622558594,-48.66820526123047,-46.74932098388672,-47.51654052734375,-55.28852844238281,-57.05727005004883,-55.86767578125,-58.769195556640625,-57.44580078125,-53.033790588378906,-54.115360260009766,-56.44807815551758,-55.95705032348633,-54.951316833496094,-57.55883026123047,9.250252723693848,8.54833698272705,12.878450393676758,15.631235122680664,19.60483169555664,19.88180160522461,18.669618606567383,18.6855525970459,19.380096435546875,20.970129013061523,17.209884643554688,15.305776596069336,12.640708923339844,11.784964561462402,9.704855918884277,9.372614860534668,14.51961612701416,14.698166847229004,13.131278038024902,16.16092872619629,15.523451805114746,6.564516067504883,4.794384002685547,6.082263469696045,2.7555413246154785,4.014657020568848,9.013772964477539,7.553341388702393,3.973565101623535,3.7228450775146484,3.8269078731536865,2.067260980606079,-250.53501892089844,62.500675201416016,20.0325927734375,11.40584659576416,8.158008575439453,-0.8607588410377502,5.05753231048584,12.183210372924805,0.46934816241264343,2.078632354736328,63.71133804321289,24.785633087158203,10.946332931518555,5.529469966888428,7.8091044425964355,12.029075622558594,4.739123821258545,7.08832311630249,7.137752532958984,3.5252420902252197,0.2710604667663574,0.1881542056798935,0.23710113763809204,0.4670068025588989,0.5594351291656494,0.5701342225074768,0.4236913025379181,0.24489398300647736,0.19587726891040802,0.1909065842628479,0.26037174463272095,0.4832093119621277,0.1816520243883133,0.16342918574810028,0.1699935644865036,0.1608470380306244,0.4112842381000519,0.39746716618537903,0.19719737768173218,0.20837441086769104,0.1735999882221222,0.1337118297815323,0.1537369191646576,0.4140249788761139,1669.5606338379296,4581.101533044519,2515.299144568505,0.0392573593387471,0.0209384523332119,900.0,910.0,905.0,956.0,966.0,961.0,4,viparita_swasa
P8,-10.568041801452637,-13.146651268005371,-20.898788452148438,-24.48992919921875,-27.54499626159668,-30.119529724121094,-33.45668411254883,-36.43962478637695,-36.392208099365234,-37.90019989013672,-40.98786163330078,-43.07402801513672,-47.58197784423828,-49.406131744384766,-52.36227035522461,-51.72508239746094,-47.34114074707031,-46.639766693115234,-48.74879837036133,-49.69998550415039,-50.97193908691406,-53.11674499511719,-56.847625732421875,-57.10988998413086,-58.81352233886719,-57.4516716003418,-51.761714935302734,-53.11187744140625,-55.464778900146484,-55.8719367980957,-55.371253967285156,-56.62635040283203,9.171630859375,8.831721305847168,13.636685371398926,15.6733980178833,19.383485794067383,17.218318939208984,15.725709915161133,15.771126747131348,15.429484367370605,16.33308982849121,12.735644340515137,11.25749397277832,8.026535034179688,7.385132312774658,5.3150553703308105,5.482161521911621,9.549837112426758,9.743351936340332,9.26152229309082,10.497870445251465,9.402325630187988,6.137486934661865,3.5602023601531982,3.0224061012268066,1.3881980180740356,2.578305959701538,7.663290023803711,6.111288547515869,3.575950860977173,2.804138660430908,2.2405269145965576,1.7816505432128906,-249.4395294189453,65.67433166503906,27.085525512695312,14.191332817077637,9.309202194213867,0.44172176718711853,4.333528518676758,11.841660499572754,-0.9271990656852722,-0.17057570815086365,47.329776763916016,24.875263214111328,5.020178318023682,4.837285995483398,8.422064781188965,11.754293441772461,5.11614990234375,5.690221309661865,7.317201614379883,4.918546199798584,0.3044053316116333,0.15164411067962646,0.1655045449733734,0.31498637795448303,0.46104562282562256,0.45257386565208435,0.31780144572257996,0.1865416020154953,0.14057223498821259,0.14437036216259003,0.29271355271339417,0.5691426992416382,0.1966291069984436,0.13038283586502075,0.1639252007007599,0.21839982271194458,0.45152154564857483,0.4079980254173279,0.17858365178108215,0.19937312602996826,0.16158904135227203,0.12125713378190994,0.16650736331939697,0.4274684488773346,1475.211730023975,3605.087867966937,2380.050731464797,0.034769930031902554,0.02294779382646084,910.0,920.0,915.0,966.0,976.0,971.0,4,viparita_swasa
P8,-4.7952961921691895,-8.433005332946777,-12.632497787475586,-13.691696166992188,-14.818649291992188,-16.534910202026367,-21.020048141479492,-23.540307998657227,-21.871000289916992,-21.942319869995117,-30.58286476135254,-32.35665512084961,-38.775177001953125,-40.90755081176758,-45.0155029296875,-45.40837097167969,-37.367469787597656,-37.249908447265625,-41.18541717529297,-39.91556167602539,-41.68327713012695,-48.78192901611328,-53.138702392578125,-54.91804122924805,-58.889034271240234,-54.84027099609375,-47.25114059448242,-49.903804779052734,-54.18063735961914,-55.86920928955078,-54.85939407348633,-57.721805572509766,6.103572368621826,5.450984001159668,8.521316528320312,10.868339538574219,13.778960227966309,14.260727882385254,14.007903099060059,13.975918769836426,14.362784385681152,14.744611740112305,10.220010757446289,9.808528900146484,8.509082794189453,8.393533706665039,7.435300827026367,6.697926044464111,10.190950393676758,9.741578102111816,9.167929649353027,12.229979515075684,10.89345645904541,5.9639458656311035,5.299832344055176,4.603015422821045,2.1621508598327637,4.135436534881592,6.468313217163086,5.358694076538086,3.2415060997009277,2.0892646312713623,2.730501174926758,1.3888678550720215,-208.61090087890625,85.82676696777344,17.78550910949707,10.483989715576172,3.1191763877868652,-6.857123851776123,1.5434644222259521,15.846434593200684,-4.694800853729248,-1.0858991146087646,42.457279205322266,17.95013427734375,9.899361610412598,4.631596088409424,8.042764663696289,10.542448997497559,5.0569257736206055,5.368497371673584,4.489205360412598,2.8672590255737305,0.38806772232055664,0.13997983932495117,0.135104238986969,0.3101772367954254,0.1565539389848709,0.19484949111938477,0.3701602518558502,0.12209685891866684,0.0721120834350586,0.1195896789431572,0.36133861541748047,0.8593123555183411,0.18853645026683807,0.1419074386358261,0.1430267095565796,0.2188001424074173,0.28429365158081055,0.27738332748413086,0.17180748283863068,0.12283463776111603,0.08759293705224991,0.06529577821493149,0.1285071074962616,0.3142840564250946,1117.7691014011787,2096.6395260839618,1816.3327188572332,0.03558901899651972,0.036419615149497986,920.0,930.0,925.0,976.0,986.0,981.0,4,viparita_swasa
P8,-6.681978702545166,-8.758453369140625,-21.53242301940918,-26.300161361694336,-32.341957092285156,-31.86878776550293,-33.12390899658203,-35.91468048095703,-36.42072677612305,-38.89515686035156,-38.97152328491211,-39.421905517578125,-40.41592025756836,-41.74247360229492,-42.29081344604492,-41.837005615234375,-41.825958251953125,-42.242523193359375,-43.370521545410156,-44.11292266845703,-44.09360122680664,-43.912052154541016,-44.37454605102539,-44.675350189208984,-44.41769790649414,-44.849884033203125,-44.53057861328125,-44.21971130371094,-43.90045928955078,-43.316741943359375,-42.56676483154297,-43.376441955566406,2.220292568206787,2.7030670642852783,2.36453914642334,2.687371015548706,2.408926010131836,2.210510730743408,2.477846622467041,2.569446086883545,2.522886037826538,2.499030113220215,2.9158337116241455,2.974975347518921,2.695269823074341,2.8432719707489014,2.726757049560547,2.8022313117980957,2.753506660461426,2.793031692504883,2.398777723312378,2.2556793689727783,2.2790048122406006,2.4888527393341064,2.247931480407715,2.05611252784729,2.3533856868743896,2.0908102989196777,2.082838773727417,2.0830891132354736,1.9544283151626587,1.9288904666900635,1.8365000486373901,1.9659847021102905,-215.01414489746094,40.022586822509766,25.812042236328125,14.950170516967773,13.625783920288086,8.595379829406738,7.88881778717041,6.472229480743408,5.70186185836792,3.9569921493530273,8.208512306213379,3.9165239334106445,3.7814643383026123,2.444108247756958,2.371502637863159,2.2627029418945312,2.1371138095855713,2.093073606491089,2.1192739009857178,2.3442866802215576,0.15306620299816132,0.1700732260942459,0.2300531566143036,0.4400206506252289,0.9248542785644531,0.8601987361907959,0.3680881857872009,0.2786247134208679,0.22499532997608185,0.18824277818202972,0.16890738904476166,0.15095245838165283,0.11700396984815598,0.1271112710237503,0.15260474383831024,0.15446436405181885,0.1226637065410614,0.15741100907325745,0.16115768253803253,0.1956639140844345,0.14443960785865784,0.1247197836637497,0.1152321994304657,0.10997960716485977,2244.750157378177,6664.776172328161,3168.8958198403207,0.045908633628190254,0.004475999623537064,930.0,940.0,935.0,986.0,996.0,991.0,4,viparita_swasa
P8,-5.873149871826172,-8.501808166503906,-21.269433975219727,-26.089204788208008,-32.45280456542969,-31.6328125,-32.57028579711914,-35.675533294677734,-36.205963134765625,-39.35866928100586,-39.99814224243164,-40.6349983215332,-41.62438201904297,-42.81806945800781,-43.211631774902344,-43.2242431640625,-43.571102142333984,-43.8265495300293,-44.676971435546875,-45.12287139892578,-45.18282699584961,-45.022457122802734,-45.41049575805664,-45.685733795166016,-45.54298782348633,-45.78816604614258,-45.4872932434082,-45.17229080200195,-44.73077392578125,-44.04049301147461,-43.066986083984375,-43.86344528198242,2.5015616416931152,3.096137285232544,2.2121481895446777,2.476931571960449,2.305931568145752,2.088379144668579,2.292579174041748,2.5899524688720703,2.51517915725708,2.11167049407959,2.292424201965332,2.3495376110076904,2.046637773513794,1.8346201181411743,1.776062250137329,1.9395127296447754,1.736958384513855,1.7003337144851685,1.499723196029663,1.34605073928833,1.3159619569778442,1.4075894355773926,1.3894777297973633,1.2713735103607178,1.2877652645111084,1.1321715116500854,1.0223896503448486,0.9902932047843933,1.096028447151184,1.0747615098953247,1.00725257396698,1.1773910522460938,-218.73158264160156,42.330509185791016,28.387113571166992,15.01408863067627,13.197173118591309,7.992671966552734,8.098062515258789,6.48457145690918,6.199278354644775,4.707228183746338,3.499387502670288,2.554593563079834,2.308183193206787,2.44101881980896,2.3067679405212402,2.136009454727173,2.0692384243011475,2.0557475090026855,2.094465732574463,2.039581298828125,0.169220969080925,0.19542564451694489,0.2794788181781769,0.5301142930984497,0.9361070990562439,0.828617513179779,0.3889451026916504,0.34279966354370117,0.27409735321998596,0.22839871048927307,0.1889803111553192,0.16150516271591187,0.12785117328166962,0.1430869698524475,0.17123208940029144,0.15765276551246643,0.11611653864383698,0.1734689474105835,0.18979200720787048,0.22656255960464478,0.1802857369184494,0.15979430079460144,0.1370680183172226,0.12197095155715942,2042.4997579358512,6302.208991172419,3099.860819784008,0.0392686883700696,0.00438494049012661,940.0,950.0,945.0,996.0,1006.0,1001.0,4,viparita_swasa
P8,-6.227455139160156,-8.476811408996582,-21.586755752563477,-26.353683471679688,-32.94188690185547,-32.51036071777344,-33.26295471191406,-36.23215103149414,-36.90507888793945,-39.94394302368164,-40.672889709472656,-41.056488037109375,-41.98866271972656,-43.27959442138672,-43.801429748535156,-43.54127502441406,-43.914852142333984,-44.22142028808594,-44.906288146972656,-45.61591339111328,-45.69041061401367,-45.5883674621582,-45.84864807128906,-46.119361877441406,-45.95428466796875,-46.2907600402832,-46.07406997680664,-45.64455795288086,-45.1945686340332,-44.47953414916992,-43.57096862792969,-44.30977249145508,2.3183915615081787,2.797079563140869,2.5182108879089355,2.8411636352539062,2.5440492630004883,2.8157362937927246,2.770322322845459,2.940548896789551,3.0068929195404053,2.5991592407226562,2.641479730606079,2.7460429668426514,2.778045177459717,2.4946675300598145,2.3047573566436768,2.2763004302978516,2.269731044769287,2.2983102798461914,2.288917303085327,1.9009718894958496,1.6557437181472778,1.6342731714248657,1.5516202449798584,1.4168082475662231,1.582975149154663,1.2428146600723267,1.3002897500991821,1.3100848197937012,1.220221996307373,1.125401496887207,1.0922856330871582,1.3069483041763306,-221.36068725585938,42.34814453125,28.443876266479492,15.370224952697754,13.700424194335938,8.250411987304688,8.212003707885742,6.55384635925293,6.224356174468994,4.527500152587891,6.230047702789307,3.5144078731536865,3.140489101409912,2.7620198726654053,2.3048901557922363,2.327496290206909,2.145461082458496,2.1854846477508545,2.240237236022949,2.2505435943603516,0.15617160499095917,0.1803005039691925,0.261836975812912,0.5239038467407227,0.9446148872375488,0.8188495635986328,0.3585858643054962,0.30508193373680115,0.2481466829776764,0.213641956448555,0.17783576250076294,0.15048415958881378,0.12434761226177216,0.13757383823394775,0.1594705581665039,0.1497626006603241,0.11202675849199295,0.17043861746788025,0.17771705985069275,0.2165708839893341,0.17470534145832062,0.1604146659374237,0.13495755195617676,0.11731228977441788,2026.924952025867,6249.649989577291,3090.6134127343403,0.03883478647041763,0.00454456452280283,950.0,960.0,955.0,1006.0,1016.0,1011.0,4,viparita_swasa
P8,-5.7604899406433105,-8.015424728393555,-20.78650665283203,-25.62718963623047,-32.57105255126953,-32.13515853881836,-33.20445251464844,-36.043556213378906,-36.390071868896484,-39.548614501953125,-40.333492279052734,-40.5840950012207,-41.433555603027344,-42.41410827636719,-43.325157165527344,-43.32700729370117,-43.53850173950195,-43.76493453979492,-44.41700744628906,-45.16035079956055,-45.251399993896484,-45.03291320800781,-45.27528762817383,-45.46797180175781,-45.140296936035156,-45.67136764526367,-45.513431549072266,-45.020729064941406,-44.71575164794922,-43.95686721801758,-43.04721450805664,-43.912044525146484,2.2989602088928223,2.8203394412994385,2.361072063446045,2.665102958679199,2.347581386566162,2.249969005584717,2.212651252746582,2.4263250827789307,2.464312791824341,2.1304562091827393,2.358696699142456,2.2427570819854736,2.185514450073242,1.9523929357528687,1.8291194438934326,1.9234076738357544,2.012395143508911,2.0250136852264404,1.8879942893981934,1.4497973918914795,1.3564900159835815,1.7227803468704224,1.597726583480835,1.4974730014801025,1.9052140712738037,1.3715860843658447,1.3487714529037476,1.4096864461898804,1.2929339408874512,1.2711098194122314,1.225059151649475,1.391442894935608,-218.56422424316406,42.1065788269043,28.548107147216797,15.618247985839844,13.714588165283203,8.733658790588379,8.301692008972168,6.366778373718262,6.019082546234131,4.327247142791748,4.810632705688477,2.8789405822753906,2.4199061393737793,2.3804280757904053,2.2037878036499023,1.9133546352386475,2.0955111980438232,2.0809555053710938,2.093407392501831,2.034405469894409,0.15940214693546295,0.1785011887550354,0.24485929310321808,0.4485551118850708,0.9108241200447083,0.8502771258354187,0.3830558955669403,0.30395326018333435,0.2534467279911041,0.2165612429380417,0.18110261857509613,0.15522071719169617,0.1308075338602066,0.14340892434120178,0.16326448321342468,0.17153513431549072,0.14641277492046356,0.16913655400276184,0.16210432350635529,0.20849239826202393,0.1702478677034378,0.15578889846801758,0.12558148801326752,0.11543980240821838,2035.2945751511543,6279.376801315981,3096.3019785191386,0.03909195548143851,0.004577395506203175,960.0,970.0,965.0,1016.0,1026.0,1021.0,4,viparita_swasa
P8,-6.863345623016357,-9.08157730102539,-21.716705322265625,-26.71204376220703,-33.911563873291016,-33.29179000854492,-34.35828399658203,-37.024932861328125,-37.51957702636719,-40.65019607543945,-41.33100891113281,-41.78562927246094,-42.6253776550293,-44.019004821777344,-44.56095504760742,-44.709449768066406,-45.02474594116211,-45.13652801513672,-45.9086799621582,-46.392845153808594,-46.45915222167969,-46.31501388549805,-46.495460510253906,-46.82828903198242,-46.63978958129883,-46.89735794067383,-46.82408142089844,-46.46577835083008,-46.120113372802734,-45.355098724365234,-44.38725280761719,-45.2170295715332,2.3138186931610107,2.7897911071777344,2.2491297721862793,2.4103784561157227,2.2335798740386963,2.0445916652679443,2.193577527999878,2.2454605102539062,2.240171432495117,2.0994856357574463,2.1662378311157227,2.1042604446411133,2.0629563331604004,1.6986637115478516,1.8423720598220825,1.7625874280929565,1.7907097339630127,1.680222511291504,1.5404467582702637,1.3757940530776978,1.3693759441375732,1.2984294891357422,1.2489537000656128,1.2767635583877563,1.3709332942962646,1.093367338180542,1.0035853385925293,1.0558959245681763,0.964557945728302,0.9430976510047913,0.8759256601333618,0.9661025404930115,-225.6781768798828,42.67706298828125,28.78192901611328,15.624253273010254,13.494284629821777,8.694669723510742,8.61054801940918,6.473704814910889,6.030714511871338,4.320075035095215,2.7962958812713623,2.3151333332061768,2.2122225761413574,2.264070987701416,2.0869128704071045,2.0968923568725586,2.0862157344818115,2.020324468612671,2.0203065872192383,2.0765554904937744,0.15748941898345947,0.1865411251783371,0.2730252742767334,0.5305125117301941,0.939285397529602,0.8138601183891296,0.3572640120983124,0.3060963451862335,0.2524368464946747,0.21662355959415436,0.17435555160045624,0.1478855460882187,0.1278909146785736,0.13563396036624908,0.17055955529212952,0.15529945492744446,0.11217448860406876,0.1765032708644867,0.18498855829238892,0.22055038809776306,0.17899653315544128,0.1596599668264389,0.13126005232334137,0.12030832469463348,1986.788286444185,6135.514020809164,3070.152596870009,0.03691111695185615,0.004499981179833412,970.0,980.0,975.0,1026.0,1036.0,1031.0,4,viparita_swasa
P8,-6.357333660125732,-8.375633239746094,-21.408985137939453,-26.19439697265625,-32.44200134277344,-32.47108459472656,-33.5051155090332,-36.126075744628906,-36.789390563964844,-39.54865264892578,-39.64734649658203,-40.12053298950195,-41.047889709472656,-42.39216613769531,-43.10750198364258,-43.10795974731445,-42.84199523925781,-42.841224670410156,-44.026859283447266,-44.95298767089844,-44.966583251953125,-44.53816223144531,-44.949066162109375,-45.23094940185547,-44.64938735961914,-45.398590087890625,-45.279296875,-44.9000244140625,-44.570457458496094,-43.81528854370117,-42.9118766784668,-43.66436004638672,2.453442096710205,2.621540069580078,2.3652796745300293,2.6559908390045166,2.468766212463379,2.442850112915039,2.459468364715576,2.6209473609924316,2.444913625717163,2.504974365234375,3.190877914428711,3.6055445671081543,3.1309828758239746,2.7806849479675293,2.838834285736084,3.0664772987365723,3.535505771636963,3.8613576889038086,3.0389957427978516,2.5898563861846924,2.750546455383301,3.189502477645874,2.650444984436035,2.736288547515869,3.39642071723938,2.5632107257843018,2.4371345043182373,2.4521167278289795,2.2345597743988037,2.2272446155548096,2.2077622413635254,2.373830795288086,-217.82054138183594,40.92760467529297,27.271629333496094,15.435503005981445,13.72185230255127,8.744603157043457,8.336246490478516,6.406347274780273,5.956246376037598,3.731618642807007,10.499184608459473,4.312450885772705,4.512629508972168,2.5996029376983643,2.4356212615966797,2.3574414253234863,2.303983688354492,2.145983934402466,2.053556203842163,2.543163537979126,0.14879834651947021,0.17344357073307037,0.2499881237745285,0.5190820693969727,0.9461033344268799,0.8177961707115173,0.3479662537574768,0.28848162293434143,0.24086463451385498,0.20871706306934357,0.17346824705600739,0.14694581925868988,0.11122896522283554,0.12900133430957794,0.1546941101551056,0.14110487699508667,0.10276485979557037,0.17384442687034607,0.17357583343982697,0.19479511678218842,0.15423166751861572,0.1383964866399765,0.11829549074172974,0.11102510988712311,2137.8310373586633,6409.625201656758,3121.757562292983,0.04290530742459397,0.004560501780360937,980.0,990.0,985.0,1036.0,1046.0,1041.0,4,viparita_swasa
P8,-6.373871803283691,-8.86154556274414,-21.47794532775879,-26.253503799438477,-32.99342727661133,-33.01606750488281,-33.79627990722656,-36.94033432006836,-37.73187255859375,-40.33039855957031,-41.079627990722656,-41.564212799072266,-42.459537506103516,-43.66282272338867,-44.07094955444336,-44.316810607910156,-44.33617401123047,-44.54511642456055,-45.41961669921875,-45.9866828918457,-46.136112213134766,-45.90230178833008,-46.09088897705078,-46.36860275268555,-46.023502349853516,-46.58903884887695,-46.425437927246094,-46.02527618408203,-45.608768463134766,-44.87410354614258,-43.913516998291016,-44.73098373413086,2.3477461338043213,2.8076982498168945,2.321723461151123,2.6267616748809814,2.410789966583252,1.9710477590560913,2.218743324279785,2.257586717605591,2.3209896087646484,2.2146060466766357,2.278653383255005,2.222311496734619,2.1695396900177,1.923801302909851,1.7212095260620117,1.7154580354690552,1.7424064874649048,1.8470938205718994,1.4891105890274048,1.387872576713562,1.3449749946594238,1.31679368019104,1.2513325214385986,1.3258024454116821,1.4772557020187378,1.1758975982666016,1.062192440032959,1.1030302047729492,1.1436947584152222,0.9856743216514587,1.0102925300598145,1.0667675733566284,-223.42901611328125,42.38534164428711,28.86416244506836,15.91980266571045,13.817435264587402,8.56140422821045,8.230631828308105,6.21842622756958,5.973715305328369,4.126408100128174,2.9766530990600586,2.6504476070404053,2.2747621536254883,2.470632314682007,2.1916401386260986,2.236135244369507,2.1537983417510986,2.0792453289031982,1.9914231300354004,2.1578359603881836,0.16128316521644592,0.17861394584178925,0.24828368425369263,0.504585325717926,0.9394200444221497,0.8114050030708313,0.36625316739082336,0.3208204209804535,0.2598021924495697,0.22048865258693695,0.17935623228549957,0.15426519513130188,0.1306021809577942,0.12724922597408295,0.1388280987739563,0.13916009664535522,0.1211790218949318,0.16885477304458618,0.1888239085674286,0.226479634642601,0.17906004190444946,0.16402633488178253,0.13199971616268158,0.12137994915246964,2009.6774541798763,6201.312694859339,3083.8384237919186,0.037927331061484916,0.004544720519334078,990.0,1000.0,995.0,1046.0,1056.0,1051.0,4,viparita_swasa
P8,-6.103097438812256,-8.326432228088379,-21.286706924438477,-26.10612678527832,-32.3370475769043,-32.401710510253906,-33.36381912231445,-36.126014709472656,-36.7685432434082,-39.25347137451172,-39.70603942871094,-40.24909973144531,-41.02814483642578,-42.270896911621094,-42.80188751220703,-42.997127532958984,-42.83405303955078,-43.12086868286133,-43.948177337646484,-44.777061462402344,-45.03312683105469,-44.62361145019531,-44.93889236450195,-45.3284797668457,-45.08028030395508,-45.543521881103516,-45.412349700927734,-44.9429817199707,-44.60371780395508,-43.96165466308594,-43.068031311035156,-43.936241149902344,2.37001633644104,2.665778875350952,2.4611270427703857,2.816723108291626,2.7732231616973877,2.485914707183838,2.5936059951782227,2.9999077320098877,2.8641579151153564,2.5651135444641113,2.82389760017395,3.2969131469726562,3.189720630645752,2.9517219066619873,2.8929483890533447,2.7031874656677246,3.1273391246795654,3.181968927383423,2.5118844509124756,2.3298943042755127,2.1357548236846924,2.514554738998413,2.214527130126953,2.021660327911377,2.352449893951416,2.0844690799713135,2.0632057189941406,1.9654499292373657,1.8440693616867065,1.6967341899871826,1.7291585206985474,1.8302912712097168,-217.83824157714844,41.488948822021484,27.148460388183594,15.473127365112305,13.86355209350586,8.744339942932129,8.302326202392578,6.4574503898620605,5.859401702880859,4.07582426071167,8.797019004821777,3.614400863647461,4.101049900054932,2.8905389308929443,2.3782753944396973,2.2678728103637695,2.1955885887145996,2.2244184017181396,2.2181615829467773,2.4910833835601807,0.15972352027893066,0.18365004658699036,0.258359432220459,0.47409623861312866,0.9199569821357727,0.8432832360267639,0.3651382625102997,0.2793601453304291,0.22984053194522858,0.19379404187202454,0.17039699852466583,0.15334990620613098,0.13278919458389282,0.1341528296470642,0.15178531408309937,0.16652606427669525,0.13267676532268524,0.16621707379817963,0.15432803332805634,0.19017522037029266,0.15397129952907562,0.14679117500782013,0.13919766247272491,0.12959524989128113,2092.003575601861,6327.53923243547,3101.483055758883,0.04061231148491879,0.004527344834059477,1000.0,1010.0,1005.0,1056.0,1066.0,1061.0,4,viparita_swasa
P8,-8.553869247436523,-10.943957328796387,-23.562177658081055,-28.337406158447266,-34.54035949707031,-34.74004364013672,-35.74894332885742,-38.32083511352539,-38.849327087402344,-41.547672271728516,-42.145755767822266,-42.67658615112305,-43.40924835205078,-44.55750274658203,-45.429115295410156,-45.52085876464844,-45.29248046875,-45.459686279296875,-46.446346282958984,-47.155517578125,-47.293697357177734,-46.9952507019043,-47.398319244384766,-47.67991256713867,-47.47456741333008,-47.978111267089844,-47.8911247253418,-47.53440475463867,-47.10013961791992,-46.3903923034668,-45.4719123840332,-46.20317077636719,2.320564031600952,2.7864482402801514,2.288780927658081,2.446556806564331,2.717426061630249,2.148306131362915,2.2643544673919678,2.432830810546875,2.322439432144165,2.1939964294433594,2.5503807067871094,2.9008357524871826,2.617136240005493,2.434199810028076,2.38983416557312,2.379138946533203,2.6089706420898438,2.8994243144989014,2.2033560276031494,1.9983363151550293,1.8474547863006592,2.3512611389160156,1.914424180984497,1.8023171424865723,2.1100285053253174,1.751564383506775,1.536724328994751,1.612024188041687,1.5143663883209229,1.375300645828247,1.4792065620422363,1.7242887020111084,-231.33860778808594,41.69919204711914,27.198692321777344,15.392340660095215,13.630252838134766,8.43785572052002,8.40413761138916,6.333799362182617,5.87446928024292,3.944664478302002,6.898942470550537,3.022952079772949,3.417560338973999,2.3820242881774902,2.2612528800964355,2.1237502098083496,2.0500714778900146,2.1334660053253174,2.2360706329345703,2.3612751960754395,0.17887338995933533,0.19561289250850677,0.2575936019420624,0.44988584518432617,0.9038587808609009,0.8564504981040955,0.40693625807762146,0.33075612783432007,0.27851933240890503,0.24279062449932098,0.2105192095041275,0.17985734343528748,0.15223468840122223,0.14292173087596893,0.15732304751873016,0.1715281754732132,0.1446591466665268,0.15976515412330627,0.1631159782409668,0.22625569999217987,0.18930159509181976,0.18051017820835114,0.1636182814836502,0.15157519280910492,2087.9786156565065,6351.320681826421,3110.8359392887314,0.04044917343387471,0.004370265174657106,1010.0,1020.0,1015.0,1066.0,1076.0,1071.0,4,viparita_swasa
P8,-6.703627109527588,-9.030370712280273,-21.619789123535156,-26.380474090576172,-32.817012786865234,-33.07810974121094,-34.01877975463867,-36.81956481933594,-37.650970458984375,-40.2765007019043,-40.28276443481445,-40.784889221191406,-41.82761001586914,-43.1502685546875,-44.00373840332031,-43.704158782958984,-43.44999694824219,-43.48388671875,-44.79956817626953,-45.73228073120117,-45.66022872924805,-45.17308807373047,-45.663909912109375,-45.923152923583984,-45.57234191894531,-46.0103645324707,-45.8388557434082,-45.41659164428711,-45.04035949707031,-44.3328971862793,-43.423336029052734,-44.19261169433594,2.219865083694458,2.702110528945923,2.2375266551971436,2.783170700073242,2.7293972969055176,2.250980854034424,2.1558804512023926,2.480844497680664,2.4306070804595947,2.3574206829071045,3.017096519470215,3.4218711853027344,2.6998422145843506,2.4246926307678223,2.0198776721954346,2.742429494857788,3.0926761627197266,3.6253581047058105,2.631138563156128,1.7936240434646606,2.0032942295074463,2.9690933227539062,2.5159740447998047,2.195645332336426,3.003530502319336,2.4421133995056152,2.2694380283355713,2.373828649520874,2.469353675842285,2.3504631519317627,2.454693078994751,2.734621286392212,-221.30003356933594,41.127220153808594,27.90192222595215,15.562579154968262,13.987386703491211,8.682793617248535,8.202044486999512,6.367661476135254,5.719862461090088,3.621819257736206,9.556398391723633,4.201208114624023,2.871407985687256,2.4217448234558105,2.2530951499938965,2.1622507572174072,2.1782948970794678,2.003005266189575,2.0929694175720215,2.6608152389526367,0.16100503504276276,0.18151508271694183,0.2556507885456085,0.487708181142807,0.9273180365562439,0.8427751660346985,0.3619682788848877,0.2988309860229492,0.2532399892807007,0.22042816877365112,0.1879885494709015,0.16078446805477142,0.12843264639377594,0.1313910335302353,0.15177865326404572,0.15053437650203705,0.12210746109485626,0.16345039010047913,0.1614013910293579,0.2074689418077469,0.18083062767982483,0.16293063759803772,0.13759218156337738,0.12418412417173386,2130.6709174644516,6413.422239794809,3128.9745356622184,0.04146765334976798,0.0044807917438447475,1020.0,1030.0,1025.0,1076.0,1086.0,1081.0,4,viparita_swasa
P8,-6.483461856842041,-8.856842994689941,-21.51311492919922,-26.35195541381836,-32.79222106933594,-33.051090240478516,-34.28838348388672,-37.06172180175781,-37.499107360839844,-40.25550079345703,-40.69041442871094,-41.14985275268555,-42.35986328125,-43.5297737121582,-44.40238571166992,-44.12324905395508,-44.05145263671875,-43.990196228027344,-45.063480377197266,-46.005950927734375,-46.081939697265625,-45.59831619262695,-46.1483154296875,-46.39252471923828,-45.78634262084961,-46.35498046875,-46.25190353393555,-45.8273811340332,-45.37652587890625,-44.70427703857422,-43.547645568847656,-44.319705963134766,2.3921241760253906,2.912823438644409,2.377838611602783,2.7366790771484375,2.5961217880249023,2.214771032333374,2.2556374073028564,2.4348368644714355,2.367656946182251,2.1146926879882812,2.3164284229278564,2.613051414489746,2.119431972503662,2.000994920730591,1.943507194519043,2.025668144226074,2.1641924381256104,2.501861810684204,1.8133981227874756,1.3842188119888306,1.4666316509246826,1.8699266910552979,1.587665319442749,1.434451699256897,1.9872537851333618,1.5156660079956055,1.3343385457992554,1.3991119861602783,1.4712035655975342,1.445906162261963,1.535160779953003,1.7635924816131592,-222.7227020263672,41.85729217529297,28.68891143798828,15.664924621582031,14.041837692260742,8.537276268005371,8.410042762756348,6.496327877044678,5.873533248901367,3.5003273487091064,5.330697536468506,2.990924835205078,2.4396770000457764,2.4287524223327637,2.1595897674560547,2.168259382247925,2.127788543701172,2.114332437515259,2.127671718597412,2.404336929321289,0.15953411161899567,0.17846529185771942,0.24398961663246155,0.4419158697128296,0.9116239547729492,0.8612353205680847,0.3952237665653229,0.3017612397670746,0.25797855854034424,0.22030675411224365,0.18432265520095825,0.15663042664527893,0.13514235615730286,0.13586688041687012,0.15300774574279785,0.16332386434078217,0.13944092392921448,0.15795578062534332,0.16606752574443817,0.20509172976016998,0.17759022116661072,0.16033977270126343,0.13336214423179626,0.12422023713588715,2052.1046236259094,6310.45256081424,3110.870533922927,0.03908402515951276,0.004639139864593744,1030.0,1040.0,1035.0,1086.0,1096.0,1091.0,4,viparita_swasa
P8,-6.629298210144043,-8.841216087341309,-21.550500869750977,-26.301034927368164,-32.591552734375,-32.961822509765625,-34.1250114440918,-36.562042236328125,-37.39300537109375,-39.69660568237305,-40.013004302978516,-40.21080780029297,-41.47832107543945,-42.86077117919922,-43.64081573486328,-43.45859146118164,-43.09391784667969,-42.895687103271484,-44.32386016845703,-45.340538024902344,-45.24361801147461,-44.607704162597656,-45.15842056274414,-45.63859558105469,-45.096168518066406,-45.702144622802734,-45.590476989746094,-45.29914855957031,-44.93354415893555,-44.226524353027344,-43.17121505737305,-43.87273406982422,2.3256192207336426,2.9960432052612305,2.2970919609069824,2.8196706771850586,2.898733139038086,2.3446998596191406,2.396207571029663,2.6288321018218994,2.5548675060272217,2.5626375675201416,3.1375296115875244,3.687954902648926,3.1104934215545654,2.969897747039795,2.4299185276031494,2.984964609146118,3.635104179382324,4.082616329193115,3.2093451023101807,2.730623483657837,2.8167622089385986,3.5501699447631836,3.1233580112457275,2.7161107063293457,3.1965179443359375,2.7561047077178955,2.567699670791626,2.5151114463806152,2.4618146419525146,2.33197021484375,2.3227317333221436,2.5157716274261475,-219.64657592773438,40.86820983886719,27.27352523803711,15.644845962524414,13.884686470031738,8.677264213562012,8.539214134216309,6.3864240646362305,5.774023056030273,3.3393163681030273,11.34175968170166,4.357649326324463,3.9801154136657715,2.5157268047332764,2.5453989505767822,2.3132810592651367,2.0839385986328125,2.117156982421875,2.193971872329712,2.6315650939941406,0.1673249453306198,0.178494393825531,0.23304736614227295,0.41725069284439087,0.8980069160461426,0.8800483345985413,0.4194599986076355,0.3005176782608032,0.252207487821579,0.2119702249765396,0.18360483646392822,0.16223876178264618,0.13602352142333984,0.14238566160202026,0.1507042646408081,0.1643599569797516,0.14491653442382812,0.14649763703346252,0.1670970767736435,0.2049686163663864,0.17500373721122742,0.16866374015808105,0.14321155846118927,0.1230321004986763,2136.5909591350996,6415.595544518562,3127.482681803573,0.040889872752320186,0.004534240812063217,1040.0,1050.0,1045.0,1096.0,1106.0,1101.0,4,viparita_swasa
P8,-5.166154861450195,-7.520538330078125,-20.252967834472656,-24.989627838134766,-31.44211769104004,-31.96488380432129,-32.95466613769531,-35.29767990112305,-36.006805419921875,-38.72575759887695,-39.19358444213867,-39.733455657958984,-40.56454849243164,-41.81663131713867,-42.554378509521484,-42.633277893066406,-42.51563262939453,-42.40467834472656,-43.572994232177734,-44.35896682739258,-44.46883773803711,-44.10066223144531,-44.46455001831055,-44.798824310302734,-44.41910934448242,-44.78037643432617,-44.70880889892578,-44.446998596191406,-44.10371780395508,-43.269004821777344,-42.16825866699219,-42.99862289428711,2.2236623764038086,2.5977885723114014,2.3194644451141357,2.5351481437683105,2.469067096710205,2.103682518005371,2.3286259174346924,2.327566623687744,2.393756866455078,2.22107195854187,2.4014861583709717,2.6884970664978027,2.437171459197998,2.233970880508423,2.021536350250244,2.166334867477417,2.2689833641052246,2.5158615112304688,2.152722120285034,1.879755973815918,1.7929344177246094,2.0292036533355713,1.7578990459442139,1.620447039604187,2.0397467613220215,1.7303028106689453,1.5705044269561768,1.5631251335144043,1.452576756477356,1.4058430194854736,1.6554630994796753,1.5741738080978394,-214.3235626220703,41.718605041503906,28.0412654876709,15.60723876953125,13.965628623962402,8.698877334594727,8.498663902282715,6.445732593536377,5.955284118652344,3.6838393211364746,5.987044811248779,3.092036008834839,2.965311050415039,2.3342347145080566,2.281843900680542,2.186084032058716,2.040592908859253,2.082892894744873,2.089460849761963,2.2480297088623047,0.16469857096672058,0.18364933133125305,0.2578125298023224,0.5164340138435364,0.949303388595581,0.8166908621788025,0.35244956612586975,0.2979898154735565,0.2410401701927185,0.20515412092208862,0.1729786992073059,0.15556947886943817,0.13092251121997833,0.13805831968784332,0.15410035848617554,0.14812378585338593,0.10687201470136642,0.16894179582595825,0.1795431673526764,0.20730222761631012,0.1561404913663864,0.1375761777162552,0.120618537068367,0.11960052698850632,2064.1605769347025,6333.434633755075,3112.2173697697813,0.038959405814965195,0.004538144450634718,1050.0,1060.0,1055.0,1106.0,1116.0,1111.0,4,viparita_swasa
P8,-11.083297729492188,-13.609880447387695,-26.071109771728516,-30.822975158691406,-37.075096130371094,-37.8221549987793,-39.196533203125,-41.444725036621094,-42.31201171875,-44.90256118774414,-44.59129333496094,-45.02389144897461,-46.271236419677734,-47.760921478271484,-48.631290435791016,-48.22160339355469,-47.96829605102539,-47.936683654785156,-49.27821350097656,-50.51385498046875,-50.627201080322266,-49.87123107910156,-50.45409393310547,-50.776859283447266,-49.92591094970703,-50.43090057373047,-50.454830169677734,-50.321258544921875,-49.84186935424805,-49.000343322753906,-47.797149658203125,-48.59973907470703,2.386038303375244,2.773045301437378,2.277189016342163,2.687023639678955,2.84112548828125,2.2484755516052246,2.51194429397583,2.4022436141967773,2.320079803466797,2.31205677986145,3.028684616088867,3.373772621154785,2.8264522552490234,2.0590927600860596,1.896708607673645,2.3188040256500244,2.8861289024353027,3.1795263290405273,2.2936172485351562,1.4982209205627441,1.6646697521209717,2.4900131225585938,2.090494155883789,2.0181350708007812,2.8685553073883057,2.5023210048675537,2.153839349746704,1.9731861352920532,1.9653149843215942,2.006981372833252,2.201875925064087,2.3518221378326416,-247.24679565429688,41.33515167236328,27.949247360229492,15.37132740020752,14.372913360595703,9.020606994628906,8.357905387878418,6.300235271453857,5.795113563537598,2.8534326553344727,8.38869857788086,3.6995975971221924,2.556736946105957,2.4135918617248535,2.2807037830352783,2.118889093399048,2.210982084274292,2.137885808944702,2.131498336791992,2.898020029067993,0.1748826503753662,0.1899130493402481,0.26142898201942444,0.5203203558921814,0.9494401812553406,0.8210746645927429,0.3528967797756195,0.29946762323379517,0.24685925245285034,0.21685370802879333,0.18973469734191895,0.16772423684597015,0.13833735883235931,0.14000380039215088,0.16006575524806976,0.14667324721813202,0.09977217763662338,0.1703982651233673,0.1684851199388504,0.1939108967781067,0.16871702671051025,0.1617003232240677,0.13865935802459717,0.1271086037158966,2115.4185761959693,6418.643167234629,3135.531202795092,0.041550355278422275,0.004693972412496805,1060.0,1070.0,1065.0,1116.0,1126.0,1121.0,4,viparita_swasa
P8,-8.986586570739746,-11.218827247619629,-23.695539474487305,-28.331562042236328,-34.64574432373047,-35.439693450927734,-36.7000846862793,-39.26448440551758,-39.77908706665039,-42.53763198852539,-42.63251495361328,-42.73232650756836,-44.098419189453125,-45.52540969848633,-46.267845153808594,-46.02210235595703,-45.75725555419922,-45.7064208984375,-47.123233795166016,-48.27187728881836,-48.27322769165039,-47.486976623535156,-48.11482238769531,-48.3514518737793,-47.67674255371094,-48.20461654663086,-48.219730377197266,-47.948524475097656,-47.5283088684082,-46.7939338684082,-45.60585403442383,-46.37020492553711,2.347503423690796,2.81111741065979,2.1481144428253174,2.6142995357513428,2.6385657787323,2.3693695068359375,2.457542657852173,2.4364333152770996,2.3693783283233643,2.3846590518951416,2.7455599308013916,2.960775375366211,2.449005365371704,1.96677827835083,1.744244933128357,2.238762140274048,2.5686018466949463,3.0122461318969727,2.0873520374298096,1.5699241161346436,1.5437630414962769,2.1483652591705322,1.7780697345733643,1.6986550092697144,2.461569309234619,2.0547571182250977,1.8547041416168213,1.69422447681427,1.6671545505523682,1.6621061563491821,1.7942553758621216,2.0530104637145996,-234.2841033935547,41.4844856262207,28.088743209838867,15.508204460144043,14.151693344116211,8.890077590942383,8.22663402557373,6.1200175285339355,5.733824253082275,2.972473382949829,6.694318771362305,3.4478306770324707,2.668123722076416,2.5801374912261963,2.3751027584075928,2.272718906402588,2.2051753997802734,2.1162993907928467,2.057316541671753,2.7581632137298584,0.16708432137966156,0.18105748295783997,0.2568871080875397,0.5197728872299194,0.9419461488723755,0.8229020833969116,0.35458672046661377,0.2979372441768646,0.2451370358467102,0.21673989295959473,0.18761378526687622,0.1643824428319931,0.13564705848693848,0.14107085764408112,0.17477840185165405,0.15448535978794098,0.113809734582901,0.16783253848552704,0.17196087539196014,0.20245295763015747,0.16233478486537933,0.15210603177547455,0.13002440333366394,0.12390000373125076,2106.4861631566328,6415.3457393779,3131.898389072106,0.041025821128190254,0.004521118011325598,1070.0,1080.0,1075.0,1126.0,1136.0,1131.0,4,viparita_swasa
P8,-11.908246040344238,-14.196900367736816,-26.983816146850586,-31.642414093017578,-37.92247772216797,-38.16602325439453,-39.376495361328125,-42.09391784667969,-42.6458625793457,-44.96046447753906,-44.980594635009766,-45.38637161254883,-46.650856018066406,-48.22615432739258,-48.79246139526367,-48.38273239135742,-47.866580963134766,-48.13167953491211,-49.34626007080078,-50.253562927246094,-50.514991760253906,-50.12287902832031,-50.56854248046875,-50.91132354736328,-50.302513122558594,-50.83418273925781,-50.85617446899414,-50.45138931274414,-50.0109748840332,-49.387306213378906,-48.40190887451172,-49.11422348022461,2.616152286529541,2.745589017868042,2.4267220497131348,2.7009189128875732,2.587251663208008,2.2532761096954346,2.4456536769866943,2.541982650756836,2.436126708984375,2.718877077102661,3.2210240364074707,3.580291271209717,3.2364370822906494,3.194133996963501,3.3603742122650146,3.844057321548462,3.968629837036133,4.40332555770874,4.202194690704346,3.910696506500244,3.5505826473236084,3.3184471130371094,2.9848501682281494,2.8299031257629395,3.1634538173675537,2.869823455810547,2.667663097381592,2.486002206802368,2.536895990371704,2.4170918464660645,2.324251651763916,2.4290666580200195,-249.14735412597656,40.65252685546875,26.922819137573242,15.481245040893555,14.175361633300781,8.677567481994629,8.308956146240234,6.668553352355957,5.753988742828369,3.1216914653778076,12.107328414916992,4.817160129547119,5.442826271057129,2.6728453636169434,2.564192056655884,2.1272847652435303,2.284984588623047,2.16870379447937,2.116757392883301,2.672555923461914,0.15560364723205566,0.17210115492343903,0.2364920824766159,0.4589368402957916,0.9252578020095825,0.8404459357261658,0.3669859766960144,0.28669577836990356,0.23516958951950073,0.20500075817108154,0.17958812415599823,0.1532009392976761,0.12330718338489532,0.11936241388320923,0.13141889870166779,0.14093442261219025,0.13397082686424255,0.16622281074523926,0.16421185433864594,0.19902586936950684,0.17407391965389252,0.16395311057567596,0.13784454762935638,0.11707209795713425,2160.631711813223,6439.601818536108,3129.6273529378573,0.04377764283642691,0.004683267790824175,1080.0,1090.0,1085.0,1136.0,1146.0,1141.0,0,breath_retention
P8,-7.332030296325684,-9.653572082519531,-22.366321563720703,-27.047382354736328,-33.3206787109375,-33.60334014892578,-34.882667541503906,-37.5872688293457,-38.166595458984375,-40.674400329589844,-41.334564208984375,-41.842552185058594,-42.77297592163086,-44.074562072753906,-44.65000534057617,-44.80570983886719,-44.69218063354492,-44.51847839355469,-45.83612060546875,-46.540645599365234,-46.72542190551758,-46.17951965332031,-46.61091613769531,-46.91490173339844,-46.65574645996094,-46.962772369384766,-46.94120407104492,-46.5911750793457,-46.25039291381836,-45.51563262939453,-44.38636016845703,-45.15769577026367,2.292048215866089,2.8367154598236084,2.4268717765808105,2.7615251541137695,2.6910057067871094,2.1994760036468506,2.343691110610962,2.4954936504364014,2.4682085514068604,2.1101620197296143,2.6365468502044678,2.6079704761505127,2.4165074825286865,2.150608539581299,1.9164607524871826,2.0294721126556396,2.5652215480804443,2.805013656616211,2.0230748653411865,1.5134923458099365,1.621666669845581,2.2226614952087402,2.0198683738708496,1.8254657983779907,2.0941832065582275,1.7769678831100464,1.5871926546096802,1.6150155067443848,1.3899801969528198,1.266525149345398,1.2408037185668945,1.4240883588790894,-226.379150390625,42.04852294921875,28.172998428344727,15.600959777832031,13.803404808044434,8.519075393676758,8.322704315185547,6.252974987030029,5.861090183258057,3.6292078495025635,6.293486595153809,2.9483745098114014,3.032939910888672,2.226412057876587,2.2808289527893066,2.167614459991455,2.165620803833008,2.1041765213012695,2.075251579284668,2.3632471561431885,0.1683749258518219,0.18809916079044342,0.25381970405578613,0.49407759308815,0.9418764114379883,0.8296337723731995,0.365415096282959,0.30738717317581177,0.2513905167579651,0.21495696902275085,0.18915216624736786,0.16563494503498077,0.13628999888896942,0.13873228430747986,0.15624569356441498,0.14793162047863007,0.10725733637809753,0.16445393860340118,0.1779583841562271,0.2176629900932312,0.17666372656822205,0.1719343513250351,0.14934635162353516,0.1333349198102951,2048.5576688452084,6285.896715487239,3101.651053934725,0.03871809744779582,0.004490838386118412,1090.0,1100.0,1095.0,1146.0,1156.0,1151.0,0,breath_retention
P8,-6.064065456390381,-7.73478364944458,-20.54976463317871,-25.07184410095215,-31.235332489013672,-31.501956939697266,-32.653350830078125,-35.31333923339844,-36.05271530151367,-38.80963134765625,-38.81560134887695,-39.04121780395508,-40.32804489135742,-41.817604064941406,-42.63127136230469,-42.34613800048828,-42.00395965576172,-41.99003982543945,-43.43502426147461,-44.59357833862305,-44.5230827331543,-43.90165328979492,-44.293914794921875,-44.586036682128906,-44.076847076416016,-44.52418899536133,-44.531211853027344,-44.33229446411133,-43.72058868408203,-43.017601013183594,-41.976402282714844,-42.600521087646484,2.398324966430664,2.7412374019622803,2.491591215133667,2.640986680984497,2.6709768772125244,2.2312703132629395,2.18721604347229,2.5571823120117188,2.56531023979187,2.298421859741211,3.0461950302124023,3.2855772972106934,2.6826066970825195,2.2030839920043945,1.9111500978469849,2.5212671756744385,2.887840509414673,3.0960121154785156,2.316781520843506,1.5202083587646484,1.67995023727417,2.3257532119750977,2.080378770828247,2.0297327041625977,2.653048038482666,2.2559638023376465,1.9369271993637085,1.9220688343048096,2.080387592315674,2.036165475845337,2.023287057876587,2.3958170413970947,-213.5592498779297,41.1087646484375,27.644948959350586,14.95441722869873,13.661170959472656,8.460580825805664,8.04257583618164,6.050380706787109,5.813337326049805,3.1476149559020996,8.173497200012207,3.690371036529541,2.723376750946045,2.484264612197876,2.1785478591918945,2.2117085456848145,2.172650098800659,2.151757001876831,2.152203321456909,2.713784694671631,0.15300393104553223,0.17257168889045715,0.240294948220253,0.482021689414978,0.9393633604049683,0.8238599300384521,0.33112451434135437,0.26118168234825134,0.2187644988298416,0.19300900399684906,0.1713772714138031,0.14959484338760376,0.13269634544849396,0.14086182415485382,0.15532787144184113,0.15060962736606598,0.10969190299510956,0.17134857177734375,0.15714479982852936,0.18187230825424194,0.14495936036109924,0.13308896124362946,0.12649139761924744,0.12640804052352905,2193.9903406652147,6596.854154582366,3169.0147801813255,0.044763268561484916,0.0043588136322796345,1100.0,1110.0,1105.0,1156.0,1166.0,1161.0,0,breath_retention
P8,-5.273355960845947,-7.270968914031982,-20.192108154296875,-24.923559188842773,-31.022594451904297,-31.405723571777344,-32.48994827270508,-35.28822708129883,-35.76119613647461,-38.55546569824219,-38.50791549682617,-38.955135345458984,-40.102210998535156,-41.74296569824219,-42.60980224609375,-42.25031661987305,-41.79920959472656,-41.738372802734375,-43.294918060302734,-44.247703552246094,-44.33699417114258,-43.56016159057617,-44.049991607666016,-44.48375701904297,-43.808502197265625,-44.30171203613281,-44.287620544433594,-44.084686279296875,-43.76472854614258,-42.92063522338867,-41.749412536621094,-42.576148986816406,2.338806390762329,2.7591869831085205,2.3103184700012207,2.5304222106933594,2.732534408569336,2.368324041366577,2.5708134174346924,2.5461061000823975,2.3502726554870605,2.3003718852996826,2.923689842224121,3.1351099014282227,2.54896879196167,2.2093491554260254,1.9617737531661987,2.3038063049316406,2.6578783988952637,3.2063393592834473,2.406851053237915,1.5337899923324585,1.6171412467956543,2.3820199966430664,2.1307294368743896,1.9778814315795898,2.6650550365448,2.270509958267212,2.0124714374542236,2.020176887512207,1.879624843597412,1.936218500137329,2.0307552814483643,2.250884771347046,-212.37173461914062,41.36518478393555,27.818199157714844,15.368976593017578,13.735677719116211,8.672086715698242,8.357329368591309,6.36821174621582,5.922595977783203,3.13826584815979,7.951226234436035,3.5580203533172607,2.5277671813964844,2.4650001525878906,2.323967933654785,2.2808997631073,2.182136297225952,2.0874619483947754,2.0737175941467285,2.6852400302886963,0.14653535187244415,0.16956573724746704,0.25342923402786255,0.5758771896362305,0.9675936102867126,0.778411865234375,0.32502269744873047,0.2880755364894867,0.23244144022464752,0.19420765340328217,0.15823587775230408,0.1381920427083969,0.11290501058101654,0.1259392946958542,0.1530504822731018,0.13532695174217224,0.07946641743183136,0.17529141902923584,0.1837109476327896,0.2142534852027893,0.1632310003042221,0.1459266096353531,0.11338191479444504,0.10566377639770508,2139.8001042193832,6457.712691234049,3141.19737008518,0.0422901410237819,0.004528237972408533,1110.0,1120.0,1115.0,1166.0,1176.0,1171.0,0,breath_retention
P8,-5.605535507202148,-7.640299320220947,-20.132814407348633,-24.83397102355957,-31.174819946289062,-31.850818634033203,-32.91755676269531,-35.3720703125,-35.830814361572266,-38.412376403808594,-38.38811492919922,-38.66411590576172,-39.97673416137695,-41.445594787597656,-42.32669448852539,-41.97383117675781,-41.23817825317383,-41.09538269042969,-42.91963577270508,-44.228355407714844,-44.175533294677734,-43.18890380859375,-43.741634368896484,-43.996158599853516,-43.388343811035156,-44.145809173583984,-44.10591125488281,-43.871856689453125,-43.478759765625,-42.73117446899414,-41.666690826416016,-42.50794982910156,2.2752888202667236,2.536949634552002,2.2480788230895996,2.5954151153564453,2.928377151489258,2.3130342960357666,2.5737078189849854,2.7390003204345703,2.5536720752716064,2.6079118251800537,3.29659366607666,3.747511625289917,3.2486605644226074,2.6308746337890625,2.438035249710083,2.8307414054870605,3.4355995655059814,3.7935433387756348,2.6345434188842773,1.8038123846054077,2.129028081893921,3.1169955730438232,2.7317404747009277,2.42587947845459,3.1494691371917725,2.7821271419525146,2.557065010070801,2.384561777114868,2.4253573417663574,2.5070414543151855,2.4985129833221436,2.521007776260376,-211.60638427734375,40.49906921386719,26.99961280822754,15.449560165405273,13.88363265991211,8.940277099609375,8.28367805480957,6.353147983551025,5.959033012390137,2.7637455463409424,10.501300811767578,4.106524467468262,3.297194719314575,3.0100526809692383,2.3696775436401367,2.233578681945801,2.1891419887542725,2.0416693687438965,2.0648837089538574,2.661487340927124,0.1519707441329956,0.17147471010684967,0.23052659630775452,0.42639368772506714,0.9109684228897095,0.8502721190452576,0.3757266402244568,0.28450578451156616,0.24088212847709656,0.21373119950294495,0.181252583861351,0.15154220163822174,0.12744727730751038,0.14061658084392548,0.1522035151720047,0.159904345870018,0.14300112426280975,0.16552646458148956,0.15499159693717957,0.19110943377017975,0.15838108956813812,0.1599114090204239,0.1377684623003006,0.11586567759513855,2205.383309873285,6578.743281884425,3160.4311701606325,0.04331088674593968,0.0045231967233121395,1120.0,1130.0,1125.0,1176.0,1186.0,1181.0,0,breath_retention
P8,-6.164159774780273,-8.127700805664062,-20.727386474609375,-25.829185485839844,-32.1058235168457,-32.39768600463867,-33.552391052246094,-36.29743576049805,-36.861637115478516,-39.43744659423828,-39.4638557434082,-40.0375862121582,-41.090633392333984,-42.342010498046875,-43.224613189697266,-43.03889846801758,-42.66733169555664,-42.682586669921875,-43.964515686035156,-45.097171783447266,-45.06671142578125,-44.6407356262207,-45.11262893676758,-45.349334716796875,-45.11594009399414,-45.55699920654297,-45.502220153808594,-45.18561553955078,-44.65400314331055,-43.928184509277344,-42.810298919677734,-43.52059555053711,2.3521482944488525,2.823136806488037,2.366495132446289,2.696047782897949,2.699016809463501,2.2752528190612793,2.493349313735962,2.449126958847046,2.563638925552368,2.458186626434326,3.144019842147827,3.372411012649536,2.830181837081909,2.3301825523376465,2.366413116455078,2.872403621673584,2.898623466491699,3.410789728164673,2.6327016353607178,1.7730761766433716,1.7808195352554321,2.5664985179901123,2.2803494930267334,1.9804288148880005,2.6203715801239014,2.098790407180786,1.873731255531311,1.7003493309020996,1.9005762338638306,1.9825719594955444,1.8626434803009033,2.285388469696045,-217.7099151611328,41.656883239746094,27.521135330200195,15.490334510803223,14.309444427490234,8.611079216003418,8.467829704284668,6.305983543395996,5.823512554168701,3.3056554794311523,8.564427375793457,3.652754068374634,3.344339370727539,2.3903708457946777,2.309269905090332,2.2153491973876953,2.196075677871704,2.1161718368530273,2.2398924827575684,2.707143545150757,0.15548552572727203,0.1700412482023239,0.2319089025259018,0.4375115633010864,0.9301834106445312,0.8572914004325867,0.35843345522880554,0.2642402648925781,0.2259455919265747,0.20115183293819427,0.1772545874118805,0.1547379046678543,0.1225183755159378,0.12047232687473297,0.1333819031715393,0.14658671617507935,0.12049355357885361,0.15287277102470398,0.1441677212715149,0.18784207105636597,0.15694378316402435,0.14080645143985748,0.12735353410243988,0.12242847681045532,2091.8807682207157,6357.540829828887,3117.450348941304,0.04179392945185615,0.004566086921840906,1130.0,1140.0,1135.0,1186.0,1196.0,1191.0,2,meditation
P8,-6.179588794708252,-8.597057342529297,-20.902076721191406,-25.56937599182129,-30.92388343811035,-31.150386810302734,-32.192596435546875,-35.14065170288086,-35.53154373168945,-37.21522903442383,-37.75506591796875,-38.38209533691406,-39.35029220581055,-40.75557327270508,-41.332603454589844,-41.34253692626953,-41.00342559814453,-41.59162902832031,-42.89873504638672,-43.52903366088867,-43.616241455078125,-43.16619110107422,-43.27873992919922,-44.03940200805664,-43.91939926147461,-43.63463592529297,-43.467769622802734,-43.11764907836914,-42.99504089355469,-42.645408630371094,-42.10879898071289,-42.97627639770508,2.417388916015625,2.8624696731567383,2.407623052597046,2.7130069732666016,3.3012633323669434,2.7552061080932617,2.7658023834228516,3.052945613861084,3.1539173126220703,3.4815049171447754,3.837411403656006,3.6907968521118164,3.4395792484283447,2.867345094680786,2.8482463359832764,3.2780745029449463,3.726660966873169,3.47586727142334,2.784358501434326,2.764448404312134,2.8578596115112305,3.1869945526123047,3.381312131881714,2.8594236373901367,2.9587721824645996,3.555366039276123,3.6550967693328857,3.646904706954956,3.0243585109710693,2.4039711952209473,2.053027391433716,2.2685258388519287,-210.41888427734375,40.24457931518555,25.520830154418945,14.23181438446045,12.750908851623535,9.006315231323242,7.594274520874023,6.544536113739014,5.231130599975586,3.8246123790740967,12.626498222351074,5.061539173126221,3.924422025680542,2.623560905456543,2.6940810680389404,2.522163152694702,2.280125379562378,2.3195114135742188,2.299809455871582,2.479217529296875,0.187420055270195,0.21103787422180176,0.2777160108089447,0.4941902458667755,0.9220214486122131,0.8319323062896729,0.39224445819854736,0.339189350605011,0.2848590314388275,0.24534514546394348,0.2113785743713379,0.18204905092716217,0.155185729265213,0.16940970718860626,0.1798783540725708,0.16960470378398895,0.1370927393436432,0.17004340887069702,0.17735132575035095,0.231665700674057,0.19815978407859802,0.18479178845882416,0.15716449916362762,0.1441463828086853,2243.0933067598644,6554.786968895011,3139.186179673498,0.049164597230278426,0.004531621467322111,1140.0,1150.0,1145.0,1196.0,1206.0,1201.0,2,meditation
P8,-7.047718048095703,-9.452056884765625,-22.49574089050293,-27.441226959228516,-33.55202102661133,-33.170997619628906,-33.872894287109375,-37.109378814697266,-37.84830856323242,-40.42567825317383,-41.21193313598633,-42.0122184753418,-42.71736145019531,-44.09004211425781,-44.50642395019531,-44.58662796020508,-45.19602966308594,-45.4196662902832,-45.789432525634766,-46.25910949707031,-46.465370178222656,-46.52742385864258,-46.85850524902344,-47.20577621459961,-47.154293060302734,-47.2523307800293,-46.98538589477539,-46.690650939941406,-46.26171875,-45.53443145751953,-44.703025817871094,-45.55234146118164,2.3880386352539062,2.7175381183624268,2.2912850379943848,2.662994623184204,2.3452987670898438,2.3548407554626465,2.4192054271698,2.580711603164673,2.4281928539276123,2.349175453186035,2.3069396018981934,2.2646541595458984,2.285116195678711,2.0413870811462402,2.272021770477295,1.9041340351104736,1.9937636852264404,1.7166117429733276,1.7423371076583862,1.5294978618621826,1.4133329391479492,1.4497240781784058,1.438866138458252,1.2562038898468018,1.2491252422332764,1.3476442098617554,1.3340615034103394,1.216129183769226,1.2050678730010986,1.1130175590515137,1.030186653137207,1.0060536861419678,-226.5209503173828,42.9586181640625,28.24357795715332,15.215867042541504,13.343040466308594,8.190996170043945,8.354186058044434,6.618746280670166,5.823760032653809,4.740331172943115,4.223592281341553,2.837454319000244,2.748718738555908,2.465285301208496,2.309514284133911,2.3661434650421143,2.1224610805511475,2.0605599880218506,2.0551538467407227,1.9908695220947266,0.16782832145690918,0.17830584943294525,0.2284657210111618,0.40935125946998596,0.8987173438072205,0.8767856955528259,0.423978716135025,0.3231607973575592,0.27050209045410156,0.22676129639148712,0.19254614412784576,0.1676657348871231,0.13129942119121552,0.13035446405410767,0.13619837164878845,0.14896059036254883,0.1534128338098526,0.1503867357969284,0.16895784437656403,0.2115298956632614,0.17752540111541748,0.1594536006450653,0.13387231528759003,0.12660996615886688,1985.246114909248,6113.805954085702,3061.1737868391892,0.037119571128190254,0.0045123533345758915,1150.0,1160.0,1155.0,1206.0,1216.0,1211.0,2,meditation
P8,-8.799896240234375,-11.197120666503906,-23.597692489624023,-28.341209411621094,-34.24721908569336,-34.15081024169922,-34.83795928955078,-38.230003356933594,-38.37715148925781,-39.01299285888672,-38.07486343383789,-39.132179260253906,-39.814327239990234,-41.653865814208984,-43.7230224609375,-43.522945404052734,-43.03496551513672,-42.861690521240234,-44.77439880371094,-46.466556549072266,-46.82916259765625,-46.52900695800781,-46.26934051513672,-46.91883087158203,-47.36509323120117,-47.81043243408203,-47.36262130737305,-45.18285369873047,-44.46095657348633,-45.23066711425781,-44.676387786865234,-46.31776428222656,2.2664642333984375,2.63907790184021,2.8005549907684326,3.404660701751709,3.6944987773895264,3.1981523036956787,3.2203452587127686,3.5343666076660156,4.0871148109436035,5.641414165496826,6.765922546386719,6.7394890785217285,6.468567371368408,5.762973308563232,4.420989990234375,5.125374794006348,5.581928730010986,5.9719672203063965,4.835072994232178,4.2463226318359375,3.7912168502807617,4.098456859588623,4.696271896362305,4.357608795166016,3.937852621078491,3.4893007278442383,3.4417073726654053,5.621166229248047,5.952721118927002,4.466174125671387,3.9807114601135254,3.05283522605896,-224.2949676513672,41.425689697265625,23.23851203918457,11.731232643127441,14.274577140808105,10.185900688171387,8.538957595825195,7.351436614990234,3.8012900352478027,3.564033269882202,20.193456649780273,5.940877914428711,6.664000511169434,5.623910427093506,3.0433850288391113,3.8927624225616455,2.7583024501800537,2.8554790019989014,3.5078585147857666,2.973616361618042,0.1822950541973114,0.20435862243175507,0.27878278493881226,0.4903545677661896,0.9275837540626526,0.8353258967399597,0.3852703273296356,0.32014843821525574,0.27872195839881897,0.24588598310947418,0.2028835117816925,0.17783796787261963,0.13626228272914886,0.14687924087047577,0.17603686451911926,0.17209693789482117,0.12008361518383026,0.16537897288799286,0.17161999642848969,0.2164531648159027,0.18638421595096588,0.172676682472229,0.14748744666576385,0.1343262791633606,2220.0760769735803,6395.136503498405,3088.3782775353725,0.053695076856148494,0.00477509805932641,1160.0,1170.0,1165.0,1216.0,1226.0,1221.0,2,meditation
P8,-5.632519721984863,-7.850986003875732,-21.100067138671875,-26.146757125854492,-32.67075729370117,-32.08106994628906,-32.804290771484375,-36.2899169921875,-37.05921936035156,-39.45962142944336,-40.60212326049805,-41.30552291870117,-41.923316955566406,-43.04427719116211,-43.6546516418457,-43.75535583496094,-44.20738983154297,-44.598106384277344,-44.99249267578125,-45.28074645996094,-45.62225341796875,-45.57936477661133,-45.85403823852539,-46.03466796875,-46.20039749145508,-46.2765007019043,-46.08420944213867,-45.796485900878906,-45.246097564697266,-44.607177734375,-43.66041946411133,-44.449073791503906,2.460150957107544,2.7231106758117676,2.344101905822754,2.621422529220581,2.3851027488708496,2.2674925327301025,2.2870163917541504,2.278104066848755,2.383714437484741,2.2755885124206543,2.220987558364868,2.232452630996704,2.1177000999450684,1.9434528350830078,1.9388401508331299,1.775667667388916,1.7598631381988525,1.6552445888519287,1.6185486316680908,1.4702292680740356,1.444251537322998,1.4244614839553833,1.244401216506958,1.2349153757095337,1.2187392711639404,1.0788708925247192,1.046108603477478,0.9249241352081299,0.8861150741577148,0.8863765597343445,0.8129886388778687,0.8116230964660645,-220.94786071777344,43.25598907470703,28.946929931640625,15.754523277282715,13.676708221435547,8.358765602111816,8.465344429016113,6.472261905670166,6.0362348556518555,4.822590351104736,3.0769693851470947,2.3638923168182373,2.574343681335449,2.3578531742095947,2.1856818199157715,2.3444879055023193,2.2909271717071533,2.068420648574829,2.005424976348877,2.1196062564849854,0.14822638034820557,0.1736610233783722,0.24303995072841644,0.47382470965385437,0.9357857704162598,0.839327335357666,0.3571159541606903,0.2819477319717407,0.23074503242969513,0.19886939227581024,0.1687706857919693,0.14606378972530365,0.11442237347364426,0.13006886839866638,0.1459188461303711,0.14606347680091858,0.11274456232786179,0.16769906878471375,0.17048496007919312,0.2129124402999878,0.168058842420578,0.14971372485160828,0.12420213967561722,0.10988203436136246,1940.872418108929,6000.169595598898,3045.2133923101214,0.03645229118329466,0.004638258833438158,1170.0,1180.0,1175.0,1226.0,1236.0,1231.0,2,meditation
P8,-5.885616779327393,-7.6217803955078125,-20.23767852783203,-24.871732711791992,-30.403236389160156,-30.890155792236328,-31.879638671875,-34.771446228027344,-35.543846130371094,-37.060890197753906,-37.461856842041016,-38.6096305847168,-39.71581268310547,-41.297794342041016,-41.92119216918945,-41.20280838012695,-40.43155288696289,-40.590660095214844,-42.35676574707031,-43.66116714477539,-43.71875,-42.826011657714844,-43.07306671142578,-43.921932220458984,-44.15255355834961,-44.373050689697266,-44.276859283447266,-43.505889892578125,-43.3411750793457,-42.99725341796875,-41.94977569580078,-43.044517517089844,2.258185386657715,2.663707971572876,2.455562114715576,2.779527425765991,2.9504363536834717,2.652670383453369,2.788058280944824,3.041630506515503,2.6088240146636963,3.0453248023986816,3.826798677444458,3.335569381713867,2.694788694381714,2.4837217330932617,2.1268317699432373,2.8078835010528564,3.891099214553833,3.9167139530181885,3.07066011428833,1.9704502820968628,2.218345880508423,3.3021602630615234,2.937096118927002,2.3677353858947754,2.153869867324829,1.9302512407302856,1.8671611547470093,2.298478364944458,2.100653886795044,1.7775492668151855,1.8311681747436523,1.6603423357009888,-209.93930053710938,41.58845138549805,25.683494567871094,15.190110206604004,13.290854454040527,7.905090808868408,7.841859340667725,6.7002339363098145,5.686489105224609,3.1761465072631836,9.897982597351074,3.2743101119995117,3.998699426651001,3.0569629669189453,2.5645904541015625,2.648024797439575,2.233116626739502,2.4846532344818115,2.205592393875122,2.5027623176574707,0.15016670525074005,0.1791551560163498,0.2625485062599182,0.5412387251853943,0.953603208065033,0.7849263548851013,0.30670198798179626,0.2504148781299591,0.21082548797130585,0.1910245716571808,0.1642000377178192,0.1418592929840088,0.10999937355518341,0.1312854140996933,0.16164730489253998,0.1453019082546234,0.10371333360671997,0.17726477980613708,0.16584670543670654,0.18675097823143005,0.14792709052562714,0.14119595289230347,0.11503773927688599,0.09946296364068985,2161.558886098797,6449.668965704756,3111.317150734328,0.044212677639211134,0.004426303319633007,1180.0,1190.0,1185.0,1236.0,1246.0,1241.0,2,meditation
P8,-6.916413307189941,-9.043591499328613,-21.75577163696289,-26.754619598388672,-33.240638732910156,-32.985740661621094,-34.059226989746094,-36.859344482421875,-37.64704132080078,-39.1821174621582,-39.46360778808594,-41.28418731689453,-42.06871795654297,-43.425682067871094,-44.334930419921875,-44.49522399902344,-44.67589569091797,-44.73023223876953,-45.17165756225586,-46.00382614135742,-46.405181884765625,-46.47384262084961,-46.592308044433594,-46.812957763671875,-46.939449310302734,-47.035919189453125,-46.92044448852539,-46.47195053100586,-46.064430236816406,-45.407135009765625,-44.500389099121094,-45.34577941894531,2.5807056427001953,2.983490467071533,2.32187819480896,2.581818103790283,2.34133243560791,2.203859567642212,2.3842029571533203,2.751187324523926,2.447552442550659,3.1313564777374268,3.5321474075317383,2.534733772277832,2.335402011871338,2.239687204360962,2.0250244140625,1.8686251640319824,1.800859808921814,2.074692726135254,2.041027069091797,1.61271071434021,1.406351089477539,1.384716272354126,1.3489880561828613,1.2734575271606445,1.2578047513961792,1.1201752424240112,1.0319488048553467,1.0495446920394897,1.0350193977355957,0.8749563694000244,0.8323899507522583,0.8735266327857971,-224.34169006347656,43.641170501708984,27.686025619506836,14.655179023742676,13.338493347167969,8.61967945098877,8.97958755493164,7.002833843231201,5.456400394439697,3.591367483139038,4.870091915130615,2.6246986389160156,2.995091676712036,2.925823450088501,2.5245187282562256,2.1340975761413574,2.242056131362915,2.265334367752075,2.0520901679992676,2.3007731437683105,0.1604137420654297,0.18115809559822083,0.2616606056690216,0.5347564220428467,0.9556741714477539,0.8005627393722534,0.33789584040641785,0.2925230860710144,0.2397747039794922,0.213008850812912,0.17776930332183838,0.15127895772457123,0.12767024338245392,0.13919471204280853,0.15843142569065094,0.14240631461143494,0.0947112962603569,0.1743355542421341,0.17781363427639008,0.212875634431839,0.16654881834983826,0.1653231829404831,0.1322055608034134,0.11208727210760117,1975.7363855266865,6080.556889863689,3051.351873794695,0.037552340124709975,0.004567997995764017,1190.0,1200.0,1195.0,1246.0,1256.0,1251.0,2,meditation
P8,-7.7962965965271,-9.624849319458008,-22.93389892578125,-27.702423095703125,-34.37636947631836,-34.063323974609375,-34.61540222167969,-37.64048767089844,-38.515289306640625,-40.998104095458984,-41.47145462036133,-42.70375061035156,-43.416107177734375,-44.55765151977539,-45.10957717895508,-45.37057876586914,-45.57014846801758,-46.029178619384766,-46.457157135009766,-46.96165466308594,-47.35062026977539,-47.238529205322266,-47.34172058105469,-47.61431884765625,-47.561832427978516,-47.699806213378906,-47.50547409057617,-47.28321838378906,-46.754024505615234,-45.98776626586914,-45.19758605957031,-46.125545501708984,2.4055962562561035,2.6753947734832764,2.4002294540405273,2.5042219161987305,2.3888285160064697,2.1659646034240723,2.2987868785858154,2.706744432449341,2.400939464569092,2.2773826122283936,2.256638526916504,2.114393711090088,2.1127524375915527,1.8972303867340088,1.977440595626831,1.7059482336044312,1.7687997817993164,1.5388537645339966,1.5325664281845093,1.4761356115341187,1.402105689048767,1.2315659523010254,1.2187470197677612,1.2134497165679932,1.1910314559936523,1.1476036310195923,1.0852046012878418,1.0948539972305298,1.137884497642517,0.9569617509841919,0.8752318024635315,0.8565405607223511,-229.73440551757812,42.86789321899414,28.479150772094727,15.204569816589355,13.395244598388672,8.565377235412598,8.421833038330078,6.680654525756836,6.0021138191223145,4.433295249938965,3.219632863998413,2.570162296295166,2.5133492946624756,2.3320939540863037,2.220078945159912,2.3260018825531006,2.067639112472534,2.095111608505249,2.066591262817383,2.060662269592285,0.1442434936761856,0.16196762025356293,0.2189309149980545,0.4178348779678345,0.9240242838859558,0.8617489337921143,0.36661621928215027,0.2681242525577545,0.22096547484397888,0.19180871546268463,0.16571272909641266,0.14289134740829468,0.10919234156608582,0.1232261210680008,0.13696612417697906,0.14590713381767273,0.1289912313222885,0.15405504405498505,0.1500931829214096,0.19276650249958038,0.15751735866069794,0.14190463721752167,0.11374416947364807,0.10252366960048676,2006.7446879233305,6198.240091629205,3075.606915862477,0.037758528494779585,0.004470104351639748,1200.0,1210.0,1205.0,1256.0,1266.0,1261.0,2,meditation
P8,-7.716811656951904,-10.01738166809082,-22.97260093688965,-27.94908905029297,-34.55088424682617,-33.968994140625,-35.0206184387207,-38.04587936401367,-38.98160934448242,-41.355369567871094,-42.289588928222656,-43.11649703979492,-43.735633850097656,-44.65216064453125,-45.3231315612793,-45.65214157104492,-45.95218276977539,-46.09854507446289,-46.64152145385742,-47.28615188598633,-47.587162017822266,-47.65717315673828,-47.813907623291016,-47.92481994628906,-47.932193756103516,-48.02540969848633,-47.94581985473633,-47.69208908081055,-47.157066345214844,-46.422035217285156,-45.422637939453125,-46.19188690185547,2.344363212585449,2.862872362136841,2.36122989654541,2.537327766418457,2.3002524375915527,2.1729423999786377,2.4097397327423096,2.2863056659698486,2.2318174839019775,2.1502726078033447,2.212653636932373,2.12713623046875,1.9820990562438965,1.9254189729690552,1.7823724746704102,1.675161600112915,1.6952308416366577,1.6041500568389893,1.4348584413528442,1.3748584985733032,1.2790311574935913,1.2174922227859497,1.205639123916626,1.0328131914138794,1.0999314785003662,0.9608064889907837,0.9147241115570068,0.9260285496711731,0.8412896990776062,0.859895646572113,0.8116291165351868,0.8217905163764954,-231.41819763183594,43.06336975097656,28.646175384521484,15.458048820495605,13.866023063659668,8.4137601852417,8.271280288696289,6.419907569885254,6.06473970413208,4.4104838371276855,2.5999915599823,2.365767002105713,2.199049472808838,2.087193489074707,2.178191900253296,2.077087640762329,2.2032339572906494,1.9428151845932007,1.989126443862915,2.0874176025390625,0.16734345257282257,0.1889043152332306,0.2519048750400543,0.47692403197288513,0.9328993558883667,0.8310397267341614,0.36862826347351074,0.30098381638526917,0.24515822529792786,0.20810113847255707,0.17483113706111908,0.15488681197166443,0.12787707149982452,0.13905440270900726,0.1466943770647049,0.14444613456726074,0.12063656002283096,0.17405728995800018,0.17754431068897247,0.22199207544326782,0.1762658655643463,0.1527729481458664,0.12040390074253082,0.11092893779277802,1964.9949839506016,6093.2469910092805,3062.1413201386167,0.037007413718097446,0.004482053220272064,1210.0,1220.0,1215.0,1266.0,1276.0,1271.0,2,meditation
P8,-5.872106552124023,-8.060176849365234,-21.319616317749023,-26.21112060546875,-32.84698486328125,-32.2122917175293,-33.118011474609375,-36.439666748046875,-37.21430206298828,-39.77242660522461,-40.273216247558594,-41.44643783569336,-42.11400604248047,-43.07238006591797,-43.85852813720703,-44.07099151611328,-44.13481903076172,-44.565338134765625,-45.23850631713867,-45.7044677734375,-45.9466438293457,-45.924461364746094,-46.12693786621094,-46.327327728271484,-46.26905059814453,-46.36602783203125,-46.2315559387207,-45.94180679321289,-45.48879623413086,-44.676124572753906,-43.73109436035156,-44.624107360839844,2.40055251121521,2.896106481552124,2.28863787651062,2.5874698162078857,2.307828903198242,2.128953456878662,2.174893617630005,2.332091808319092,2.3853249549865723,2.2990808486938477,2.321223497390747,2.166816473007202,2.0454370975494385,1.850485920906067,1.7978111505508423,1.7875028848648071,1.700763463973999,1.744914174079895,1.4599387645721436,1.4286528825759888,1.301198124885559,1.2336891889572144,1.2063273191452026,1.1814155578613281,1.097699522972107,1.0592801570892334,1.0213749408721924,0.9786003232002258,0.9159927368164062,0.9133778214454651,0.8180686235427856,0.8603495955467224,-221.8899688720703,43.290313720703125,28.945194244384766,15.453118324279785,13.746843338012695,8.509857177734375,8.35215950012207,6.531153678894043,6.069305419921875,4.479892253875732,2.827096462249756,2.3965156078338623,2.4247684478759766,2.140354871749878,2.2471559047698975,2.1841089725494385,2.144129514694214,2.1934592723846436,2.1198785305023193,2.1350462436676025,0.14318566024303436,0.16256609559059143,0.236799955368042,0.4768769145011902,0.9408127665519714,0.8253182768821716,0.3485754728317261,0.2873952090740204,0.24097304046154022,0.20697174966335297,0.171630859375,0.14326587319374084,0.10727974027395248,0.11729694902896881,0.1394776850938797,0.14048749208450317,0.1159721165895462,0.16760896146297455,0.15204787254333496,0.19356393814086914,0.1625247448682785,0.14471256732940674,0.11799653619527817,0.10194869339466095,1942.1716499815288,6025.774622516677,3047.7465980741526,0.0373110317575406,0.004611725453287363,1220.0,1230.0,1225.0,1276.0,1286.0,1281.0,2,meditation
P8,-5.856990814208984,-8.151482582092285,-21.09895133972168,-25.78228759765625,-32.7227668762207,-32.13039779663086,-33.05489730834961,-36.55168914794922,-37.2690544128418,-39.58039855957031,-40.326358795166016,-41.314449310302734,-41.978782653808594,-42.91157531738281,-43.35649108886719,-43.73213195800781,-44.001983642578125,-44.499881744384766,-44.946956634521484,-45.42063903808594,-45.60771560668945,-45.660030364990234,-45.88408660888672,-46.291664123535156,-46.29957580566406,-46.33283615112305,-46.12702941894531,-45.833255767822266,-45.362892150878906,-44.623321533203125,-43.68402862548828,-44.4112663269043,2.4055113792419434,2.9258029460906982,2.286158323287964,2.65372633934021,2.6403048038482666,2.3036482334136963,2.180504560470581,2.3738090991973877,2.4011425971984863,2.1683690547943115,2.185728073120117,2.3073315620422363,2.3197126388549805,1.970560908317566,1.9918694496154785,1.8012070655822754,1.7141263484954834,1.6002475023269653,1.513800859451294,1.5231400728225708,1.360276460647583,1.3830653429031372,1.2849875688552856,1.223830223083496,1.1129246950149536,1.0705927610397339,0.9676250219345093,0.8825083374977112,0.8741686940193176,0.8254364132881165,0.8431497812271118,0.8322702050209045,-221.1133270263672,43.220733642578125,28.656688690185547,15.613017082214355,14.015125274658203,8.407118797302246,8.309542655944824,6.26345682144165,5.799515724182129,4.525538444519043,3.059774875640869,2.522733688354492,2.7944979667663574,2.3635504245758057,2.2493722438812256,2.308211326599121,2.3353137969970703,2.2584855556488037,2.068571090698242,2.045964002609253,0.17219381034374237,0.18838074803352356,0.2563188672065735,0.4639478027820587,0.9151180982589722,0.8459876179695129,0.3769875764846802,0.2886250615119934,0.24195823073387146,0.20892100036144257,0.18486928939819336,0.16848857700824738,0.15024960041046143,0.15159237384796143,0.16658930480480194,0.17059822380542755,0.1348446160554886,0.16575852036476135,0.158083975315094,0.19268932938575745,0.1671120971441269,0.15513628721237183,0.140875443816185,0.1414135843515396,1955.3531916704915,6057.075206641532,3053.910513872142,0.03707652080916473,0.00453860592097044,1230.0,1240.0,1235.0,1286.0,1296.0,1291.0,2,meditation
P8,-5.932895660400391,-8.15576171875,-21.252410888671875,-26.18244743347168,-33.07521438598633,-32.68048095703125,-33.52036666870117,-36.63374710083008,-37.32618713378906,-39.711490631103516,-40.565834045410156,-41.4038200378418,-42.01929473876953,-43.0688362121582,-43.48919677734375,-44.00602340698242,-44.33596420288086,-44.737022399902344,-45.20083999633789,-45.59620666503906,-45.73439407348633,-45.72150421142578,-45.91267395019531,-46.35722732543945,-46.42879867553711,-46.4645881652832,-46.20623016357422,-45.950035095214844,-45.44198226928711,-44.68107986450195,-43.75786209106445,-44.61115264892578,2.3398804664611816,2.7446372509002686,2.3834683895111084,2.5891449451446533,2.2150256633758545,2.2139670848846436,2.1372926235198975,2.2562646865844727,2.294278144836426,2.2184205055236816,2.0767176151275635,2.1755318641662598,2.1238303184509277,1.8768253326416016,1.8839690685272217,1.7124969959259033,1.6408191919326782,1.583968997001648,1.5035773515701294,1.4551060199737549,1.3557032346725464,1.253738522529602,1.1733388900756836,1.247929334640503,1.1181365251541138,0.9723724126815796,0.9801390767097473,0.9218657612800598,0.9165263175964355,0.8154471516609192,0.7564126253128052,0.823529839515686,-222.06008911132812,42.94668197631836,28.689552307128906,15.61223316192627,13.986838340759277,8.734479904174805,8.69965934753418,6.419336795806885,5.870429992675781,4.71783971786499,2.526118040084839,2.288546085357666,2.266526937484741,2.2258663177490234,2.311836004257202,2.260913848876953,2.0761444568634033,2.0539841651916504,2.0336663722991943,2.0049097537994385,0.1590719223022461,0.17357157170772552,0.2407350093126297,0.4661894142627716,0.9241980910301208,0.8243325352668762,0.3568352460861206,0.29065248370170593,0.24877102673053741,0.22026380896568298,0.18210551142692566,0.1534743458032608,0.1310715526342392,0.13510194420814514,0.14682891964912415,0.1490022987127304,0.13699385523796082,0.16718873381614685,0.16498973965644836,0.20936723053455353,0.1839483082294464,0.18185216188430786,0.14270587265491486,0.11916962265968323,1956.7503120645297,6072.063515081207,3056.784339824682,0.03579407446345707,0.0045593613758683205,1240.0,1250.0,1245.0,1296.0,1306.0,1301.0,2,meditation
P8,-6.149055004119873,-8.281418800354004,-21.201740264892578,-25.850996017456055,-32.69623565673828,-32.144309997558594,-32.875057220458984,-35.988441467285156,-36.84800338745117,-39.53060531616211,-40.42268753051758,-41.23758316040039,-41.982765197753906,-43.07543182373047,-43.655208587646484,-44.07599639892578,-44.446468353271484,-44.73512268066406,-45.24916076660156,-45.529239654541016,-45.84469223022461,-45.91883850097656,-46.132938385009766,-46.263729095458984,-46.45057678222656,-46.4720344543457,-46.23488998413086,-45.94485855102539,-45.47478485107422,-44.61807632446289,-43.838748931884766,-44.73706817626953,2.320343017578125,2.850850820541382,2.25173020362854,2.5885190963745117,2.5220775604248047,2.2855281829833984,2.5788960456848145,2.5862395763397217,2.655940294265747,2.3580663204193115,2.2822186946868896,2.150282621383667,2.1223509311676025,2.101543664932251,1.9201804399490356,1.7604193687438965,1.6552343368530273,1.6344497203826904,1.629908800125122,1.4287784099578857,1.3018498420715332,1.3422839641571045,1.3145856857299805,1.2921531200408936,1.3468992710113525,1.1589175462722778,1.1643043756484985,1.0945227146148682,1.0193791389465332,1.0577274560928345,0.8442456722259521,0.8272024393081665,-221.66148376464844,43.64801025390625,28.882749557495117,15.17801570892334,13.30754280090332,8.214673042297363,8.288651466369629,6.409131050109863,5.804059982299805,4.677597522735596,3.7589313983917236,2.6116793155670166,2.5540049076080322,2.3539531230926514,2.5185964107513428,2.335859537124634,2.2962374687194824,2.23118257522583,2.169410467147827,1.9888924360275269,0.15385808050632477,0.17128853499889374,0.24643968045711517,0.5053651332855225,0.9483745694160461,0.8079938292503357,0.33788084983825684,0.27791815996170044,0.2260846346616745,0.19418475031852722,0.17253178358078003,0.15349647402763367,0.125146746635437,0.13299673795700073,0.15607362985610962,0.1429624855518341,0.10685664415359497,0.17484235763549805,0.16476289927959442,0.19878366589546204,0.15824919939041138,0.14608418941497803,0.12801603972911835,0.11928369104862213,1965.6560935242103,6096.344574753481,3056.67920551531,0.03611242024361949,0.0044995807111263275,1250.0,1260.0,1255.0,1306.0,1316.0,1311.0,2,meditation
P8,-5.860836982727051,-8.305862426757812,-21.30455207824707,-26.147199630737305,-32.75913619995117,-32.10283660888672,-32.71353530883789,-36.193519592285156,-36.798362731933594,-39.4434700012207,-40.34369659423828,-41.15446853637695,-42.043296813964844,-42.90610122680664,-43.366249084472656,-43.78129196166992,-44.120155334472656,-44.554351806640625,-45.050880432128906,-45.542747497558594,-45.668556213378906,-45.853416442871094,-45.94394302368164,-46.284027099609375,-46.26677703857422,-46.338802337646484,-46.165653228759766,-45.907737731933594,-45.39331817626953,-44.537689208984375,-43.7378044128418,-44.54408264160156,2.3995134830474854,2.7394626140594482,2.2213945388793945,2.527958869934082,2.4242045879364014,2.1499171257019043,2.174302577972412,2.4027488231658936,2.3624439239501953,2.164100408554077,2.1530776023864746,2.153208017349243,2.246204137802124,2.1029577255249023,2.1505892276763916,1.9169576168060303,1.9584662914276123,1.7447798252105713,1.5606900453567505,1.430129885673523,1.4630250930786133,1.4866012334823608,1.3370535373687744,1.1543246507644653,1.1807578802108765,1.102262020111084,1.0644444227218628,1.0549705028533936,0.9227524995803833,0.9540690779685974,0.9383313059806824,0.972995400428772,-221.17140197753906,43.398780822753906,28.591638565063477,15.17419147491455,13.557735443115234,8.283292770385742,8.271162986755371,6.4681596755981445,6.122720718383789,4.792722702026367,3.776684045791626,2.3783035278320312,2.806607961654663,2.2296500205993652,2.326094150543213,2.162780523300171,2.1230196952819824,1.9113731384277344,2.0609731674194336,2.0036606788635254,0.15802724659442902,0.17526233196258545,0.24452564120292664,0.4766239523887634,0.9368352890014648,0.8383389711380005,0.3736937642097473,0.30889692902565,0.2536551058292389,0.2121409773826599,0.17905209958553314,0.15565215051174164,0.12843386828899384,0.1374899297952652,0.148445725440979,0.1458139419555664,0.11579246819019318,0.16072039306163788,0.1707761287689209,0.2082245796918869,0.16904152929782867,0.15318003296852112,0.12596286833286285,0.11739654839038849,1958.0302398087856,6062.495978193881,3054.2737045436525,0.036234773781902554,0.004591863136738539,1260.0,1270.0,1265.0,1316.0,1326.0,1321.0,2,meditation
P8,-5.551990032196045,-7.701214790344238,-20.90407943725586,-25.74171257019043,-32.6492805480957,-31.991140365600586,-32.48174285888672,-35.97090530395508,-36.79963302612305,-39.25738525390625,-39.85807800292969,-40.838653564453125,-41.5564079284668,-42.72344970703125,-43.25303649902344,-43.396270751953125,-43.849300384521484,-44.352664947509766,-44.64199447631836,-45.00815200805664,-45.33543014526367,-45.58265686035156,-45.652626037597656,-45.81782913208008,-45.93400573730469,-45.968360900878906,-45.76123809814453,-45.50691604614258,-45.01233673095703,-44.25310516357422,-43.35821533203125,-44.134185791015625,2.3720855712890625,2.729909658432007,2.351149797439575,2.808307647705078,2.325181722640991,2.0614657402038574,2.1536355018615723,2.4085679054260254,2.4333651065826416,2.1868042945861816,2.0942542552948,2.02406644821167,1.9704209566116333,1.878245234489441,1.795892596244812,1.6879465579986572,1.6114481687545776,1.587092399597168,1.4551805257797241,1.3929704427719116,1.283965826034546,1.3758918046951294,1.2907932996749878,1.143444299697876,1.0491019487380981,1.0166915655136108,1.0087084770202637,0.9206328392028809,0.87395179271698,0.8379411101341248,0.7729599475860596,0.9137001633644104,-219.352294921875,43.19831085205078,28.703641891479492,15.36135196685791,13.722432136535645,8.48495864868164,8.481921195983887,6.5669403076171875,5.974164009094238,4.611592769622803,2.7986700534820557,2.4666688442230225,2.3098292350769043,2.2516801357269287,2.248410940170288,2.059231996536255,1.9935835599899292,2.016583204269409,2.1318676471710205,2.0135815143585205,0.15001755952835083,0.1776152402162552,0.24763648211956024,0.48151519894599915,0.9443856477737427,0.8286374807357788,0.34402501583099365,0.2759649157524109,0.23390384018421173,0.20512183010578156,0.17140783369541168,0.14662837982177734,0.10808900743722916,0.12113868445158005,0.14401446282863617,0.140694260597229,0.11167651414871216,0.16254468262195587,0.1618276983499527,0.19535844027996063,0.1587168574333191,0.14563804864883423,0.11552790552377701,0.10218305140733719,1965.5739870837872,6096.144730640951,3061.6303452254806,0.0354406086861949,0.0045270188711583614,1270.0,1280.0,1275.0,1326.0,1336.0,1331.0,2,meditation
P8,-5.872682094573975,-7.9296417236328125,-21.073171615600586,-26.004125595092773,-32.91299819946289,-32.130760192871094,-32.791378021240234,-36.7626838684082,-37.18230056762695,-39.53289031982422,-40.247230529785156,-41.26434326171875,-41.9456672668457,-43.09388732910156,-43.62266159057617,-43.995994567871094,-44.30128860473633,-44.518470764160156,-45.16500473022461,-45.526973724365234,-45.86246109008789,-46.0151481628418,-46.20176696777344,-46.19550323486328,-46.400699615478516,-46.45122146606445,-46.21327590942383,-45.90853500366211,-45.49394226074219,-44.702205657958984,-43.763004302978516,-44.568111419677734,2.4579458236694336,2.5635693073272705,2.377769947052002,2.769641876220703,2.233450174331665,2.13042950630188,2.15585994720459,2.245957136154175,2.257248878479004,2.09576678276062,2.3350584506988525,1.9956717491149902,1.949272871017456,1.901363730430603,1.8547120094299316,1.6579638719558716,1.5845696926116943,1.6318111419677734,1.4082411527633667,1.4408011436462402,1.3119611740112305,1.3143484592437744,1.1971060037612915,1.122302770614624,1.0804705619812012,0.9491525888442993,0.9459400177001953,0.8823347091674805,0.8574731945991516,0.8288677334785461,0.8496467471122742,0.8028366565704346,-221.61611938476562,43.52962875366211,28.90937042236328,15.42261791229248,13.852438926696777,8.542970657348633,8.434253692626953,6.490054607391357,5.859290599822998,4.402320384979248,2.4372856616973877,2.341200828552246,2.3112597465515137,2.241248369216919,2.0230491161346436,2.057588815689087,2.0904271602630615,2.141235589981079,2.0097033977508545,2.112316846847534,0.153293639421463,0.1611170470714569,0.22797487676143646,0.4649505019187927,0.9342004060745239,0.8241690397262573,0.3530219495296478,0.28487780690193176,0.2389056235551834,0.21248814463615417,0.1798643171787262,0.15206997096538544,0.14336934685707092,0.13591675460338593,0.14663861691951752,0.15083087980747223,0.12558048963546753,0.17252962291240692,0.1658046543598175,0.2103593349456787,0.17442429065704346,0.16686227917671204,0.13746792078018188,0.1310144066810608,1945.8101344545541,6031.894848462877,3049.148426722284,0.036084097665313224,0.004600937943905592,1280.0,1290.0,1285.0,1336.0,1346.0,1341.0,2,meditation
P8,-5.829858303070068,-8.003116607666016,-20.788795471191406,-25.727746963500977,-32.663082122802734,-32.157711029052734,-33.213653564453125,-36.30303192138672,-36.8824462890625,-39.2392692565918,-39.83523941040039,-40.968284606933594,-41.64544677734375,-42.74555969238281,-43.237030029296875,-43.83498001098633,-43.88572311401367,-44.10984802246094,-44.66128921508789,-45.074554443359375,-45.42082977294922,-45.643428802490234,-45.755577087402344,-46.032554626464844,-46.07465362548828,-46.1807746887207,-46.01081085205078,-45.71245574951172,-45.342227935791016,-44.50294494628906,-43.501564025878906,-44.36663055419922,2.3199000358581543,2.7105138301849365,2.1651315689086914,2.372070074081421,2.3022754192352295,2.1203949451446533,2.262721538543701,2.2276346683502197,2.310192584991455,2.2098681926727295,2.3548381328582764,2.110290288925171,2.1611249446868896,2.02449893951416,1.9863457679748535,1.9329911470413208,1.9587047100067139,1.9484338760375977,1.6000608205795288,1.4386500120162964,1.4546011686325073,1.2941076755523682,1.1907193660736084,1.200915813446045,1.1118061542510986,1.0368584394454956,0.9524471163749695,0.8951193690299988,0.9328423142433167,0.8572672009468079,0.7972577214241028,0.7956324219703674,-220.14903259277344,43.26945495605469,28.36297607421875,15.488201141357422,13.881684303283691,8.49901294708252,8.652332305908203,6.564508438110352,5.721816539764404,4.1500630378723145,3.1050705909729004,2.1928093433380127,2.8688700199127197,2.4181880950927734,2.2106168270111084,2.117964506149292,2.02188777923584,2.023606777191162,1.986145257949829,2.068128824234009,0.15545642375946045,0.17234578728675842,0.24140794575214386,0.4649565815925598,0.9343458414077759,0.8319094777107239,0.35675427317619324,0.2835169732570648,0.23406484723091125,0.20208069682121277,0.1800227165222168,0.15528380870819092,0.1311311572790146,0.13557222485542297,0.1493270844221115,0.1481136977672577,0.11484842747449875,0.17237606644630432,0.1559908092021942,0.20669355988502502,0.17215751111507416,0.15184710919857025,0.14057597517967224,0.12813253700733185,1963.5585553902504,6072.987794101653,3055.0640617769955,0.03677743438225058,0.0044863540679216385,1290.0,1300.0,1295.0,1346.0,1356.0,1351.0,2,meditation
P8,-5.606961250305176,-7.727166175842285,-20.567733764648438,-25.48721694946289,-32.77997589111328,-32.06227493286133,-32.925559997558594,-36.278934478759766,-36.993446350097656,-39.27553176879883,-40.020450592041016,-41.233787536621094,-41.87068176269531,-42.83211135864258,-43.515663146972656,-43.83592987060547,-44.03769302368164,-44.34145736694336,-44.92169189453125,-45.29682922363281,-45.57716369628906,-45.69337844848633,-45.88054656982422,-45.918540954589844,-46.095462799072266,-46.1760368347168,-46.00069046020508,-45.712501525878906,-45.27262496948242,-44.48070526123047,-43.51939392089844,-44.3184814453125,2.3278160095214844,2.851628541946411,2.5538578033447266,2.619534492492676,2.1945571899414062,2.254042148590088,2.2523281574249268,2.2838826179504395,2.1767594814300537,2.1044328212738037,2.307238817214966,2.0673418045043945,1.875246524810791,2.040929079055786,1.7536170482635498,1.8169499635696411,1.5638117790222168,1.603514313697815,1.5349645614624023,1.4692318439483643,1.347774624824524,1.309051752090454,1.19819974899292,1.1064945459365845,1.0866619348526,1.0175111293792725,0.9951575994491577,0.8963131308555603,0.8955021500587463,0.9195181131362915,0.8502336740493774,0.8162719011306763,-220.30911254882812,43.48810958862305,29.05030059814453,15.673393249511719,13.852517127990723,8.55694580078125,8.561034202575684,6.51080322265625,5.917510032653809,4.2921223640441895,2.4983537197113037,2.2505202293395996,2.3849270343780518,2.3077392578125,2.1484997272491455,2.1519765853881836,2.234774112701416,2.130934238433838,2.059933662414551,2.190654993057251,0.1561686396598816,0.1751892864704132,0.24224261939525604,0.45675021409988403,0.9308525323867798,0.835056722164154,0.3595391511917114,0.2824512720108032,0.23355545103549957,0.19964219629764557,0.17313548922538757,0.15205194056034088,0.13849735260009766,0.1480126529932022,0.16388264298439026,0.15918104350566864,0.11814599484205246,0.16909104585647583,0.17228218913078308,0.21076105535030365,0.16898398101329803,0.1519896388053894,0.13762123882770538,0.13371433317661285,1938.4402710195006,6007.363983649942,3045.25628089225,0.035514247389791184,0.004581633023917675,1300.0,1310.0,1305.0,1356.0,1366.0,1361.0,2,meditation
P8,-6.312605381011963,-8.433828353881836,-21.535200119018555,-26.288305282592773,-33.412841796875,-32.60942840576172,-33.625911712646484,-37.04661560058594,-37.6401481628418,-40.129432678222656,-40.927085876464844,-41.930538177490234,-42.50226974487305,-43.65079879760742,-44.342430114746094,-44.68956756591797,-44.97460174560547,-45.27622985839844,-45.57726287841797,-46.16379165649414,-46.2143669128418,-46.3405876159668,-46.56357955932617,-46.76376724243164,-46.90264892578125,-46.94917297363281,-46.740196228027344,-46.37430953979492,-45.95931625366211,-45.15095138549805,-44.116641998291016,-45.015743255615234,2.242187261581421,2.6450836658477783,2.3302161693573,2.4565932750701904,2.0728046894073486,2.2306580543518066,2.2635765075683594,2.372765064239502,2.1868069171905518,2.223360538482666,2.1578500270843506,2.0095551013946533,1.8723970651626587,1.9752870798110962,1.7819647789001465,1.7561131715774536,1.6700810194015503,1.4754081964492798,1.3976386785507202,1.5085123777389526,1.4310446977615356,1.317457675933838,1.329864501953125,1.309445858001709,1.204031229019165,1.084741473197937,1.0370094776153564,0.9755525588989258,0.9451364874839783,0.9581973552703857,0.8904274106025696,1.0787333250045776,-224.53472900390625,43.41274642944336,29.262557983398438,15.606112480163574,13.754873275756836,8.419275283813477,8.639700889587402,6.416985034942627,5.756664276123047,4.502603530883789,2.537628412246704,2.4631550312042236,2.242140769958496,2.197542190551758,2.075753927230835,2.0201072692871094,2.107442855834961,2.0093705654144287,2.0047919750213623,1.9717410802841187,0.15255345404148102,0.16952452063560486,0.2549738883972168,0.535710871219635,0.9631363153457642,0.7971007823944092,0.3083685636520386,0.2633490264415741,0.22352315485477448,0.20072726905345917,0.17637965083122253,0.1538200080394745,0.12423384189605713,0.11849663406610489,0.14406301081180573,0.13864611089229584,0.0824156105518341,0.1754063218832016,0.1475999504327774,0.18085302412509918,0.14882329106330872,0.14525006711483002,0.12544485926628113,0.12077396363019943,1947.8300593409629,6051.879259715777,3053.4172231016432,0.035480260295823664,0.004542928654700518,1310.0,1320.0,1315.0,1366.0,1376.0,1371.0,2,meditation
P8,-8.717411041259766,-11.098456382751465,-24.37801742553711,-29.133996963500977,-36.122074127197266,-35.684364318847656,-36.54651641845703,-39.593624114990234,-40.10257339477539,-42.52301788330078,-43.1985969543457,-44.355125427246094,-44.888267517089844,-45.98165512084961,-46.857479095458984,-47.12913131713867,-47.23653030395508,-47.43516159057617,-47.96327209472656,-48.5391845703125,-48.84866714477539,-49.055973052978516,-49.174686431884766,-49.43024826049805,-49.545169830322266,-49.605533599853516,-49.28581619262695,-48.988136291503906,-48.578121185302734,-47.95635986328125,-46.951499938964844,-47.69145202636719,2.497150421142578,2.6645541191101074,2.37160587310791,2.677170515060425,2.3593783378601074,2.270291566848755,2.19803524017334,2.527863025665283,2.4691684246063232,2.120483160018921,2.4473133087158203,2.463132381439209,2.4784553050994873,2.2659521102905273,2.0164499282836914,2.0593860149383545,2.0880846977233887,2.2979276180267334,1.8989124298095703,1.6284457445144653,1.4445828199386597,1.34413743019104,1.257673978805542,1.2554917335510254,1.1672645807266235,1.0711617469787598,1.0528104305267334,1.0504058599472046,1.030287265777588,0.9029719829559326,0.835524320602417,0.873691737651825,-239.1074676513672,43.42291259765625,28.469959259033203,15.467941284179688,14.012527465820312,8.701448440551758,8.809028625488281,6.944265842437744,5.894655704498291,4.3450212478637695,4.308509349822998,2.446173906326294,2.9469196796417236,2.2479665279388428,2.2370901107788086,2.2084662914276123,2.188865900039673,2.1869451999664307,2.0694823265075684,2.151207208633423,0.17023558914661407,0.179159477353096,0.23749861121177673,0.4564126431941986,0.940083920955658,0.8172277212142944,0.35034412145614624,0.2791062593460083,0.24643385410308838,0.2190736085176468,0.18989036977291107,0.16990727186203003,0.15061935782432556,0.13933973014354706,0.13738197088241577,0.13962388038635254,0.11738581210374832,0.16715267300605774,0.16208486258983612,0.1956828236579895,0.17823703587055206,0.1799669861793518,0.15817788243293762,0.14583338797092438,1917.5570705337907,5916.0602047382545,3029.4850421518954,0.03492740356728538,0.004832051694393158,1320.0,1330.0,1325.0,1376.0,1386.0,1381.0,2,meditation
P8,-6.196428298950195,-8.470759391784668,-21.619657516479492,-26.526206970214844,-33.121917724609375,-32.32680892944336,-33.422462463378906,-36.635833740234375,-37.136592864990234,-39.653892517089844,-40.35939407348633,-41.7121696472168,-42.325130462646484,-43.446380615234375,-44.03131866455078,-44.212303161621094,-44.44218444824219,-44.66796875,-45.240211486816406,-45.880165100097656,-46.0931396484375,-46.21168518066406,-46.26777267456055,-46.53190612792969,-46.61418914794922,-46.65333938598633,-46.41952896118164,-46.14518737792969,-45.68110275268555,-44.87473678588867,-43.942203521728516,-44.8736686706543,2.417741298675537,2.793565034866333,2.3179709911346436,2.5622851848602295,2.3331751823425293,2.297565221786499,2.308729648590088,2.358764410018921,2.300020217895508,2.0756356716156006,2.366645574569702,2.0161678791046143,2.0234405994415283,1.9665299654006958,1.7394605875015259,1.6594349145889282,1.7473303079605103,1.7444037199020386,1.5824099779129028,1.3850634098052979,1.2908637523651123,1.273864984512329,1.248862862586975,1.1816864013671875,1.0556508302688599,0.9664085507392883,0.9390946626663208,0.8662716746330261,0.9432653784751892,0.8881912231445312,0.7922098636627197,0.8109050989151001,-223.04554748535156,43.265533447265625,28.727188110351562,15.261483192443848,13.573368072509766,8.277127265930176,8.415541648864746,6.791635513305664,6.094760417938232,4.431094646453857,2.71061372756958,2.402859926223755,2.391981363296509,2.2346603870391846,2.242551565170288,2.123589515686035,2.0754661560058594,2.0708603858947754,2.0539841651916504,2.0344016551971436,0.17465348541736603,0.19047623872756958,0.2692115604877472,0.5118611454963684,0.9377321600914001,0.7982334494590759,0.34395790100097656,0.29559218883514404,0.2610969841480255,0.2342270463705063,0.20427319407463074,0.17622075974941254,0.14169497787952423,0.13732628524303436,0.15173855423927307,0.15393005311489105,0.12334109097719193,0.18443627655506134,0.17086061835289001,0.2094193547964096,0.19417856633663177,0.1881147176027298,0.16458956897258759,0.14402088522911072,1950.1099377152725,6037.665347212152,3049.3433220881398,0.036490809889791184,0.004586158785969019,1330.0,1340.0,1335.0,1386.0,1396.0,1391.0,2,meditation
P8,-6.041112899780273,-8.222161293029785,-21.303926467895508,-26.34054183959961,-33.40802764892578,-32.59579849243164,-33.446075439453125,-36.50697708129883,-37.204132080078125,-39.81910705566406,-40.60581588745117,-41.42194366455078,-42.089073181152344,-43.30194854736328,-44.01016616821289,-44.18740463256836,-44.51516342163086,-44.66497802734375,-45.13001251220703,-45.780677795410156,-45.90277099609375,-45.955020904541016,-46.14266586303711,-46.37308883666992,-46.52073287963867,-46.617061614990234,-46.31047058105469,-46.06187438964844,-45.704742431640625,-44.88544464111328,-43.88727951049805,-44.700958251953125,2.2951395511627197,2.658200263977051,2.4930083751678467,2.706521511077881,2.252331256866455,2.192357063293457,2.383617639541626,2.426377296447754,2.4145615100860596,2.1630117893218994,2.245532274246216,2.1498022079467773,2.0919129848480225,1.9367223978042603,1.860312819480896,1.7556650638580322,1.8163402080535889,1.6840962171554565,1.4585003852844238,1.4798626899719238,1.4340074062347412,1.2542827129364014,1.2425462007522583,1.1500036716461182,1.0497536659240723,1.0007565021514893,0.9611917734146118,0.8803281784057617,0.8615007400512695,0.793954610824585,0.74615877866745,0.8133721351623535,-222.6780242919922,43.1477165222168,28.743776321411133,15.544920921325684,13.74817180633545,8.52617359161377,8.744817733764648,6.696022987365723,6.04226541519165,4.52927303314209,2.7122600078582764,2.4612741470336914,2.4494779109954834,2.313328742980957,2.205353260040283,2.29469895362854,2.21926212310791,2.1028785705566406,1.9656975269317627,2.065916061401367,0.14872582256793976,0.16832876205444336,0.22895875573158264,0.4222312867641449,0.9277004599571228,0.8615369200706482,0.3845290541648865,0.2928224503993988,0.24885006248950958,0.21365849673748016,0.174103781580925,0.14694958925247192,0.11301515996456146,0.1281474530696869,0.14215746521949768,0.14936941862106323,0.1217990517616272,0.14518457651138306,0.16387274861335754,0.21723724901676178,0.17597369849681854,0.1575697362422943,0.12293798476457596,0.10592193901538849,1954.2394507191343,6045.534209142981,3053.3585568036,0.03666074535962877,0.004528586752712727,1340.0,1350.0,1345.0,1396.0,1406.0,1401.0,2,meditation
P8,-4.6933465003967285,-6.635925769805908,-19.6915340423584,-24.61031723022461,-31.56035804748535,-31.000917434692383,-31.827680587768555,-35.18053436279297,-35.69015884399414,-38.05789566040039,-39.067909240722656,-40.13383483886719,-40.604400634765625,-41.76839065551758,-42.459808349609375,-42.58394241333008,-42.9115104675293,-43.189231872558594,-43.67093276977539,-44.19491195678711,-44.415977478027344,-44.467041015625,-44.72327423095703,-44.9430046081543,-44.999717712402344,-45.08705139160156,-44.793212890625,-44.46879577636719,-44.074275970458984,-43.39590835571289,-42.38121795654297,-43.20494842529297,2.1378159523010254,2.7138543128967285,2.3622844219207764,2.761262893676758,2.2770538330078125,2.2437281608581543,2.2556278705596924,2.2366294860839844,2.173504114151001,2.0695550441741943,2.131685733795166,2.1148571968078613,2.186333417892456,1.9469188451766968,1.8130121231079102,1.6683028936386108,1.7633121013641357,1.6505382061004639,1.5413353443145752,1.4427688121795654,1.3228976726531982,1.2586674690246582,1.235995888710022,1.1507731676101685,1.0701498985290527,1.0887221097946167,0.9694006443023682,0.9345168471336365,0.8874611258506775,0.8127225637435913,0.7986209392547607,0.8578764796257019,-213.98605346679688,43.28860092163086,28.860471725463867,15.537620544433594,13.772468566894531,8.43146800994873,8.481832504272461,6.637424468994141,5.877028942108154,4.410064697265625,2.9372146129608154,2.3310837745666504,2.2851943969726562,2.2767386436462402,2.182140827178955,2.071218967437744,2.149888753890991,2.0518178939819336,2.1389689445495605,2.005404233932495,0.1428556889295578,0.16193638741970062,0.23567697405815125,0.47593557834625244,0.9375886917114258,0.8111825585365295,0.3384026885032654,0.2739463150501251,0.22854964435100555,0.20238639414310455,0.1729070544242859,0.14508675038814545,0.1121966615319252,0.11773526668548584,0.13162215054035187,0.143611341714859,0.12704741954803467,0.17540715634822845,0.16453608870506287,0.2075607031583786,0.17016275227069855,0.16289092600345612,0.13618628680706024,0.11648539453744888,1966.2993590693686,6094.121309001595,3059.8029267950346,0.03619172346287703,0.0044544897973537445,1350.0,1360.0,1355.0,1406.0,1416.0,1411.0,2,meditation
P8,-6.055431842803955,-8.286806106567383,-21.306751251220703,-26.29837989807129,-33.028785705566406,-32.48705291748047,-33.25687026977539,-36.74280548095703,-37.10958480834961,-39.63712692260742,-40.67760467529297,-41.4744987487793,-42.02162170410156,-43.39577102661133,-43.90694046020508,-44.1162223815918,-44.510494232177734,-44.86483383178711,-45.268394470214844,-45.64183807373047,-45.96794509887695,-46.07080078125,-46.22747802734375,-46.44254684448242,-46.53586196899414,-46.64636993408203,-46.42607879638672,-46.095211029052734,-45.62036895751953,-44.90303421020508,-44.00963592529297,-44.76776885986328,2.2942991256713867,2.551715850830078,2.3090031147003174,2.572934865951538,2.2270522117614746,2.136052370071411,2.2217040061950684,2.420590400695801,2.41367244720459,2.277238607406616,2.222395181655884,2.193638563156128,2.1284663677215576,1.8957833051681519,1.9300225973129272,1.7107411623001099,1.5529863834381104,1.5744818449020386,1.496576189994812,1.4190454483032227,1.3898500204086304,1.259585976600647,1.2665027379989624,1.2093687057495117,1.065963625907898,1.0639256238937378,1.0347936153411865,0.9479208588600159,0.8976567387580872,0.8484406471252441,0.8650292158126831,0.8822463154792786,-222.7034454345703,43.3959846496582,28.8070011138916,15.46823787689209,13.686897277832031,8.463643074035645,8.568249702453613,6.576673984527588,5.899526596069336,4.541837692260742,2.9282474517822266,2.386275291442871,2.2701523303985596,2.3788552284240723,2.1524240970611572,2.1771116256713867,2.106114149093628,2.1803700923919678,2.0173377990722656,1.990659475326538,0.14888688921928406,0.17394863069057465,0.24375683069229126,0.5061776638031006,0.9497057795524597,0.8023394346237183,0.3467237651348114,0.31502243876457214,0.26007214188575745,0.21659189462661743,0.17531202733516693,0.1473616510629654,0.12210182100534439,0.1416330635547638,0.1617276519536972,0.13960528373718262,0.10473565012216568,0.16734474897384644,0.18145553767681122,0.226688951253891,0.18339648842811584,0.15418295562267303,0.12308426946401596,0.11486417055130005,1948.1479414294106,6044.06035881308,3050.67475743369,0.03679895954176334,0.004544968716800213,1360.0,1370.0,1365.0,1416.0,1426.0,1421.0,2,meditation
P8,-6.272119998931885,-8.53891372680664,-21.491994857788086,-26.3151798248291,-33.356929779052734,-32.60786819458008,-33.57160568237305,-36.8851318359375,-37.597755432128906,-40.1671257019043,-40.85729217529297,-41.79355239868164,-42.50513458251953,-43.5045280456543,-44.04246139526367,-44.385032653808594,-44.871944427490234,-45.11534881591797,-45.524322509765625,-45.96990966796875,-46.301658630371094,-46.24885940551758,-46.4423942565918,-46.739967346191406,-46.726951599121094,-46.79309844970703,-46.5047492980957,-46.26465606689453,-45.848876953125,-45.0716438293457,-44.12271499633789,-45.08937072753906,2.3065414428710938,2.7695653438568115,2.511216163635254,2.7867112159729004,2.1213219165802,2.0414600372314453,2.04453444480896,2.253180503845215,2.4018783569335938,2.21476674079895,2.1001360416412354,1.9983727931976318,2.1298418045043945,2.0280022621154785,1.7678165435791016,1.6581425666809082,1.6907439231872559,1.5036954879760742,1.4748117923736572,1.3701295852661133,1.4032517671585083,1.2721177339553833,1.1179957389831543,1.1357468366622925,1.1251578330993652,1.0361801385879517,0.9483325481414795,0.9240854382514954,0.9226982593536377,0.8440023064613342,0.8290512561798096,0.8459465503692627,-224.06961059570312,43.287601470947266,29.0216064453125,15.586908340454102,13.75151252746582,8.571107864379883,8.3659029006958,6.445706844329834,5.815748691558838,4.594817638397217,2.5522000789642334,2.1822354793548584,2.3154544830322266,2.195148229598999,2.1641032695770264,2.005275011062622,2.061405897140503,1.9918553829193115,2.1575045585632324,2.128917694091797,0.15593861043453217,0.17303305864334106,0.23925629258155823,0.48637592792510986,0.9569664001464844,0.8130799531936646,0.3485499620437622,0.29003211855888367,0.23480619490146637,0.20263777673244476,0.1710052192211151,0.15095306932926178,0.12288374453783035,0.12624336779117584,0.1374504566192627,0.1319447010755539,0.09624763578176498,0.1635199934244156,0.1686975508928299,0.2099534571170807,0.16428698599338531,0.14854417741298676,0.12520942091941833,0.11558293551206589,1952.2774069467398,6061.721582257831,3052.7423822833366,0.035749891241299306,0.004527048207819462,1370.0,1380.0,1375.0,1426.0,1436.0,1431.0,2,meditation
P8,-6.512106418609619,-8.661181449890137,-21.553001403808594,-26.55335807800293,-33.23217010498047,-32.34601593017578,-33.373146057128906,-37.153141021728516,-37.42677688598633,-39.82147979736328,-40.54490661621094,-41.72560119628906,-42.41505813598633,-43.50071334838867,-44.16675567626953,-44.40281677246094,-44.680477142333984,-44.9029426574707,-45.52139663696289,-46.066017150878906,-46.13251495361328,-46.34671401977539,-46.480857849121094,-46.68499755859375,-46.73896026611328,-46.796051025390625,-46.61279296875,-46.363243103027344,-45.845542907714844,-45.139225006103516,-44.21209716796875,-45.01368713378906,2.2398688793182373,2.5063815116882324,2.202956438064575,2.618239164352417,2.1035637855529785,2.194976329803467,2.183852434158325,2.404463529586792,2.312659740447998,2.0002667903900146,2.2685182094573975,2.135615348815918,1.9719949960708618,1.955883502960205,1.8890382051467896,1.7227057218551636,1.5907963514328003,1.5736008882522583,1.5706734657287598,1.4655102491378784,1.2638838291168213,1.3133976459503174,1.2148655652999878,1.1667790412902832,1.0821343660354614,0.9824235439300537,1.013258934020996,0.9979441165924072,0.9082047343254089,0.8823757767677307,0.7626210451126099,0.8722732067108154,-223.96295166015625,43.38761520385742,28.730632781982422,15.313776016235352,13.54422378540039,8.366543769836426,8.381062507629395,6.482075214385986,5.812949180603027,4.315945625305176,2.6517412662506104,2.2266790866851807,2.233649969100952,2.1645147800445557,2.111168384552002,2.109670877456665,1.982637643814087,1.9678070545196533,2.092867612838745,2.1498184204101562,0.1639336496591568,0.18338264524936676,0.25584518909454346,0.47836795449256897,0.9327042102813721,0.8137542605400085,0.3546743392944336,0.2889370918273926,0.24278827011585236,0.21119165420532227,0.17854484915733337,0.1551378220319748,0.12972350418567657,0.13419659435749054,0.1602795571088791,0.1764298528432846,0.1254289597272873,0.17985884845256805,0.15655279159545898,0.19866646826267242,0.16793422400951385,0.15808770060539246,0.1301722526550293,0.11494892835617065,1968.3062295121765,6105.087754676624,3061.651244795449,0.03754440980278422,0.004433313384652138,1380.0,1390.0,1385.0,1436.0,1446.0,1441.0,2,meditation
P8,-5.407365798950195,-7.730222702026367,-20.553531646728516,-25.809728622436523,-32.7774658203125,-31.894569396972656,-32.74223709106445,-36.00330352783203,-36.64700698852539,-39.09077835083008,-39.9343376159668,-41.14204025268555,-41.71949768066406,-42.77865982055664,-43.46098327636719,-43.67026138305664,-44.1470832824707,-44.3669319152832,-44.70830535888672,-45.17190170288086,-45.413185119628906,-45.45542526245117,-45.646888732910156,-46.098182678222656,-46.11031723022461,-46.12662124633789,-45.897239685058594,-45.55861282348633,-45.16546630859375,-44.38221740722656,-43.39727020263672,-44.28607940673828,2.2709991931915283,2.7993664741516113,2.2163429260253906,2.715959310531616,2.295884847640991,2.100151777267456,2.203542470932007,2.3408219814300537,2.3721230030059814,2.1635076999664307,2.1983532905578613,2.1790528297424316,2.1096115112304688,1.823154330253601,1.7698684930801392,1.7855582237243652,1.6471683979034424,1.5388944149017334,1.5106314420700073,1.4448752403259277,1.3695889711380005,1.2661784887313843,1.1585195064544678,1.1787961721420288,1.097589373588562,0.9474886655807495,0.9047614932060242,0.9787951707839966,0.8811127543449402,0.8195711374282837,0.7847746014595032,0.8257153630256653,-219.78533935546875,43.490203857421875,28.953392028808594,15.5149564743042,13.666738510131836,8.396524429321289,8.735593795776367,6.744662284851074,5.956857681274414,4.685571193695068,2.5725154876708984,2.238413095474243,2.2549121379852295,2.260265350341797,2.03153657913208,2.182290554046631,2.104231595993042,1.9983898401260376,2.0425970554351807,1.9707181453704834,0.15600281953811646,0.1752089262008667,0.24895408749580383,0.48306891322135925,0.940931499004364,0.818797767162323,0.35078808665275574,0.28563836216926575,0.23899248242378235,0.21161608397960663,0.1833161860704422,0.1567903608083725,0.12583835422992706,0.1315963715314865,0.15463578701019287,0.16072624921798706,0.12264193594455719,0.16719168424606323,0.17053087055683136,0.21715645492076874,0.18049371242523193,0.16395312547683716,0.13861535489559174,0.12282071262598038,1940.3164115147233,6029.171972429669,3047.144275883089,0.0333979843387471,0.004584794398397207,1390.0,1400.0,1395.0,1446.0,1456.0,1451.0,2,meditation
P8,-5.56369161605835,-7.7306647300720215,-20.75387191772461,-25.87904930114746,-32.60200881958008,-32.114845275878906,-33.04545211791992,-36.00471115112305,-36.629756927490234,-38.967201232910156,-39.981239318847656,-40.9934196472168,-41.527587890625,-42.583133697509766,-43.17509078979492,-43.57568359375,-43.92634201049805,-44.10734558105469,-44.56703186035156,-44.937564849853516,-45.26689529418945,-45.3536376953125,-45.5858268737793,-45.95620346069336,-45.91682052612305,-45.9594841003418,-45.771366119384766,-45.44862365722656,-45.032535552978516,-44.24885940551758,-43.27220916748047,-44.11509323120117,2.2850568294525146,2.7608067989349365,2.3341495990753174,2.592017889022827,2.272444725036621,2.2654433250427246,2.154791831970215,2.309051036834717,2.1974058151245117,2.1725687980651855,2.2734711170196533,2.197056531906128,2.0714077949523926,1.9217677116394043,1.8466169834136963,1.7890323400497437,1.6310217380523682,1.5487546920776367,1.4658280611038208,1.3909006118774414,1.3108528852462769,1.3801077604293823,1.223760962486267,1.257664680480957,1.227479338645935,1.1805661916732788,1.1020760536193848,0.9715496897697449,0.9197231531143188,0.8154703378677368,0.7963805198669434,0.8337302803993225,-219.30796813964844,43.02756881713867,28.577232360839844,15.443408966064453,13.829254150390625,8.499805450439453,8.72857666015625,6.725582122802734,5.913749694824219,4.554819107055664,2.7583320140838623,2.4751265048980713,2.27742338180542,2.410118818283081,2.2559995651245117,2.102001905441284,2.034344434738159,2.0451860427856445,2.0796196460723877,1.9761955738067627,0.15523506700992584,0.1689268797636032,0.22805826365947723,0.431926965713501,0.9237574338912964,0.8484274744987488,0.3661101758480072,0.2766511142253876,0.23396724462509155,0.2044447809457779,0.17712292075157166,0.15415622293949127,0.11908107250928879,0.11962086707353592,0.13315042853355408,0.15062525868415833,0.1314287632703781,0.15998518466949463,0.14704780280590057,0.18671022355556488,0.1521519422531128,0.14120502769947052,0.11885129660367966,0.11386503279209137,1966.562540154712,6101.815307333962,3062.054249449926,0.03695303436774942,0.0044988589361310005,1400.0,1410.0,1405.0,1456.0,1466.0,1461.0,2,meditation
P8,-6.813739776611328,-9.053516387939453,-22.013639450073242,-26.982738494873047,-33.73774719238281,-33.28828430175781,-34.2110481262207,-37.30701446533203,-37.97930145263672,-40.335899353027344,-41.0560188293457,-42.194400787353516,-42.50007247924805,-43.652889251708984,-44.389583587646484,-44.58984375,-44.89719772338867,-45.16628646850586,-45.72636413574219,-46.294315338134766,-46.54197311401367,-46.6434440612793,-46.679473876953125,-46.96784210205078,-47.07390213012695,-47.09492492675781,-46.88457107543945,-46.604671478271484,-46.15730667114258,-45.35545349121094,-44.36284637451172,-45.26010513305664,2.404127597808838,2.92852520942688,2.494800090789795,2.848841905593872,2.2427361011505127,2.0816283226013184,2.296565055847168,2.1604700088500977,2.2560272216796875,2.2694053649902344,2.2987263202667236,2.093362808227539,2.038428783416748,2.0501818656921387,1.935192346572876,1.7853556871414185,1.781036376953125,1.7929041385650635,1.5321614742279053,1.4698586463928223,1.4863393306732178,1.4560247659683228,1.2312991619110107,1.176916480064392,1.1092875003814697,1.0958147048950195,1.026504635810852,1.0319794416427612,0.9090905785560608,0.8828060626983643,0.7782350778579712,0.8445301651954651,-225.88815307617188,42.839881896972656,28.478633880615234,15.34714412689209,13.971144676208496,8.638936042785645,8.508964538574219,6.504443168640137,5.9231133460998535,4.408594608306885,3.2358644008636475,2.3742828369140625,2.6869328022003174,2.2456696033477783,2.101486921310425,2.009695053100586,2.0832667350769043,2.0146896839141846,1.9944578409194946,2.205420970916748,0.16196808218955994,0.1686805635690689,0.2289724200963974,0.44201788306236267,0.9360045790672302,0.8564622402191162,0.3740048408508301,0.28960809111595154,0.24124154448509216,0.20593692362308502,0.185380756855011,0.16653168201446533,0.12422514706850052,0.12208843976259232,0.13831253349781036,0.14783963561058044,0.10867998749017715,0.15380728244781494,0.15956923365592957,0.2086561620235443,0.1712358444929123,0.15004858374595642,0.1346970498561859,0.12406943738460541,1979.8131922901546,6133.315735571346,3067.8140299293354,0.03659730278422274,0.004475649446249008,1410.0,1420.0,1415.0,1466.0,1476.0,1471.0,2,meditation
P8,-6.035644054412842,-8.344978332519531,-21.60675811767578,-26.538816452026367,-33.42759323120117,-33.10335159301758,-34.278594970703125,-36.7766227722168,-37.5783576965332,-40.04067611694336,-40.558963775634766,-41.743865966796875,-42.48507308959961,-43.535179138183594,-44.1011962890625,-44.40460968017578,-44.787837982177734,-45.008201599121094,-45.45310592651367,-45.9518928527832,-46.31424331665039,-46.405921936035156,-46.454063415527344,-46.71653747558594,-46.81142044067383,-46.84151077270508,-46.643959045410156,-46.398799896240234,-45.90981674194336,-45.07998275756836,-44.070648193359375,-44.9624137878418,2.2207181453704834,2.796480655670166,2.297985315322876,2.599235773086548,2.308060884475708,2.1202871799468994,2.2120726108551025,2.366119146347046,2.296811580657959,2.162604570388794,2.288007974624634,2.0829787254333496,2.084475517272949,1.9593983888626099,1.797858476638794,1.8272072076797485,1.8056042194366455,1.6906490325927734,1.3992373943328857,1.3963834047317505,1.3334858417510986,1.2805323600769043,1.2242660522460938,1.1153833866119385,1.0393009185791016,1.0080219507217407,0.9819182753562927,0.8916859030723572,0.8728755712509155,0.8422356247901917,0.76008540391922,0.7869457602500916,-224.21835327148438,43.199092864990234,28.851381301879883,15.518067359924316,14.087641716003418,8.817464828491211,8.918681144714355,6.808868885040283,6.0476908683776855,4.35115909576416,2.611457109451294,2.3051443099975586,2.3033273220062256,2.2510809898376465,2.276397705078125,2.084223508834839,2.073796033859253,2.0758819580078125,2.057271718978882,2.1087892055511475,0.15931986272335052,0.17667651176452637,0.2514893412590027,0.4701814353466034,0.925681471824646,0.8411952257156372,0.37590500712394714,0.30425140261650085,0.2617926597595215,0.228267639875412,0.1801588386297226,0.15318718552589417,0.1310584843158722,0.13833998143672943,0.1591678261756897,0.17353494465351105,0.1302148848772049,0.16223043203353882,0.16410310566425323,0.2182627171278,0.18750576674938202,0.16941805183887482,0.1265234649181366,0.11161769181489944,1939.381928061619,6027.5232585013055,3049.3461209898423,0.03431450297273782,0.004606084898114204,1420.0,1430.0,1425.0,1476.0,1486.0,1481.0,2,meditation
P8,-5.677474021911621,-7.862146854400635,-20.784719467163086,-25.575510025024414,-32.07162857055664,-31.864503860473633,-33.056541442871094,-35.856414794921875,-36.71365737915039,-39.163246154785156,-38.98207473754883,-40.19141387939453,-40.95283508300781,-41.93518829345703,-43.09230422973633,-43.17380905151367,-43.24748229980469,-43.06816864013672,-43.941280364990234,-44.99702453613281,-45.258148193359375,-45.24839401245117,-45.15163803100586,-45.55191421508789,-45.71702194213867,-45.75690460205078,-45.560977935791016,-45.26706314086914,-44.75930404663086,-44.113609313964844,-43.17055130004883,-44.03213882446289,2.0961692333221436,2.9003262519836426,2.4424829483032227,2.5210630893707275,2.326777458190918,2.222736358642578,2.3992621898651123,2.4959287643432617,2.408477306365967,2.4617505073547363,3.2287261486053467,2.8948826789855957,2.608889102935791,2.5252933502197266,1.892735242843628,1.9306070804595947,2.1572024822235107,2.841123342514038,2.044238328933716,1.4797520637512207,1.3201391696929932,1.3740489482879639,1.5446885824203491,1.2945747375488281,1.192598581314087,1.1476325988769531,1.0437251329421997,1.0091607570648193,1.0125364065170288,0.9016520380973816,0.8623796701431274,0.8651634454727173,-217.7526397705078,42.96274185180664,27.68497085571289,15.165024757385254,14.013506889343262,8.707209587097168,8.433025360107422,6.538814544677734,5.5707197189331055,3.820904493331909,4.796823024749756,2.6453611850738525,3.1521108150482178,2.589380979537964,2.259713649749756,2.2572271823883057,2.1352996826171875,2.108532428741455,2.1629998683929443,2.488348960876465,0.14956031739711761,0.1713298261165619,0.24820320308208466,0.49187833070755005,0.9412367343902588,0.8207483291625977,0.34622922539711,0.2813557982444763,0.23023170232772827,0.1990584284067154,0.17260713875293732,0.14742183685302734,0.12973587214946747,0.13291649520397186,0.14855502545833588,0.14393138885498047,0.11226679384708405,0.16572535037994385,0.1770922988653183,0.2101535201072693,0.1691921204328537,0.15464071929454803,0.13751588761806488,0.12347632646560669,2003.42595661942,6177.606187010586,3072.1131285645006,0.03737447433294663,0.004464931320399046,1430.0,1440.0,1435.0,1486.0,1496.0,1491.0,2,meditation
P8,-6.6601643562316895,-8.491616249084473,-21.800840377807617,-26.82533836364746,-33.37630844116211,-32.87099075317383,-33.84845733642578,-36.85418701171875,-37.733985900878906,-40.086490631103516,-40.68510818481445,-41.80632781982422,-42.515296936035156,-43.722625732421875,-44.21915817260742,-44.42700958251953,-44.658958435058594,-44.87788772583008,-45.58620834350586,-46.240638732910156,-46.319461822509766,-46.432247161865234,-46.6020622253418,-46.815006256103516,-46.947357177734375,-46.969242095947266,-46.6752815246582,-46.418880462646484,-45.92115020751953,-45.241878509521484,-44.37632369995117,-45.15397644042969,2.2392501831054688,2.686608076095581,2.2445030212402344,2.6299047470092773,2.1832292079925537,2.1000478267669678,2.230848789215088,2.3898210525512695,2.3341031074523926,2.0476253032684326,2.295563220977783,2.1238081455230713,1.881823182106018,1.8839296102523804,1.776758074760437,1.6610487699508667,1.8122472763061523,1.7250341176986694,1.5485535860061646,1.4032992124557495,1.3655788898468018,1.2247918844223022,1.1902104616165161,1.1485214233398438,1.0670582056045532,0.9674454927444458,0.9085201621055603,0.9327559471130371,0.9021486639976501,0.863946795463562,0.8224161863327026,0.7983291149139404,-224.7115478515625,43.247413635253906,28.60130500793457,15.363041877746582,13.785260200500488,8.511470794677734,8.412330627441406,6.7148518562316895,5.95505952835083,4.400758266448975,2.5142946243286133,2.4125492572784424,2.486391067504883,2.2580034732818604,2.274325370788574,2.0019657611846924,1.9732003211975098,2.1245334148406982,2.124323844909668,1.974441409111023,0.15381218492984772,0.17219486832618713,0.23015722632408142,0.453480064868927,0.9353716373443604,0.8330067992210388,0.333574503660202,0.25781816244125366,0.22328507900238037,0.20200759172439575,0.1743980497121811,0.15150780975818634,0.12968645989894867,0.1359352022409439,0.14279599487781525,0.14083971083164215,0.12139911204576492,0.16471520066261292,0.15145699679851532,0.18301835656166077,0.16291242837905884,0.1582416594028473,0.12771520018577576,0.1148858442902565,1963.7092818320932,6090.524114976073,3057.9961546366903,0.035947016386310905,0.004488248378038406,1440.0,1450.0,1445.0,1496.0,1506.0,1501.0,2,meditation
P8,-5.472104072570801,-7.54663610458374,-20.278291702270508,-25.203506469726562,-32.178001403808594,-31.60135841369629,-32.683406829833984,-35.497642517089844,-36.3023681640625,-38.62175369262695,-39.126705169677734,-40.192874908447266,-40.92409133911133,-41.90355682373047,-42.57069396972656,-42.94148254394531,-42.961585998535156,-43.217308044433594,-43.942264556884766,-44.56671142578125,-44.78214645385742,-44.963539123535156,-45.1233024597168,-45.511627197265625,-45.45273208618164,-45.5445556640625,-45.40952682495117,-45.17746353149414,-44.6638069152832,-43.96369171142578,-43.032711029052734,-43.859588623046875,2.3243510723114014,2.776888370513916,2.4586613178253174,2.7863175868988037,2.655033826828003,2.725846529006958,2.7775495052337646,2.8384933471679688,2.76806902885437,2.60024356842041,2.6570732593536377,2.8742799758911133,3.192671298980713,3.0973856449127197,3.132951021194458,2.8303396701812744,2.712261915206909,2.643160104751587,2.279492139816284,1.8369166851043701,1.566527009010315,1.455682396888733,1.5757675170898438,1.3745794296264648,1.4085921049118042,1.186036467552185,1.1614054441452026,1.114741563796997,0.9522995352745056,0.8506503701210022,0.8342980146408081,0.8447226881980896,-216.58982849121094,43.2204475402832,27.768756866455078,15.31262493133545,13.942473411560059,8.533467292785645,8.451215744018555,6.6021318435668945,5.776910781860352,4.129192352294922,6.2014946937561035,3.3839528560638428,4.505899429321289,2.911324977874756,2.4233169555664062,2.299182176589966,2.3060832023620605,2.2286949157714844,2.100252389907837,2.1592485904693604,0.17559586465358734,0.19015318155288696,0.2519363760948181,0.4565885663032532,0.9292967319488525,0.8504325747489929,0.36128443479537964,0.26862385869026184,0.23469257354736328,0.2154400646686554,0.18947042524814606,0.17088019847869873,0.13786326348781586,0.14056284725666046,0.15956832468509674,0.1686418056488037,0.12111267447471619,0.15689478814601898,0.15136152505874634,0.19374629855155945,0.16466066241264343,0.15604427456855774,0.1289900690317154,0.12781432271003723,1972.4029683369733,6059.198550337152,3049.071740069089,0.036890724695475635,0.004464682657271624,1450.0,1460.0,1455.0,1506.0,1516.0,1511.0,2,meditation
P8,-6.040302276611328,-8.224081039428711,-21.151582717895508,-26.1452693939209,-32.77447509765625,-32.63263702392578,-33.736053466796875,-36.39870071411133,-37.15938949584961,-39.69660949707031,-40.24213409423828,-41.36533737182617,-42.14016342163086,-43.40481948852539,-43.83953857421875,-43.97994613647461,-44.25114059448242,-44.39744567871094,-44.97449493408203,-45.5567626953125,-45.788734436035156,-45.8834114074707,-46.10853576660156,-46.388004302978516,-46.385433197021484,-46.45615768432617,-46.294918060302734,-45.92188262939453,-45.4400749206543,-44.74851989746094,-43.778038024902344,-44.558692932128906,2.4376258850097656,2.7217824459075928,2.178950309753418,2.487846851348877,2.278376817703247,2.1276867389678955,2.2180957794189453,2.337207078933716,2.293614387512207,2.246934413909912,2.2736563682556152,2.112557888031006,1.9339330196380615,1.9027091264724731,1.7363052368164062,1.7013657093048096,1.6914355754852295,1.8008742332458496,1.575996994972229,1.3676685094833374,1.2679734230041504,1.2108826637268066,1.204080581665039,1.1512706279754639,1.1161431074142456,0.9771502017974854,0.9416576027870178,0.9407787322998047,0.8832823038101196,0.8483217358589172,0.8278236985206604,0.8159183263778687,-222.00735473632812,43.08854675292969,28.71689796447754,15.574370384216309,13.914283752441406,8.394240379333496,8.606109619140625,6.787236213684082,5.86562967300415,4.165024280548096,2.509925127029419,2.3579049110412598,2.2969155311584473,2.382917881011963,2.304553270339966,2.140071392059326,1.9865505695343018,2.1533567905426025,1.9933092594146729,2.00826358795166,0.1590864062309265,0.18480388820171356,0.2563684582710266,0.46730467677116394,0.9250083565711975,0.8346346616744995,0.36443623900413513,0.27843356132507324,0.2367088496685028,0.2069031298160553,0.17557796835899353,0.15393280982971191,0.1256735473871231,0.1427832692861557,0.1707780808210373,0.1758188009262085,0.1298973709344864,0.1700117588043213,0.15036368370056152,0.18200643360614777,0.15438206493854523,0.15007640421390533,0.12519437074661255,0.1086018979549408,1951.8302326222818,6053.6029151863395,3054.145516126718,0.03616000217517401,0.004522497765719891,1460.0,1470.0,1465.0,1516.0,1526.0,1521.0,2,meditation
P8,-5.540748596191406,-7.402804851531982,-20.471893310546875,-25.510866165161133,-32.236270904541016,-32.10700988769531,-33.48892593383789,-35.78921127319336,-36.5056266784668,-38.966583251953125,-39.90055847167969,-41.136775970458984,-41.67136001586914,-42.517303466796875,-43.16975021362305,-43.457557678222656,-43.738868713378906,-44.20611572265625,-44.690818786621094,-44.95263671875,-45.12960433959961,-45.330020904541016,-45.43257141113281,-45.59967803955078,-45.663578033447266,-45.8312873840332,-45.63405990600586,-45.24272155761719,-44.80083084106445,-44.08366394042969,-43.08539962768555,-43.86717987060547,2.313164710998535,2.810214042663574,2.3240034580230713,2.5549049377441406,2.356449842453003,2.2969484329223633,2.5060362815856934,2.4174082279205322,2.258920907974243,2.165494203567505,2.1855781078338623,2.0599119663238525,2.062808036804199,1.8813297748565674,1.824073314666748,1.7644726037979126,1.5232475996017456,1.540212631225586,1.5550910234451294,1.349664330482483,1.3213671445846558,1.2352389097213745,1.144051432609558,1.1179900169372559,1.0662553310394287,1.0227088928222656,0.9530675411224365,0.9212982058525085,0.8770080804824829,0.8265823125839233,0.8016111850738525,0.82662433385849,-218.7014617919922,42.87253189086914,29.034168243408203,15.64747428894043,13.872259140014648,8.640058517456055,8.693669319152832,6.558604717254639,5.997431755065918,4.390268325805664,2.4981391429901123,2.3669509887695312,2.227771043777466,2.286118268966675,2.1483066082000732,2.164158344268799,2.2682979106903076,2.0603256225585938,1.9958031177520752,2.178734302520752,0.15557755529880524,0.17798897624015808,0.2466767132282257,0.48313412070274353,0.9473060965538025,0.8165019750595093,0.3310406804084778,0.257497638463974,0.2163720577955246,0.1973661482334137,0.16961267590522766,0.1474258452653885,0.12591733038425446,0.14427712559700012,0.16111929714679718,0.1529870629310608,0.10279117524623871,0.1733304262161255,0.16103684902191162,0.1839628517627716,0.1461169719696045,0.13195444643497467,0.1135813370347023,0.10463690012693405,1973.6930108685078,6123.998003824681,3067.6402110160284,0.03653952472447796,0.0044551994651556015,1470.0,1480.0,1475.0,1526.0,1536.0,1531.0,2,meditation
P8,-5.466182708740234,-7.945435523986816,-20.580669403076172,-25.702228546142578,-32.52702331542969,-32.28827667236328,-33.42189025878906,-36.15766906738281,-36.912696838378906,-39.44487380981445,-40.320858001708984,-41.15672302246094,-41.77513122558594,-42.96830749511719,-43.55913162231445,-43.82513427734375,-44.1666374206543,-44.39704132080078,-44.914794921875,-45.20127487182617,-45.5246696472168,-45.49588394165039,-45.76546096801758,-46.07747268676758,-46.12091064453125,-46.14328384399414,-46.02168655395508,-45.6439208984375,-45.18617630004883,-44.3745231628418,-43.361114501953125,-44.22747039794922,2.3065078258514404,2.9164741039276123,2.5031867027282715,2.555650234222412,2.4224066734313965,2.1766035556793213,2.1360156536102295,2.2389891147613525,2.309427261352539,2.229092597961426,2.162435293197632,2.232107162475586,2.103560209274292,1.8332502841949463,1.7928361892700195,1.6578717231750488,1.555845022201538,1.6536009311676025,1.441219449043274,1.4436596632003784,1.316941499710083,1.3169134855270386,1.173708438873291,1.0783493518829346,1.0501827001571655,0.9900841116905212,0.9935114979743958,0.9016965627670288,0.9000565409660339,0.8684080243110657,0.7561147809028625,0.7610605359077454,-220.3830108642578,43.15619659423828,29.122026443481445,15.731010437011719,13.975282669067383,8.5210542678833,8.754067420959473,6.509042263031006,5.801368713378906,4.420578479766846,2.533552408218384,2.4853219985961914,2.3684074878692627,2.2750487327575684,2.1166365146636963,2.262218475341797,2.0671591758728027,2.0733702182769775,2.029825448989868,2.1636548042297363,0.18406091630458832,0.19164764881134033,0.2537447214126587,0.483463853597641,0.9420958161354065,0.819834291934967,0.36458534002304077,0.3099195659160614,0.270793080329895,0.25003835558891296,0.22109535336494446,0.18916496634483337,0.15058523416519165,0.14146502315998077,0.14978823065757751,0.1494980752468109,0.11449407786130905,0.16762174665927887,0.16405555605888367,0.20997077226638794,0.18794886767864227,0.18989020586013794,0.17519651353359222,0.15807171165943146,1931.144768329576,6007.538847248405,3046.670201981721,0.036460221505220415,0.004551804158836603,1480.0,1490.0,1485.0,1536.0,1546.0,1541.0,2,meditation
P8,-5.308958053588867,-7.441267967224121,-20.51268768310547,-25.134765625,-31.00473976135254,-30.867427825927734,-32.09209442138672,-34.357460021972656,-34.79254150390625,-36.98491287231445,-38.00617599487305,-39.07689666748047,-39.249019622802734,-40.17255401611328,-40.3528938293457,-40.81707763671875,-41.029109954833984,-41.50571060180664,-42.142425537109375,-42.3151741027832,-42.626224517822266,-43.36954116821289,-43.956993103027344,-44.196781158447266,-44.42361068725586,-44.83723068237305,-44.75595474243164,-44.60434341430664,-44.33246994018555,-43.574825286865234,-42.8333625793457,-43.7105712890625,2.190279483795166,2.825573682785034,2.4024882316589355,2.930816411972046,3.8359622955322266,3.2190728187561035,3.2505552768707275,4.230442523956299,4.684844970703125,4.376758098602295,3.7725541591644287,3.980151414871216,4.370951175689697,4.475764751434326,4.820149898529053,4.716312885284424,5.061130523681641,4.7959513664245605,4.5924201011657715,4.821987152099609,4.883609294891357,4.038451671600342,3.4057321548461914,3.385486364364624,2.9790961742401123,2.5583314895629883,2.3103702068328857,2.059793472290039,1.8321694135665894,1.6262930631637573,1.3241350650787354,1.1343964338302612,-210.43246459960938,43.03690719604492,24.020423889160156,15.468907356262207,13.725137710571289,8.021860122680664,8.318161010742188,6.607325077056885,5.833562850952148,4.576572895050049,14.910740852355957,4.824178218841553,8.16923999786377,4.218018054962158,3.049769639968872,3.0777854919433594,2.23227858543396,2.341604709625244,2.247454881668091,2.0983386039733887,0.1636965423822403,0.182351216673851,0.24791516363620758,0.45616409182548523,0.9276261329650879,0.8360717296600342,0.36609265208244324,0.27702221274375916,0.23345907032489777,0.2001960426568985,0.1769871562719345,0.1601153463125229,0.1285420060157776,0.13057878613471985,0.1476510465145111,0.15988191962242126,0.1265304535627365,0.16383227705955505,0.154644176363945,0.18928897380828857,0.15622259676456451,0.1478220820426941,0.13216333091259003,0.12566454708576202,2009.5823521513528,5912.6378743111945,2999.7157379175237,0.03876794518561485,0.004602008033543825,1490.0,1500.0,1495.0,1546.0,1556.0,1551.0,2,meditation
P8,-5.401158809661865,-7.534757614135742,-20.70876693725586,-25.60995101928711,-32.52647399902344,-31.73371696472168,-32.92905807495117,-35.8032112121582,-36.445472717285156,-38.86184310913086,-39.82334899902344,-41.03428649902344,-41.21341323852539,-42.257347106933594,-42.893226623535156,-43.11001968383789,-43.664608001708984,-44.06032180786133,-44.34198760986328,-44.5187873840332,-44.621524810791016,-44.82440185546875,-45.1584587097168,-45.54034423828125,-45.66932678222656,-45.78269958496094,-45.69626235961914,-45.457096099853516,-45.0315055847168,-44.36099624633789,-43.36711120605469,-44.19169235229492,2.216304063796997,2.8115649223327637,2.391709804534912,2.6775221824645996,2.8182308673858643,2.509443521499634,2.399137020111084,2.9142391681671143,3.0430920124053955,3.184340238571167,2.741436719894409,2.701775550842285,2.851823091506958,2.8125722408294678,2.897690773010254,3.0140388011932373,2.930610418319702,2.8015480041503906,2.873675584793091,3.0968408584594727,3.140486478805542,2.685689687728882,2.2959296703338623,2.1505699157714844,1.8215850591659546,1.4988770484924316,1.3877136707305908,1.198899745941162,0.9630317687988281,0.9034692645072937,0.8068856596946716,0.8083637952804565,-218.17303466796875,43.124900817871094,28.003910064697266,15.999507904052734,13.613679885864258,8.464229583740234,8.8115873336792,6.427954196929932,5.92160177230835,4.8480424880981445,8.492020606994629,2.4925687313079834,5.277354717254639,2.3826708793640137,2.485276699066162,2.4246468544006348,2.1001133918762207,2.085310935974121,1.9860591888427734,2.0174214839935303,0.15714982151985168,0.16912013292312622,0.23337359726428986,0.47656822204589844,0.942018985748291,0.8221405148506165,0.3450013995170593,0.2707591652870178,0.21765455603599548,0.18673478066921234,0.16309289634227753,0.14923642575740814,0.14334063231945038,0.13683024048805237,0.14443570375442505,0.13951624929904938,0.10763368755578995,0.16712066531181335,0.16581246256828308,0.19660969078540802,0.15882553160190582,0.14304545521736145,0.11936958879232407,0.1188129186630249,1949.9805090559403,5971.641848535382,3031.6582301380813,0.03556749383700696,0.004606577567756176,1500.0,1510.0,1505.0,1556.0,1566.0,1561.0,2,meditation
P8,-6.924368381500244,-9.352461814880371,-22.408933639526367,-27.411333084106445,-34.162010192871094,-33.41337966918945,-34.49611282348633,-37.597965240478516,-38.55447006225586,-40.73060607910156,-41.524658203125,-42.52645492553711,-42.88432312011719,-44.2652702331543,-44.88215255737305,-45.08717727661133,-45.509735107421875,-45.73870849609375,-46.248172760009766,-46.48422622680664,-46.78782272338867,-46.967552185058594,-47.1462287902832,-47.42438507080078,-47.48766326904297,-47.43659210205078,-47.172916412353516,-46.909305572509766,-46.53285598754883,-45.77069091796875,-44.78713607788086,-45.5920295715332,2.2874302864074707,2.849789619445801,2.344285726547241,2.5672378540039062,2.2046828269958496,2.2585835456848145,2.090424060821533,2.343040943145752,2.4637045860290527,2.1950035095214844,2.0533411502838135,2.109013080596924,1.9166113138198853,1.9121551513671875,1.8085646629333496,1.6672694683074951,1.4588950872421265,1.598920464515686,1.4586304426193237,1.3901162147521973,1.2769391536712646,1.2479636669158936,1.1941328048706055,1.1038748025894165,1.125968337059021,1.0152801275253296,0.9418894052505493,0.8901671171188354,0.9203078150749207,0.8575048446655273,0.8121108412742615,0.8087174892425537,-228.08042907714844,42.90606689453125,28.79913902282715,15.502714157104492,13.8478364944458,8.59252643585205,8.627673149108887,6.586914539337158,5.771663188934326,4.587174415588379,2.509965658187866,2.0833911895751953,2.2142930030822754,2.2228310108184814,2.223609447479248,2.16976261138916,2.2034826278686523,2.114307403564453,1.9430853128433228,1.9985395669937134,0.17751453816890717,0.20009836554527283,0.2743862569332123,0.5264127254486084,0.9453520178794861,0.7927568554878235,0.3484158515930176,0.3115689754486084,0.262631893157959,0.23033030331134796,0.18949879705905914,0.16751664876937866,0.13936936855316162,0.1568855494260788,0.1681486815214157,0.14447124302387238,0.1123647540807724,0.17692533135414124,0.17518897354602814,0.22046415507793427,0.18224523961544037,0.17126546800136566,0.1401769518852234,0.12735706567764282,1956.694256845623,6082.605292017111,3059.760724205549,0.03699721758990719,0.004501635674387217,1510.0,1520.0,1515.0,1566.0,1576.0,1571.0,2,meditation
P8,-7.165587902069092,-9.349834442138672,-21.919649124145508,-27.20911979675293,-34.157928466796875,-33.35865783691406,-34.55424118041992,-37.20647430419922,-38.18162536621094,-40.63154220581055,-41.50031661987305,-42.569122314453125,-42.95499038696289,-44.03678894042969,-44.68953323364258,-45.089778900146484,-45.40021514892578,-45.5359001159668,-46.135921478271484,-46.68571472167969,-46.95690155029297,-46.986698150634766,-47.135337829589844,-47.381839752197266,-47.450477600097656,-47.42717361450195,-47.28327941894531,-46.90139389038086,-46.46963882446289,-45.72561264038086,-44.74973678588867,-45.62839889526367,2.4467034339904785,2.8911542892456055,2.7894582748413086,2.741708755493164,2.6220977306365967,2.568923234939575,2.5228636264801025,2.516747236251831,2.4318087100982666,2.3200252056121826,2.2783613204956055,2.057945728302002,2.143350839614868,2.0978751182556152,1.930742621421814,1.8331317901611328,1.843620777130127,1.789941430091858,1.5398777723312378,1.4208017587661743,1.360228180885315,1.2452964782714844,1.245890736579895,1.2217909097671509,1.1515976190567017,1.0936163663864136,1.0180628299713135,0.8965163826942444,0.9139013290405273,0.9132123589515686,0.782013475894928,0.8270350694656372,-227.7642822265625,43.17737579345703,28.782155990600586,15.324056625366211,13.814777374267578,8.5105619430542,8.416216850280762,6.563841819763184,5.943509578704834,4.506327152252197,3.810387372970581,3.1818621158599854,2.675839424133301,2.321129560470581,2.208894729614258,2.193000316619873,2.1291022300720215,2.1175150871276855,1.9852491617202759,2.1682980060577393,0.17268186807632446,0.19552920758724213,0.2744182348251343,0.5622549653053284,0.9504736661911011,0.7890805006027222,0.3347521424293518,0.2890728712081909,0.2412334382534027,0.21461017429828644,0.1805945783853531,0.16066108644008636,0.1434747874736786,0.14683936536312103,0.15624913573265076,0.14392194151878357,0.11576853692531586,0.18026144802570343,0.1762186735868454,0.20631617307662964,0.17037005722522736,0.16358163952827454,0.13436028361320496,0.1279856413602829,1964.3978989472614,6073.687248495505,3057.3345282569294,0.037408461426914154,0.00450444919988513,1520.0,1530.0,1525.0,1576.0,1586.0,1581.0,2,meditation
P8,-7.879642486572266,-10.073561668395996,-22.982040405273438,-28.04802131652832,-35.25642395019531,-34.411354064941406,-35.55766677856445,-38.53631591796875,-39.42555618286133,-41.97704315185547,-42.701820373535156,-43.46342468261719,-43.96076583862305,-45.22101593017578,-45.65800094604492,-46.154571533203125,-46.54778289794922,-46.80213165283203,-47.04301452636719,-47.39842224121094,-47.78813171386719,-47.910057067871094,-48.1075439453125,-48.352596282958984,-48.38433074951172,-48.40008544921875,-48.30377197265625,-47.90462875366211,-47.45973205566406,-46.7569465637207,-45.771209716796875,-46.520809173583984,2.3537964820861816,2.7580673694610596,2.245203733444214,2.6719870567321777,2.2817249298095703,2.204275608062744,2.1128368377685547,2.471275568008423,2.3602042198181152,2.240493059158325,2.151325225830078,1.9366521835327148,2.0013952255249023,1.872842788696289,1.6973443031311035,1.6923497915267944,1.6718173027038574,1.535827398300171,1.471061110496521,1.3720558881759644,1.2878586053848267,1.1874161958694458,1.2026746273040771,1.1534837484359741,1.067718505859375,1.0009078979492188,0.9608479142189026,0.91444331407547,0.866618275642395,0.8220884203910828,0.7885724902153015,0.8340859413146973,-233.4792938232422,43.04216384887695,28.99811553955078,15.807259559631348,14.057249069213867,8.629408836364746,8.659440040588379,6.461004734039307,5.740896224975586,4.573904991149902,2.3455374240875244,2.2705135345458984,2.166188955307007,2.1292243003845215,2.2121810913085938,2.174294948577881,2.1499950885772705,2.0953078269958496,1.9529919624328613,2.0363826751708984,0.15369398891925812,0.17201364040374756,0.25074708461761475,0.5231606364250183,0.9497838616371155,0.8086952567100525,0.34543362259864807,0.3008241653442383,0.2392577975988388,0.20270654559135437,0.16958540678024292,0.1487642228603363,0.12358375638723373,0.12761570513248444,0.1474507451057434,0.13516047596931458,0.10261300206184387,0.17444370687007904,0.1844051033258438,0.21999630331993103,0.1712113916873932,0.15352118015289307,0.12622003257274628,0.11790934205055237,1943.448552458895,6038.2898600638055,3051.4229289790155,0.03498404872389791,0.004553719889372587,1530.0,1540.0,1535.0,1586.0,1596.0,1591.0,2,meditation
P8,-6.3762006759643555,-8.531882286071777,-21.356393814086914,-26.51739501953125,-33.271419525146484,-32.8836784362793,-34.0934944152832,-37.03927230834961,-37.96347427368164,-40.14297103881836,-40.91572189331055,-41.63623809814453,-42.41944885253906,-43.5660285949707,-44.13026428222656,-44.37803649902344,-44.62627410888672,-45.0250244140625,-45.59059524536133,-45.89908981323242,-45.99345779418945,-46.187496185302734,-46.26059341430664,-46.55229187011719,-46.603065490722656,-46.7262077331543,-46.4981689453125,-46.17418670654297,-45.73960494995117,-44.98085021972656,-44.08436584472656,-44.95429229736328,2.223942756652832,2.667426347732544,2.398808717727661,2.6975595951080322,2.0619924068450928,2.38303804397583,2.1891493797302246,2.3346025943756104,2.3177943229675293,2.2735161781311035,2.314870834350586,2.028719425201416,1.9777904748916626,1.9432411193847656,1.8321033716201782,1.758886694908142,1.6480340957641602,1.4307115077972412,1.4510549306869507,1.424170732498169,1.392287015914917,1.2668029069900513,1.131155252456665,1.1663339138031006,1.0875582695007324,1.0788654088974,1.0017868280410767,0.9926405549049377,0.9434278011322021,0.942480206489563,0.8197352886199951,0.9109794497489929,-223.99684143066406,42.77045440673828,28.884248733520508,15.821654319763184,13.956360816955566,8.784051895141602,8.606304168701172,6.380767822265625,5.667109966278076,4.372410297393799,2.8893375396728516,2.45398211479187,2.277740716934204,2.243551015853882,2.1855039596557617,2.027371406555176,1.9892466068267822,1.9726872444152832,1.988329291343689,1.9506782293319702,0.1510898321866989,0.16335909068584442,0.22058269381523132,0.4265265464782715,0.9158653020858765,0.8568326830863953,0.37805837392807007,0.29016953706741333,0.24224117398262024,0.2039175182580948,0.17340336740016937,0.15350879728794098,0.1257750689983368,0.12572360038757324,0.13657325506210327,0.15079350769519806,0.1361204832792282,0.1608724743127823,0.17102859914302826,0.21574297547340393,0.17486472427845,0.14939604699611664,0.12434796243906021,0.12339738756418228,1973.554889788874,6115.804395210992,3063.913426447477,0.03627442539153132,0.004472393076866865,1540.0,1550.0,1545.0,1596.0,1606.0,1601.0,2,meditation
P8,-7.0148138999938965,-9.10128402709961,-22.205331802368164,-27.154273986816406,-33.77725601196289,-33.53306198120117,-34.70585250854492,-37.33495330810547,-38.12291717529297,-40.56911087036133,-41.32423782348633,-42.018924713134766,-42.474613189697266,-43.7750244140625,-44.64131546020508,-44.931488037109375,-44.94401550292969,-45.177001953125,-45.95104217529297,-46.48433303833008,-46.73459243774414,-46.81045150756836,-46.8744010925293,-47.183738708496094,-47.236114501953125,-47.22715759277344,-47.13469314575195,-46.7210578918457,-46.24635314941406,-45.577117919921875,-44.54423904418945,-45.38998031616211,2.5118625164031982,2.652470827102661,2.3821024894714355,2.519057035446167,2.294178009033203,2.1997361183166504,2.246358871459961,2.4398345947265625,2.3727259635925293,2.2490792274475098,2.314762592315674,2.0920045375823975,2.043576955795288,1.965508222579956,1.858423113822937,1.7994941473007202,1.7839988470077515,1.9926402568817139,1.669507622718811,1.441987156867981,1.3467403650283813,1.3158496618270874,1.2059383392333984,1.1833698749542236,1.1442407369613647,0.9950987696647644,0.9645112752914429,0.9277054667472839,0.9094828367233276,0.8389187455177307,0.8108559846878052,0.7555397748947144,-226.7904815673828,42.858280181884766,28.42835235595703,15.273484230041504,14.057984352111816,8.774385452270508,8.609273910522461,6.537586212158203,5.781888484954834,4.2590250968933105,2.926304578781128,2.318957805633545,2.399834632873535,2.3716912269592285,2.298128128051758,2.217221736907959,2.110194444656372,2.1416406631469727,2.102975368499756,2.146947145462036,0.15120837092399597,0.1634446680545807,0.22146955132484436,0.42384853959083557,0.9161871075630188,0.8582953214645386,0.3743400275707245,0.28916528820991516,0.2428588569164276,0.20785579085350037,0.17587800323963165,0.15215064585208893,0.12978601455688477,0.12672345340251923,0.13421237468719482,0.14368219673633575,0.1342935860157013,0.15721730887889862,0.1510787159204483,0.1975632607936859,0.16829438507556915,0.1591566950082779,0.12829527258872986,0.11873576790094376,1982.3409004188024,6143.682648908788,3070.6331024305787,0.03898432968387471,0.0044890413992106915,1550.0,1560.0,1555.0,1606.0,1616.0,1611.0,2,meditation
P8,-6.044384956359863,-8.078141212463379,-20.843494415283203,-25.84073829650879,-32.78583526611328,-32.15274429321289,-33.341129302978516,-36.01822280883789,-36.99555206298828,-39.33432388305664,-40.16605758666992,-41.136966705322266,-41.50749588012695,-42.68694305419922,-43.43830490112305,-43.975799560546875,-44.09916687011719,-44.35310363769531,-44.77777099609375,-45.15106964111328,-45.37541580200195,-45.432044982910156,-45.695919036865234,-45.79568862915039,-45.93388366699219,-46.15180969238281,-45.9287223815918,-45.58273696899414,-45.07987594604492,-44.287391662597656,-43.384952545166016,-44.30765914916992,2.2269256114959717,2.9382708072662354,2.365476369857788,2.552217721939087,2.2894845008850098,2.274260997772217,2.1953775882720947,2.228227138519287,2.4210104942321777,2.2037646770477295,2.044358968734741,2.169672966003418,1.9646859169006348,1.9236990213394165,1.8206157684326172,1.7705470323562622,1.686765193939209,1.7833431959152222,1.5226260423660278,1.417608380317688,1.347461223602295,1.2190147638320923,1.2046390771865845,1.224427342414856,1.1042826175689697,1.0577408075332642,0.916579008102417,0.914150059223175,0.8637645840644836,0.9018915295600891,0.8091475963592529,0.8412714600563049,-220.20777893066406,42.778316497802734,28.64173126220703,15.467751502990723,13.600809097290039,8.503047943115234,8.682170867919922,6.369214057922363,5.651004791259766,4.470382213592529,2.7406375408172607,2.388465642929077,2.2837977409362793,2.306684970855713,2.3266494274139404,2.2143094539642334,2.1269826889038086,2.064119815826416,2.031491756439209,2.030927896499634,0.15656062960624695,0.17554688453674316,0.24329914152622223,0.46879854798316956,0.9321653246879578,0.8409364223480225,0.3575822114944458,0.2892763614654541,0.24352233111858368,0.21785874664783478,0.17865298688411713,0.15174445509910583,0.1199425607919693,0.13375122845172882,0.15920738875865936,0.15700523555278778,0.1244511529803276,0.165588840842247,0.16919921338558197,0.20829661190509796,0.17129869759082794,0.16903220117092133,0.12556283175945282,0.10715179890394211,2001.0185734161225,6194.418072977088,3078.506694726363,0.03762371302204176,0.004311337601393461,1560.0,1570.0,1565.0,1616.0,1626.0,1621.0,2,meditation
P8,-6.582937717437744,-8.593417167663574,-21.526391983032227,-26.55436134338379,-33.74448013305664,-33.16612243652344,-34.27065658569336,-37.19514846801758,-38.11848449707031,-40.20252227783203,-40.916507720947266,-41.89944076538086,-42.401641845703125,-43.58462142944336,-44.18619155883789,-44.45225524902344,-44.71321105957031,-44.919349670410156,-45.50783157348633,-45.9775505065918,-46.29916763305664,-46.32002258300781,-46.597381591796875,-46.88994598388672,-46.885929107666016,-46.885196685791016,-46.634483337402344,-46.38071060180664,-45.88457107543945,-45.16218185424805,-44.12508010864258,-44.96541976928711,2.4294888973236084,2.765686511993408,2.209838628768921,2.5482592582702637,2.211315870285034,2.188589334487915,2.075014352798462,2.270163059234619,2.2469851970672607,2.0973317623138428,2.208811044692993,2.1407690048217773,2.0418670177459717,1.8277660608291626,1.7238517999649048,1.5862849950790405,1.6599894762039185,1.9432414770126343,1.410422444343567,1.3478379249572754,1.3568648099899292,1.3251533508300781,1.1600178480148315,1.0440998077392578,1.0946836471557617,1.0159622430801392,0.9556632041931152,0.9410350322723389,1.0385897159576416,0.9743560552597046,0.8983460664749146,0.826464056968689,-224.7792205810547,42.762542724609375,28.673227310180664,15.620820045471191,14.31900405883789,8.749110221862793,8.652619361877441,6.592288970947266,5.714023590087891,4.245960235595703,2.68052077293396,2.40899395942688,2.2410728931427,2.025977611541748,2.0281178951263428,2.150977373123169,2.1485960483551025,2.1166210174560547,1.9729232788085938,2.1440675258636475,0.15471883118152618,0.1752219796180725,0.24599002301692963,0.46528321504592896,0.9277325868606567,0.8413467407226562,0.36358341574668884,0.28197145462036133,0.23217764496803284,0.19974255561828613,0.17154134809970856,0.14879891276359558,0.12594592571258545,0.13605472445487976,0.16175155341625214,0.16511109471321106,0.1264793872833252,0.1701483279466629,0.16195815801620483,0.2053169310092926,0.16864146292209625,0.15065854787826538,0.12684592604637146,0.1146097406744957,1981.3441333336132,6150.777114903567,3072.7384911670238,0.03657124601218097,0.004460562020540237,1570.0,1580.0,1575.0,1626.0,1636.0,1631.0,2,meditation
P8,-7.314637184143066,-9.625741004943848,-22.460163116455078,-27.4578914642334,-34.423370361328125,-33.93353271484375,-34.757789611816406,-37.762939453125,-38.828670501708984,-40.9810905456543,-41.727073669433594,-42.708473205566406,-43.325157165527344,-44.5689697265625,-45.06743621826172,-45.341312408447266,-45.61161422729492,-46.02692413330078,-46.33903121948242,-46.899574279785156,-47.15696716308594,-47.16640853881836,-47.41503143310547,-47.54420852661133,-47.66017532348633,-47.806453704833984,-47.565101623535156,-47.16813278198242,-46.744354248046875,-45.980926513671875,-45.0758056640625,-45.83256530761719,2.352895975112915,2.9732847213745117,2.186051368713379,2.698875665664673,2.1582117080688477,2.346686363220215,2.224586248397827,2.285496950149536,2.3241167068481445,2.27227520942688,2.1735501289367676,2.03163480758667,1.935583233833313,1.863182783126831,1.7484475374221802,1.6739884614944458,1.6794408559799194,1.7267351150512695,1.5815709829330444,1.4019606113433838,1.289174199104309,1.2340749502182007,1.1865545511245728,1.126922607421875,1.0643445253372192,1.0036624670028687,0.8471570014953613,0.8994275331497192,0.8452658653259277,0.8439088463783264,0.757108747959137,0.8339992761611938,-229.5052032470703,42.928165435791016,28.792465209960938,15.52898120880127,13.898456573486328,8.575520515441895,8.618589401245117,6.552216053009033,5.858860492706299,4.426607608795166,2.435560464859009,2.3538248538970947,2.3881332874298096,2.2601420879364014,2.2026302814483643,2.1289243698120117,2.2781238555908203,2.1996004581451416,1.9897340536117554,2.054978132247925,0.15984374284744263,0.18526184558868408,0.262962281703949,0.5181498527526855,0.9425294399261475,0.8155503273010254,0.34645840525627136,0.2871137261390686,0.23568621277809143,0.20927108824253082,0.17760644853115082,0.15397730469703674,0.12584242224693298,0.1390717774629593,0.17044179141521454,0.159060999751091,0.11025048047304153,0.17645378410816193,0.17333270609378815,0.20259439945220947,0.15151748061180115,0.1393597573041916,0.1236707791686058,0.11590211093425751,1969.2792581143558,6120.400809799159,3066.0035417052227,0.03660410020301624,0.004468552768230438,1580.0,1590.0,1585.0,1636.0,1646.0,1641.0,2,meditation
P8,-6.8323259353637695,-9.081351280212402,-22.013290405273438,-27.079448699951172,-34.019683837890625,-33.32570266723633,-34.35029983520508,-37.243980407714844,-38.08635711669922,-40.7826042175293,-41.32023239135742,-42.130531311035156,-42.688941955566406,-43.78254318237305,-44.35287094116211,-44.67949295043945,-45.072914123535156,-45.46487045288086,-45.8935432434082,-46.43049240112305,-46.50962448120117,-46.630794525146484,-46.83183288574219,-47.0963249206543,-47.126739501953125,-47.201011657714844,-47.00187301635742,-46.669193267822266,-46.21052551269531,-45.458229064941406,-44.608585357666016,-45.4232177734375,2.215482234954834,2.695333480834961,2.3239753246307373,2.6603729724884033,2.2768373489379883,2.231532096862793,2.26584792137146,2.532461643218994,2.4190597534179688,2.3826067447662354,2.1368415355682373,2.145658254623413,2.071927547454834,1.9043453931808472,1.9365066289901733,1.7159245014190674,1.809687852859497,1.6641634702682495,1.5591787099838257,1.4051915407180786,1.3840488195419312,1.2207186222076416,1.2305501699447632,1.1354511976242065,1.121748924255371,1.0189951658248901,0.9271056652069092,0.9579527974128723,0.9409785866737366,0.9626945853233337,0.8725606203079224,0.8816497921943665,-226.52157592773438,42.86616897583008,28.54625129699707,15.509462356567383,13.971020698547363,8.757305145263672,8.498566627502441,6.435651779174805,5.880367755889893,4.709250450134277,2.946479558944702,2.355041742324829,2.44400954246521,2.26735520362854,2.4016401767730713,2.288447141647339,1.927316427230835,2.0060858726501465,2.091710329055786,2.0756757259368896,0.16190707683563232,0.1741272360086441,0.23434554040431976,0.429157018661499,0.9133051633834839,0.867897093296051,0.40091076493263245,0.30405062437057495,0.24750187993049622,0.20326320827007294,0.17609497904777527,0.15991249680519104,0.13746359944343567,0.1288648098707199,0.14072634279727936,0.16675767302513123,0.13989852368831635,0.15987546741962433,0.167690247297287,0.21561585366725922,0.1725911647081375,0.1488134264945984,0.12896224856376648,0.12746559083461761,1979.1762302879615,6140.235337967662,3067.309865578555,0.036232507975638054,0.0044549074955284595,1590.0,1600.0,1595.0,1646.0,1656.0,1651.0,2,meditation
P8,-6.118006229400635,-8.329500198364258,-21.290170669555664,-26.443721771240234,-33.3388557434082,-32.721248626708984,-34.120399475097656,-36.78571701049805,-37.86168670654297,-40.078853607177734,-40.897254943847656,-41.78488540649414,-42.12101364135742,-43.31843185424805,-43.83103561401367,-44.10355758666992,-44.35231018066406,-44.703243255615234,-45.24177932739258,-45.64078903198242,-45.83388137817383,-46.02479553222656,-46.25726318359375,-46.446617126464844,-46.608299255371094,-46.66121292114258,-46.34122085571289,-46.0681266784668,-45.68153762817383,-44.93475341796875,-43.949485778808594,-44.74846649169922,2.2908430099487305,2.7633585929870605,2.3143043518066406,2.626713275909424,2.1751625537872314,2.238468647003174,2.317633628845215,2.1879162788391113,2.4088997840881348,2.1901941299438477,2.238657236099243,2.102600574493408,2.0735514163970947,1.9763479232788086,1.8452078104019165,1.7326840162277222,1.6247668266296387,1.7211990356445312,1.4834281206130981,1.4223964214324951,1.3110893964767456,1.227170467376709,1.1539987325668335,1.1407561302185059,1.049026608467102,1.041914939880371,0.9629175066947937,0.9077003598213196,0.9028106927871704,0.901228129863739,0.8269220590591431,0.8298824429512024,-223.20498657226562,42.7535514831543,28.626049041748047,15.922198295593262,14.330191612243652,8.70722484588623,8.54154109954834,6.492858409881592,5.821844577789307,4.5113654136657715,2.4976935386657715,2.1752781867980957,2.42781138420105,2.33146333694458,2.209434986114502,2.1598105430603027,2.0460636615753174,2.0873219966888428,2.1164679527282715,2.1852164268493652,0.15126769244670868,0.16710689663887024,0.2464434951543808,0.47866082191467285,0.9256594777107239,0.8294845819473267,0.3627409338951111,0.29503965377807617,0.24338538944721222,0.21015095710754395,0.17885425686836243,0.15230529010295868,0.12274079769849777,0.1380966156721115,0.1708020716905594,0.17359377443790436,0.12746813893318176,0.1735842376947403,0.16374103724956512,0.20665289461612701,0.1681547611951828,0.15862756967544556,0.12673743069171906,0.11471839249134064,1963.639109493377,6096.594379894142,3061.715262123594,0.03547232997389791,0.004502737894654274,1600.0,1610.0,1605.0,1656.0,1666.0,1661.0,2,meditation
P8,-6.490556240081787,-8.7195405960083,-21.385095596313477,-26.523815155029297,-33.3661003112793,-32.993736267089844,-33.98468017578125,-36.689666748046875,-37.80012130737305,-40.07260513305664,-40.7840690612793,-41.570594787597656,-41.93556213378906,-43.43702697753906,-43.90097427368164,-44.06987762451172,-44.5320930480957,-44.82557678222656,-45.25044250488281,-45.75088882446289,-45.922332763671875,-46.06792068481445,-46.31833267211914,-46.40673828125,-46.60547637939453,-46.768310546875,-46.47198486328125,-46.16281509399414,-45.736106872558594,-44.985897064208984,-43.98108673095703,-44.82158279418945,2.241724729537964,2.794322967529297,2.3401193618774414,2.74408221244812,2.214324951171875,2.287122964859009,2.2607154846191406,2.614513635635376,2.739105224609375,2.3097763061523438,2.2897043228149414,2.2260689735412598,2.345048189163208,2.240532398223877,2.2017974853515625,1.860929250717163,1.9373445510864258,1.9140101671218872,1.7333537340164185,1.7430342435836792,1.661231517791748,1.5295624732971191,1.3139556646347046,1.1953009366989136,1.1153563261032104,1.0539015531539917,1.2574200630187988,1.1880820989608765,1.0700106620788574,0.9525205492973328,0.8463271856307983,0.861071765422821,-223.5043487548828,42.71327209472656,28.36283302307129,15.536252975463867,14.019039154052734,8.649681091308594,8.614237785339355,6.378613471984863,5.741021156311035,4.407817840576172,3.9988110065460205,2.626375675201416,3.1996395587921143,2.2479658126831055,2.219074010848999,2.165550708770752,2.1305336952209473,2.2448315620422363,2.1291086673736572,2.04559063911438,0.1639816015958786,0.17254777252674103,0.22504593431949615,0.4219655692577362,0.9146146774291992,0.8671555519104004,0.3839404881000519,0.30003100633621216,0.2560300827026367,0.22070913016796112,0.19356761872768402,0.17020821571350098,0.1354670524597168,0.1263711005449295,0.13386531174182892,0.14834429323673248,0.13403303921222687,0.14921313524246216,0.15939569473266602,0.21508632600307465,0.18979793787002563,0.1713339239358902,0.1475275754928589,0.13918398320674896,1991.349622867234,6161.743560578596,3072.3083961229513,0.03748210013051044,0.004404256120324135,1610.0,1620.0,1615.0,1666.0,1676.0,1671.0,2,meditation
P8,-7.529719352722168,-9.703510284423828,-22.380401611328125,-27.540294647216797,-34.40491485595703,-34.15476989746094,-35.13832473754883,-37.74567413330078,-38.74897003173828,-41.157981872558594,-41.36216735839844,-42.465213775634766,-42.88777542114258,-44.371463775634766,-45.043758392333984,-45.17808151245117,-45.14309310913086,-45.11304473876953,-45.962608337402344,-46.78493881225586,-47.11287307739258,-47.210723876953125,-47.38759231567383,-47.68705749511719,-47.768829345703125,-47.77068328857422,-47.422000885009766,-46.948551177978516,-46.23076629638672,-45.83446502685547,-45.01665496826172,-45.91353988647461,2.4530694484710693,2.868250846862793,2.265225887298584,2.484365224838257,2.1532976627349854,2.1462583541870117,2.3021740913391113,2.6519107818603516,2.430701732635498,2.2344918251037598,2.6370460987091064,2.237081527709961,2.149425506591797,2.171560287475586,1.9148592948913574,1.7561635971069336,2.209221601486206,3.0088398456573486,2.266920804977417,1.3648734092712402,1.2724615335464478,1.3085439205169678,1.2816506624221802,1.0927739143371582,1.0384427309036255,1.036734938621521,1.1102912425994873,1.146443486213684,1.676039695739746,1.138843297958374,0.8451938033103943,0.8174371123313904,-228.94711303710938,42.581241607666016,28.163190841674805,15.304586410522461,14.412193298339844,8.650458335876465,8.400569915771484,7.04392671585083,5.4931488037109375,4.133941173553467,3.9855926036834717,2.438530445098877,2.5758423805236816,2.3865647315979004,2.5053765773773193,2.0470378398895264,2.238513946533203,2.460739850997925,2.0838403701782227,2.0207314491271973,0.1600426286458969,0.18079222738742828,0.2596653401851654,0.493607759475708,0.9291408658027649,0.8304206132888794,0.3681425154209137,0.30357638001441956,0.2560270130634308,0.2326083779335022,0.19731976091861725,0.16224390268325806,0.1289481222629547,0.12824976444244385,0.15131427347660065,0.1559704840183258,0.12733878195285797,0.1738351434469223,0.1714416891336441,0.21292951703071594,0.17666848003864288,0.18066273629665375,0.15576398372650146,0.12709204852581024,1982.8361594293622,6157.297029074826,3065.3319603569457,0.03831704973897912,0.004444698803126812,1620.0,1630.0,1625.0,1676.0,1686.0,1681.0,2,meditation
P9,0.0,0.0,0.0,0.0,0.0,0.0,0.0,0.0,0.0,0.0,0.0,0.0,0.0,0.0,0.0,0.0,0.0,0.0,0.0,0.0,0.0,0.0,0.0,0.0,0.0,0.0,0.0,0.0,0.0,0.0,0.0,0.0,0.0,0.0,0.0,0.0,0.0,0.0,0.0,0.0,0.0,0.0,0.0,0.0,0.0,0.0,0.0,0.0,0.0,0.0,0.0,0.0,0.0,0.0,0.0,0.0,0.0,0.0,0.0,0.0,0.0,0.0,0.0,0.0,0.0,0.0,0.0,0.0,0.0,0.0,0.0,0.0,0.0,0.0,0.0,0.0,0.0,0.0,0.0,0.0,0.0,0.0,0.0,0.0,0.0,0.0,0.0,0.0,0.0,0.0,0.0,0.0,0.0,0.0,0.0,0.0,0.0,0.0,0.0,0.0,0.0,0.0,0.0,0.0,0.0,0.0,0.0,0.0,0.0,0.0,0.0,0.0,0.0,0.0,10.0,5.0,47.0,57.0,52.0,3,pranayama
P9,-21.620214462280273,-27.556211471557617,-38.16154479980469,-45.852943420410156,-48.06619644165039,-49.036170959472656,-50.905242919921875,-52.57353591918945,-53.28144454956055,-53.68933868408203,-54.23432159423828,-54.59903335571289,-55.32465362548828,-55.849342346191406,-56.06442642211914,-56.37714767456055,-56.50264358520508,-56.56515121459961,-57.00413131713867,-57.42567825317383,-57.51953125,-57.87127685546875,-58.06367492675781,-58.323768615722656,-58.40424728393555,-58.45331573486328,-58.3022575378418,-58.05754089355469,-57.46059036254883,-56.810916900634766,-56.1169319152832,-56.97085189819336,25.04332160949707,22.531038284301758,18.233816146850586,15.15667724609375,14.213982582092285,13.972342491149902,13.222976684570312,12.558934211730957,12.249378204345703,12.106244087219238,11.952585220336914,11.821152687072754,11.51516056060791,11.230180740356445,11.139800071716309,11.009340286254883,10.964972496032715,11.180712699890137,10.932493209838867,10.66944694519043,10.610267639160156,10.413558006286621,10.333703994750977,10.229342460632324,10.198880195617676,10.189311027526855,10.218649864196777,10.339496612548828,10.584183692932129,10.852643013000488,11.109660148620605,10.723597526550293,-299.2907409667969,32.53012466430664,22.926111221313477,14.771220207214355,14.505447387695312,9.44766902923584,9.105488777160645,6.91671895980835,5.620575904846191,4.516359806060791,69.33301544189453,13.880956649780273,9.848156929016113,6.555131912231445,6.493046283721924,4.566441059112549,4.364172458648682,3.600083589553833,3.0934743881225586,2.736856698989868,0.23201411962509155,0.24923564493656158,0.30617520213127136,0.4172220826148987,0.6916401982307434,0.7885499596595764,0.5401618480682373,0.40505731105804443,0.3440152704715729,0.2930009067058563,0.24674944579601288,0.23013167083263397,0.21224908530712128,0.20233015716075897,0.2143084555864334,0.25251027941703796,0.32275697588920593,0.3451492488384247,0.278158575296402,0.27868199348449707,0.2530272305011749,0.24055759608745575,0.22163043916225433,0.21252770721912384,1573.7393934127238,4849.392254114704,2569.2201605882433,0.02572256561774942,0.0041464525274932384,10.0,20.0,15.0,57.0,67.0,62.0,3,pranayama
P9,-7.612548351287842,-14.522345542907715,-27.555763244628906,-36.397193908691406,-39.36967849731445,-40.28970718383789,-42.61105728149414,-44.18096160888672,-44.71260452270508,-45.509883880615234,-46.080108642578125,-46.54600524902344,-47.25886535644531,-48.12974166870117,-48.32502365112305,-48.53702163696289,-48.91665267944336,-49.401493072509766,-49.6415901184082,-49.71074295043945,-50.15207290649414,-50.21541976928711,-50.204280853271484,-50.679176330566406,-50.85221481323242,-50.93719482421875,-50.592010498046875,-50.24049377441406,-49.59232711791992,-48.671817779541016,-47.7526969909668,-48.87265396118164,2.9834630489349365,3.000159978866577,2.667598247528076,2.6159110069274902,2.997753620147705,3.413477659225464,3.2174317836761475,3.349299907684326,3.273282289505005,3.030278205871582,2.8576107025146484,2.9259071350097656,2.7222936153411865,2.7206995487213135,2.3370511531829834,2.5598273277282715,2.891103744506836,2.7027206420898438,3.0921568870544434,2.9695756435394287,2.358997344970703,2.821293354034424,3.043297529220581,2.738065004348755,2.5292139053344727,2.4434330463409424,2.6648356914520264,2.8293797969818115,2.5994553565979004,2.606119155883789,2.630384922027588,2.3338940143585205,-251.7425994873047,37.280887603759766,27.47405242919922,17.04121208190918,17.02234649658203,11.506714820861816,11.303293228149414,8.198490142822266,6.8916168212890625,5.656106472015381,10.87863540649414,4.1068525314331055,3.377195358276367,2.9022223949432373,2.816636323928833,3.084372043609619,2.3867311477661133,2.211453437805176,2.3271870613098145,2.1431400775909424,0.23993723094463348,0.28121593594551086,0.3761017620563507,0.5381685495376587,0.8378487229347229,0.9006463885307312,0.6014021039009094,0.4866381287574768,0.3736819326877594,0.2824595272541046,0.23595000803470612,0.22235986590385437,0.18730798363685608,0.1888786405324936,0.19669468700885773,0.20089009404182434,0.15857553482055664,0.160964235663414,0.1899753212928772,0.2426476627588272,0.20444230735301971,0.19539448618888855,0.17831501364707947,0.17545069754123688,1879.0472575014294,5778.242708635441,3026.9971807001693,0.02833730604698376,0.006580776534974575,20.0,30.0,25.0,67.0,77.0,72.0,3,pranayama
P9,-18.776580810546875,-25.35750961303711,-39.61351776123047,-46.07069396972656,-50.50872802734375,-51.44335174560547,-52.70195770263672,-54.04695510864258,-54.50361633300781,-54.62615966796875,-55.535804748535156,-56.532501220703125,-57.06341552734375,-57.496891021728516,-57.76190948486328,-57.74766159057617,-58.16278076171875,-58.90020751953125,-59.14162063598633,-59.572200775146484,-59.884674072265625,-60.1658935546875,-60.543888092041016,-60.96160888671875,-60.79258346557617,-60.94609069824219,-60.9908561706543,-60.67781066894531,-59.892303466796875,-58.95387649536133,-58.13943862915039,-59.279354095458984,3.589123010635376,3.7887449264526367,2.8733789920806885,3.237766981124878,3.7926530838012695,4.248178005218506,4.2328996658325195,4.4822893142700195,4.5576558113098145,4.741016387939453,5.122770309448242,5.350013256072998,5.443606376647949,5.844575881958008,6.380267143249512,6.124351978302002,5.742711544036865,5.5221052169799805,5.724631309509277,5.640161991119385,5.604740142822266,5.814463138580322,5.635753154754639,5.212024688720703,5.5409345626831055,5.584022045135498,5.410813331604004,5.6848344802856445,5.897772312164307,5.903356552124023,5.754271030426025,5.572319030761719,-308.7922058105469,36.691314697265625,24.739591598510742,15.975613594055176,16.907306671142578,11.328699111938477,11.195396423339844,8.677262306213379,7.363600730895996,5.510778427124023,23.65175437927246,10.586244583129883,7.223781108856201,4.096429824829102,3.2744626998901367,3.1766788959503174,3.095172643661499,3.138190984725952,2.517040491104126,2.9382576942443848,0.3950597047805786,0.37568169832229614,0.384917289018631,0.5571980476379395,0.8768124580383301,0.8696106672286987,0.556868314743042,0.5208994746208191,0.43385669589042664,0.36900243163108826,0.312934935092926,0.33515745401382446,0.2393730878829956,0.20722490549087524,0.1914534568786621,0.16415180265903473,0.15044774115085602,0.17312249541282654,0.20877152681350708,0.2639912962913513,0.22730717062950134,0.24080750346183777,0.21339501440525055,0.21548311412334442,2051.7076378236793,5350.526346795244,2966.8871138969193,0.04311149579466357,0.008247386664152145,30.0,40.0,35.0,77.0,87.0,82.0,3,pranayama
P9,-16.94085121154785,-22.455535888671875,-36.74979019165039,-42.59394454956055,-46.942508697509766,-48.83562088012695,-50.109127044677734,-50.188079833984375,-51.27046203613281,-52.124324798583984,-53.046142578125,-54.53142166137695,-55.02553939819336,-55.46077346801758,-55.177303314208984,-55.97569274902344,-56.13047409057617,-57.07098388671875,-57.622581481933594,-58.4898567199707,-59.18528747558594,-59.50144958496094,-59.895729064941406,-60.86954879760742,-61.236900329589844,-61.822669982910156,-62.047943115234375,-61.9422721862793,-61.28112030029297,-60.38321304321289,-59.5804443359375,-60.48500061035156,2.8000335693359375,3.5994694232940674,7.128519058227539,7.499927997589111,9.09860897064209,9.623306274414062,9.764242172241211,10.93642807006836,10.09164810180664,8.348740577697754,9.155646324157715,9.05085563659668,8.193073272705078,8.447052955627441,8.77883243560791,7.8880157470703125,8.182339668273926,7.74947452545166,7.206597328186035,6.449571132659912,5.712340831756592,5.669612884521484,5.655572414398193,4.619410514831543,4.296337127685547,3.361345052719116,3.3169610500335693,2.9931650161743164,3.102039098739624,3.3118791580200195,3.2094757556915283,3.0894651412963867,-301.3994140625,45.39601135253906,22.22229766845703,16.243858337402344,16.601274490356445,10.216176986694336,10.794816970825195,8.186591148376465,7.686343193054199,5.292669773101807,31.459794998168945,13.487268447875977,10.71975326538086,7.045632839202881,6.498252868652344,5.943514823913574,4.30035400390625,4.153776168823242,3.128755569458008,2.9439194202423096,0.43983322381973267,0.39493340253829956,0.34518373012542725,0.4513404965400696,0.7728713154792786,0.8035959005355835,0.5187562108039856,0.5196048021316528,0.4681963324546814,0.3815845251083374,0.3033559024333954,0.3386150598526001,0.27391210198402405,0.23853720724582672,0.19880881905555725,0.1961253583431244,0.25960350036621094,0.2689407467842102,0.22259551286697388,0.27481669187545776,0.25349244475364685,0.2521078586578369,0.21660126745700836,0.21916519105434418,1548.6875828677662,4117.588094547564,2663.982934155227,0.028858441487819027,0.010415674187242985,40.0,50.0,45.0,87.0,97.0,92.0,3,pranayama
P9,-6.1417365074157715,-12.32085132598877,-28.591487884521484,-34.709346771240234,-40.42484664916992,-42.52683639526367,-43.90805435180664,-45.04621887207031,-45.827796936035156,-45.56861877441406,-46.80574035644531,-48.39698791503906,-49.040489196777344,-49.71968078613281,-50.10687255859375,-50.294960021972656,-50.51028823852539,-51.31358337402344,-51.668033599853516,-51.87943649291992,-52.209442138671875,-52.55173110961914,-52.85829544067383,-52.966190338134766,-53.105812072753906,-53.192657470703125,-53.02528762817383,-52.774959564208984,-52.30160903930664,-51.452674865722656,-50.54070281982422,-51.392520904541016,2.6609175205230713,2.5792622566223145,2.3342721462249756,2.4770021438598633,2.49503755569458,2.5396575927734375,2.3478355407714844,2.480489730834961,2.279820442199707,2.4930925369262695,2.216566562652588,2.3829779624938965,2.3757479190826416,2.2473809719085693,2.3346846103668213,2.3468079566955566,2.41121506690979,2.2561850547790527,2.222381114959717,2.213629961013794,2.087358236312866,1.9596210718154907,1.8044321537017822,1.6973872184753418,1.4783427715301514,1.3310894966125488,1.142823576927185,1.1537827253341675,1.1611568927764893,1.001980185508728,1.0240256786346436,1.116604208946228,-260.42279052734375,42.66966247558594,29.11918830871582,18.381465911865234,18.119632720947266,12.824251174926758,12.468512535095215,9.526518821716309,7.691140174865723,5.229396820068359,5.700985431671143,2.9280505180358887,3.3763058185577393,2.291987180709839,2.3055765628814697,2.212372303009033,2.169569492340088,2.049971580505371,2.0398502349853516,2.0658771991729736,0.42961975932121277,0.38496923446655273,0.3590918183326721,0.454806923866272,0.8162722587585449,0.8971364498138428,0.5603841543197632,0.5141489505767822,0.4270991086959839,0.35533589124679565,0.2913326025009155,0.3182956576347351,0.2672463357448578,0.21827195584774017,0.19120782613754272,0.1798129826784134,0.17735382914543152,0.16113774478435516,0.18999812006950378,0.27787649631500244,0.22324232757091522,0.2303440421819687,0.19341351091861725,0.20906217396259308,1384.1815523064956,3655.5235258664443,2679.393984731436,0.020369598317865428,0.008691390044987202,50.0,60.0,55.0,97.0,107.0,102.0,3,pranayama
P9,-8.046163558959961,-14.391250610351562,-30.27297019958496,-36.33477783203125,-42.424713134765625,-43.91171646118164,-45.6871452331543,-46.641639709472656,-47.56319046020508,-46.858367919921875,-48.23755645751953,-50.26555252075195,-50.96625900268555,-51.64155960083008,-52.00265884399414,-52.292747497558594,-52.70254898071289,-53.10847473144531,-53.629638671875,-54.010215759277344,-54.09746551513672,-54.568572998046875,-54.72608947753906,-55.033897399902344,-55.21944808959961,-55.21990203857422,-55.0648307800293,-54.86979675292969,-54.38241195678711,-53.519840240478516,-52.52297592163086,-53.4483757019043,2.858285427093506,2.5007424354553223,2.3174774646759033,2.480548620223999,2.5484886169433594,2.5882461071014404,2.504730463027954,2.553133487701416,2.419147491455078,2.4243502616882324,2.4438705444335938,2.3269569873809814,2.355903387069702,2.1787071228027344,2.317187786102295,2.1893303394317627,2.0450234413146973,2.0150859355926514,1.9748283624649048,1.887542724609375,1.7941594123840332,1.6548036336898804,1.466030240058899,1.2734148502349854,1.1742744445800781,1.0901535749435425,0.960345447063446,0.8956429958343506,0.8604374527931213,0.801068127155304,0.8016071915626526,0.8566110134124756,-271.1158142089844,43.431583404541016,29.091629028320312,18.028059005737305,17.70001792907715,12.596816062927246,12.615163803100586,9.600663185119629,7.660632133483887,5.08261251449585,4.629619598388672,2.333826780319214,3.3477723598480225,2.2755749225616455,2.2402775287628174,2.2475781440734863,2.2120747566223145,2.0790441036224365,2.1463119983673096,2.051081895828247,0.41485053300857544,0.3696865141391754,0.3391633629798889,0.4287114441394806,0.801487922668457,0.9046372175216675,0.5774703621864319,0.5278545618057251,0.44121143221855164,0.36585912108421326,0.299381285905838,0.3167975842952728,0.2670815587043762,0.22680148482322693,0.19244708120822906,0.1750531792640686,0.1729283630847931,0.1495388001203537,0.19591134786605835,0.2794570028781891,0.21897096931934357,0.2248409539461136,0.19155053794384003,0.2007707953453064,1363.9407465184613,3553.353223335992,2663.8844884001255,0.020811430539443156,0.008900010026991367,60.0,70.0,65.0,107.0,117.0,112.0,3,pranayama
P9,-7.906524181365967,-14.085466384887695,-29.979440689086914,-35.735050201416016,-41.76836395263672,-43.46462631225586,-45.05344009399414,-45.999427795410156,-47.003536224365234,-46.07563400268555,-47.96643829345703,-50.264060974121094,-50.9862060546875,-51.60081100463867,-51.9951057434082,-52.14216995239258,-52.61602783203125,-53.20518112182617,-53.73006057739258,-53.893898010253906,-54.122798919677734,-54.4847526550293,-54.5920524597168,-54.643924713134766,-54.81232833862305,-54.868255615234375,-54.630619049072266,-54.32944107055664,-53.88703536987305,-53.01005172729492,-52.17985153198242,-53.0539665222168,2.8131422996520996,2.5613272190093994,2.19539737701416,2.450317621231079,2.4232544898986816,2.5988595485687256,2.38681960105896,2.7813823223114014,2.4835245609283447,2.5472564697265625,2.1014604568481445,2.114542007446289,2.112809181213379,1.8018391132354736,1.8125618696212769,1.710544228553772,1.6620402336120605,1.6030468940734863,1.4819297790527344,1.3967125415802002,1.3034499883651733,1.3247748613357544,1.2428524494171143,1.2091007232666016,1.1252213716506958,1.0984480381011963,1.0796197652816772,0.9509372711181641,0.8885306715965271,0.895767331123352,0.8207571506500244,0.8345890045166016,-269.4229736328125,43.61375427246094,29.98838996887207,17.630077362060547,17.052419662475586,12.381616592407227,12.286155700683594,9.684382438659668,7.80045747756958,5.064177989959717,2.8232810497283936,2.4295201301574707,2.2416880130767822,2.3062868118286133,2.5921311378479004,2.3141260147094727,2.170635938644409,2.058936834335327,2.1148877143859863,2.0497350692749023,0.4340386688709259,0.40872645378112793,0.3679671585559845,0.39395764470100403,0.7518370151519775,0.9161152243614197,0.6228851079940796,0.5069081783294678,0.4482153058052063,0.37495607137680054,0.311786025762558,0.3183423578739166,0.2576178312301636,0.2305685132741928,0.19846518337726593,0.1850866973400116,0.18418341875076294,0.15747684240341187,0.17271703481674194,0.27186042070388794,0.24436290562152863,0.23116827011108398,0.19524239003658295,0.19853486120700836,1379.4221096020742,3666.6648351399363,2681.5835423844514,0.021315572433294662,0.008542491123080254,70.0,80.0,75.0,117.0,127.0,122.0,3,pranayama
P9,-6.614522933959961,-12.94145393371582,-28.972373962402344,-34.89632797241211,-41.009334564208984,-42.752445220947266,-44.39981460571289,-45.1314582824707,-46.162811279296875,-45.34675979614258,-46.91424560546875,-49.31491470336914,-49.986019134521484,-50.65671157836914,-51.00571823120117,-51.0338134765625,-51.519649505615234,-52.206260681152344,-52.69447326660156,-53.01237106323242,-53.20147705078125,-53.54530715942383,-53.72784423828125,-53.87846374511719,-53.866432189941406,-53.87335968017578,-53.771236419677734,-53.517311096191406,-53.009552001953125,-52.17717742919922,-51.2547492980957,-52.16732406616211,2.5870323181152344,2.470458984375,2.291910171508789,2.492230176925659,2.3148601055145264,2.537612199783325,2.4015438556671143,2.5859243869781494,2.3619112968444824,2.358799457550049,2.207272529602051,2.068620204925537,1.9243886470794678,1.8322316408157349,1.8972700834274292,1.7402101755142212,1.7391692399978638,1.4854753017425537,1.4901180267333984,1.4376437664031982,1.3344829082489014,1.2133291959762573,1.1760448217391968,1.087217092514038,1.1120063066482544,1.0770165920257568,0.958247184753418,0.9192505478858948,0.8632729053497314,0.8406369686126709,0.829338788986206,0.8843741416931152,-264.20367431640625,43.68987274169922,29.850574493408203,17.818347930908203,17.501436233520508,12.696222305297852,12.453530311584473,9.868321418762207,7.968873500823975,5.037558555603027,2.8620171546936035,2.371094226837158,2.25495982170105,2.16949200630188,2.2088582515716553,2.216280698776245,2.110442638397217,2.106914520263672,1.9874275922775269,2.06860613822937,0.40999460220336914,0.361955851316452,0.3487475514411926,0.49439185857772827,0.8560377955436707,0.8953570127487183,0.5477432012557983,0.5018140077590942,0.40848788619041443,0.33793553709983826,0.2852555513381958,0.32162147760391235,0.2570837438106537,0.2165057361125946,0.1943121999502182,0.17208178341388702,0.15267698466777802,0.1534980982542038,0.199489027261734,0.2691745162010193,0.22016963362693787,0.23016969859600067,0.1878250390291214,0.20267260074615479,1352.9178095403834,3523.701353139501,2660.3130995379856,0.019403231946055685,0.0088119488209486,80.0,90.0,85.0,127.0,137.0,132.0,3,pranayama
P9,-7.222261905670166,-13.856409072875977,-29.632644653320312,-35.674800872802734,-41.34239959716797,-43.164222717285156,-44.528629302978516,-45.40352249145508,-46.81224060058594,-46.07491683959961,-47.652061462402344,-49.66743850708008,-50.6644172668457,-51.132423400878906,-51.427085876464844,-51.72390365600586,-52.14206314086914,-52.871910095214844,-53.36770248413086,-53.70836639404297,-53.92868423461914,-54.16644287109375,-54.37251663208008,-54.53508377075195,-54.56554412841797,-54.500308990478516,-54.46287536621094,-54.25735092163086,-53.6988525390625,-52.847984313964844,-51.913814544677734,-52.69389724731445,3.0243337154388428,2.5729963779449463,2.248495578765869,2.682499885559082,2.5532469749450684,2.9339423179626465,2.5374059677124023,3.1129510402679443,2.7245004177093506,2.6015827655792236,2.21327543258667,2.127382278442383,1.9803826808929443,1.944000005722046,1.8086671829223633,1.8073112964630127,1.8361564874649048,1.5742446184158325,1.5101678371429443,1.4561880826950073,1.356210708618164,1.3087890148162842,1.1641663312911987,1.208518624305725,1.0908173322677612,0.94235759973526,0.9961873888969421,0.9436471462249756,0.8829426765441895,0.8356568217277527,0.8368029594421387,0.869045615196228,-267.6421813964844,43.95445251464844,29.80434799194336,17.54258155822754,17.313112258911133,12.444095611572266,12.216873168945312,9.55095386505127,8.046075820922852,5.236313819885254,3.1095964908599854,2.884235382080078,2.3317031860351562,2.398240089416504,2.644427537918091,2.6164934635162354,2.393157958984375,2.127717971801758,2.131338119506836,2.1658904552459717,0.44947609305381775,0.3828258514404297,0.3568735718727112,0.48490110039711,0.8317793011665344,0.892103374004364,0.5727481842041016,0.5360027551651001,0.44171765446662903,0.3688814640045166,0.30935680866241455,0.3473760783672333,0.27631616592407227,0.2169647365808487,0.1801876723766327,0.17159849405288696,0.16943368315696716,0.16397002339363098,0.20497240126132965,0.2719106674194336,0.21877233684062958,0.22771482169628143,0.19812843203544617,0.2161058634519577,1351.7496330658455,3471.1173710303074,2657.7146744782194,0.02058598281612529,0.008976712822914124,90.0,100.0,95.0,137.0,147.0,142.0,3,pranayama
P9,-6.875858783721924,-13.151330947875977,-29.309478759765625,-35.08798599243164,-41.05535888671875,-42.9405632019043,-44.28984069824219,-45.05526351928711,-46.2541389465332,-45.71920394897461,-47.144039154052734,-49.39484405517578,-49.928653717041016,-50.71303939819336,-50.96238708496094,-51.16162109375,-51.57297134399414,-52.52817153930664,-52.75487518310547,-53.11079406738281,-53.2960319519043,-53.60047912597656,-53.8216438293457,-53.90472412109375,-53.92879867553711,-54.02850341796875,-53.905967712402344,-53.62711715698242,-53.033241271972656,-52.197750091552734,-51.34719467163086,-52.178932189941406,2.7536814212799072,2.6362576484680176,2.2857275009155273,2.597996711730957,2.3610172271728516,2.5193867683410645,2.392014741897583,2.499197244644165,2.591681957244873,2.6297454833984375,2.2942426204681396,2.1033687591552734,1.9812169075012207,2.0041582584381104,1.829463243484497,1.7939784526824951,1.6905988454818726,1.5271269083023071,1.554518699645996,1.4135805368423462,1.3320879936218262,1.3524465560913086,1.1982494592666626,1.1742899417877197,1.0333741903305054,1.0507948398590088,0.966942548751831,0.9185457825660706,0.8591899275779724,0.8143441677093506,0.8142339587211609,0.8334207534790039,-264.7904357910156,43.516605377197266,29.767515182495117,17.659700393676758,17.423236846923828,12.592397689819336,12.35683536529541,9.623003959655762,7.974579811096191,5.294018268585205,3.07698130607605,2.481264114379883,2.410020589828491,2.4150097370147705,2.3867533206939697,2.2385802268981934,2.199218273162842,2.1867167949676514,2.0335693359375,2.04705810546875,0.36893630027770996,0.3324299156665802,0.3223896026611328,0.421782910823822,0.7996222376823425,0.912729024887085,0.5743662118911743,0.49367180466651917,0.4067273736000061,0.33388012647628784,0.2746718227863312,0.28660210967063904,0.2568161189556122,0.22650854289531708,0.19889631867408752,0.17819096148014069,0.17932634055614471,0.16112811863422394,0.19162866473197937,0.26147499680519104,0.20621852576732635,0.21214987337589264,0.19311217963695526,0.20698857307434082,1380.8598625968389,3655.123837641386,2682.058374282341,0.019311466792343388,0.008673327043652534,100.0,110.0,105.0,147.0,157.0,152.0,3,pranayama
P9,-5.555430889129639,-11.840181350708008,-27.931346893310547,-33.896385192871094,-40.0398063659668,-41.78355026245117,-43.10125732421875,-44.32460403442383,-45.22357940673828,-44.21823501586914,-45.67362594604492,-48.15909957885742,-48.69342803955078,-49.34635925292969,-49.636138916015625,-50.0218391418457,-50.237648010253906,-51.022151947021484,-51.40374755859375,-51.83710479736328,-52.06142044067383,-52.336063385009766,-52.59659194946289,-52.54923629760742,-52.66083908081055,-52.71317672729492,-52.597049713134766,-52.26448440551758,-51.737022399902344,-50.921485900878906,-50.03506851196289,-50.891685485839844,2.6110904216766357,2.490182876586914,2.2184360027313232,2.6366381645202637,2.4028384685516357,2.4597389698028564,2.089385747909546,2.370091438293457,2.2039756774902344,2.41644287109375,2.090421438217163,2.0949103832244873,1.95181143283844,1.751434564590454,1.8617515563964844,1.7542786598205566,1.702897548675537,1.5715551376342773,1.3426518440246582,1.4359921216964722,1.4001535177230835,1.241586685180664,1.1907598972320557,1.081567406654358,1.042513370513916,0.9929365515708923,0.9380546808242798,0.9843788146972656,0.9014390707015991,0.812278151512146,0.7435585260391235,0.8174253702163696,-257.6183776855469,43.29058074951172,29.660518646240234,17.72519874572754,17.672344207763672,12.8582763671875,12.514599800109863,9.795537948608398,7.898085117340088,5.035629749298096,2.348853588104248,2.1073005199432373,2.3845484256744385,2.0353810787200928,2.1988632678985596,2.122763156890869,2.0002315044403076,2.022001028060913,2.1334738731384277,2.103311777114868,0.3734511435031891,0.3443201780319214,0.3944023549556732,0.762614369392395,0.9431294202804565,0.6563734412193298,0.5011115670204163,0.43727174401283264,0.3586372435092926,0.2951599955558777,0.2938574552536011,0.39358043670654297,0.22272184491157532,0.19173911213874817,0.19120359420776367,0.1685069352388382,0.12158907204866409,0.1659172624349594,0.2635654807090759,0.23331214487552643,0.2202683985233307,0.19383755326271057,0.19586491584777832,0.24771277606487274,1367.05015094964,3602.9395437572507,2673.917946604883,0.019881317067865428,0.008663063868880272,110.0,120.0,115.0,157.0,167.0,162.0,3,pranayama
P9,-9.049505233764648,-15.074986457824707,-31.480369567871094,-37.38460159301758,-43.562618255615234,-45.4361572265625,-46.89917755126953,-47.842769622802734,-48.63930892944336,-47.913047790527344,-49.387081146240234,-51.65211868286133,-52.277896881103516,-52.83183288574219,-53.25764083862305,-53.57339859008789,-53.85018539428711,-54.47673034667969,-54.925537109375,-55.32516860961914,-55.59679412841797,-55.87518310546875,-56.09950637817383,-56.14738464355469,-56.16877365112305,-56.1735954284668,-56.10416030883789,-55.90027618408203,-55.389278411865234,-54.4528694152832,-53.59486389160156,-54.45497512817383,2.927967071533203,2.3322672843933105,2.2186472415924072,2.6130993366241455,2.7030115127563477,2.7740931510925293,2.3188893795013428,2.2995858192443848,2.1881015300750732,2.2993011474609375,2.238450765609741,2.1444289684295654,2.1644785404205322,2.0494937896728516,1.9165958166122437,1.7269786596298218,1.6510530710220337,1.556565523147583,1.5191943645477295,1.4939310550689697,1.4272964000701904,1.29176926612854,1.1972200870513916,1.0894523859024048,1.1164579391479492,1.0260642766952515,0.950732946395874,0.9159404039382935,0.8434417843818665,0.8428788185119629,0.8310550451278687,0.7901859283447266,-277.680419921875,43.32011413574219,29.710752487182617,17.94415283203125,17.793352127075195,12.95944881439209,12.609198570251465,9.850343704223633,7.946654796600342,4.981037616729736,3.1367979049682617,2.296527147293091,2.4662578105926514,2.327428102493286,2.2581541538238525,2.2659366130828857,2.1237518787384033,2.040534257888794,2.103480339050293,1.957040786743164,0.4051302373409271,0.3501008152961731,0.3317720890045166,0.47407808899879456,0.8396798968315125,0.8772962689399719,0.5396136045455933,0.5162676572799683,0.4363318085670471,0.3707984387874603,0.3010229170322418,0.32428523898124695,0.25965195894241333,0.21563521027565002,0.1834714561700821,0.16910506784915924,0.179190531373024,0.17276106774806976,0.19638487696647644,0.2703205943107605,0.23336449265480042,0.25080373883247375,0.19605663418769836,0.20696863532066345,1359.6548795034691,3538.1400902697214,2664.1946431477113,0.019894911905452436,0.008833635598421097,120.0,130.0,125.0,167.0,177.0,172.0,3,pranayama
P9,-17.930801391601562,-24.758995056152344,-40.358551025390625,-46.1395378112793,-52.354122161865234,-54.53507614135742,-56.0832633972168,-56.95883560180664,-57.81654739379883,-57.200897216796875,-58.75292205810547,-60.89549255371094,-61.22694396972656,-61.92481994628906,-62.12029266357422,-62.406368255615234,-62.85383605957031,-63.658329010009766,-64.19178009033203,-64.46800994873047,-64.85449981689453,-65.12918090820312,-65.2662582397461,-65.38687896728516,-65.33560943603516,-65.4522705078125,-65.62735748291016,-65.40046691894531,-64.89437103271484,-64.04725646972656,-63.296844482421875,-64.12364196777344,3.3335697650909424,2.947286605834961,2.886040449142456,3.0459072589874268,3.284867763519287,2.9853549003601074,2.798938751220703,3.0471749305725098,2.8618597984313965,2.453108310699463,2.4279537200927734,2.5909955501556396,2.7643628120422363,3.089948892593384,3.3422837257385254,2.6589996814727783,2.5204474925994873,2.4219048023223877,2.3253448009490967,2.2670042514801025,2.1992712020874023,2.0267574787139893,1.9672362804412842,2.0999200344085693,2.2043890953063965,1.8793716430664062,1.285748839378357,0.983959436416626,0.9090643525123596,0.8745623826980591,0.7906623482704163,0.8555278182029724,-329.76812744140625,44.171180725097656,29.190427780151367,18.32378578186035,17.841968536376953,13.08761978149414,12.189044952392578,9.420005798339844,7.933958530426025,4.973484516143799,8.5391263961792,3.0470774173736572,3.485496997833252,2.488647222518921,2.3458759784698486,2.1705245971679688,2.3351855278015137,2.355494260787964,2.1135363578796387,2.1286420822143555,0.42216867208480835,0.37006843090057373,0.35839545726776123,0.4971436560153961,0.8307405114173889,0.8532105684280396,0.5405083894729614,0.5076475739479065,0.43742161989212036,0.3801259994506836,0.32183218002319336,0.34675347805023193,0.2691679000854492,0.21793824434280396,0.19207638502120972,0.1779920756816864,0.1906706988811493,0.19416262209415436,0.2068336308002472,0.27216479182243347,0.2464880645275116,0.2606821358203888,0.22830140590667725,0.23326052725315094,1310.9509673990572,3283.6386129640373,2606.1217735766677,0.018917216502320186,0.00989523995667696,130.0,140.0,135.0,177.0,187.0,182.0,3,pranayama
P9,-9.007189750671387,-15.759480476379395,-31.589109420776367,-37.36322021484375,-43.431800842285156,-44.933441162109375,-46.57290267944336,-47.85169982910156,-48.66973114013672,-47.801876068115234,-49.31850051879883,-51.73025131225586,-52.270381927490234,-52.689186096191406,-53.03167724609375,-53.490386962890625,-53.73997497558594,-54.45652770996094,-54.887813568115234,-55.262386322021484,-55.63874053955078,-55.813575744628906,-55.86573791503906,-56.119720458984375,-56.135581970214844,-56.0969352722168,-56.00492858886719,-55.80809020996094,-55.28889846801758,-54.4454231262207,-53.549495697021484,-54.43547821044922,3.1683599948883057,2.51517915725708,2.3933725357055664,2.504739761352539,2.479630947113037,2.4930381774902344,2.166835308074951,2.558631420135498,2.3303253650665283,2.362764835357666,2.2155113220214844,2.300273895263672,2.1400299072265625,1.982430338859558,1.808187484741211,1.8562471866607666,1.7563987970352173,1.549852728843689,1.4330345392227173,1.384273886680603,1.3334451913833618,1.2540065050125122,1.1716679334640503,1.0924906730651855,1.1468552350997925,0.9953517913818359,1.0217944383621216,0.9384160041809082,0.8506040573120117,0.7612693309783936,0.8319388031959534,0.7966210842132568,-277.3732604980469,43.21406936645508,29.52899169921875,17.756620407104492,17.527114868164062,12.719025611877441,12.218199729919434,9.57059097290039,7.89874267578125,5.114040374755859,2.475327968597412,2.4817519187927246,2.453869581222534,2.316748857498169,2.3021531105041504,2.336869716644287,2.346544027328491,2.153061866760254,2.1298604011535645,2.0391743183135986,0.3387276232242584,0.3163881301879883,0.34169262647628784,0.4726591408252716,0.8421804308891296,0.9093055129051208,0.5783526301383972,0.5003323554992676,0.41667547821998596,0.34145471453666687,0.28129470348358154,0.28436368703842163,0.23676173388957977,0.20651111006736755,0.19241619110107422,0.18404145538806915,0.15868213772773743,0.14382000267505646,0.18891340494155884,0.2613101899623871,0.22275878489017487,0.22251291573047638,0.19085144996643066,0.19587084650993347,1375.3037725221777,3628.5195901609627,2675.8995837073508,0.02062790023201856,0.008866158314049244,140.0,150.0,145.0,187.0,197.0,192.0,3,pranayama
P9,-6.52252197265625,-12.792424201965332,-28.73332405090332,-34.73885726928711,-40.44094467163086,-42.5560417175293,-43.95427322387695,-44.80075454711914,-45.85826110839844,-45.03657913208008,-46.55565643310547,-48.88970947265625,-49.26295471191406,-49.93935012817383,-49.91119384765625,-50.263118743896484,-50.634769439697266,-51.586307525634766,-52.137786865234375,-52.404945373535156,-52.658260345458984,-52.86600112915039,-53.11075210571289,-53.24213790893555,-53.35139846801758,-53.26589584350586,-53.14024353027344,-52.94779968261719,-52.44316482543945,-51.572235107421875,-50.70497512817383,-51.48502731323242,2.875521659851074,2.570610284805298,2.320003032684326,2.4526753425598145,2.2892208099365234,2.380108118057251,2.1711909770965576,2.4701550006866455,2.223750591278076,2.508242607116699,2.2305893898010254,2.019688129425049,1.9474502801895142,1.9439036846160889,1.9294371604919434,1.7609413862228394,1.6370248794555664,1.5313737392425537,1.3734582662582397,1.4022293090820312,1.3106848001480103,1.225045084953308,1.243759036064148,1.1418883800506592,1.1229690313339233,1.0838158130645752,0.9124705791473389,0.915483295917511,0.9158251285552979,0.8579519391059875,0.8057650327682495,0.8268741965293884,-261.241943359375,42.97856140136719,29.185138702392578,17.657073974609375,17.781742095947266,12.768952369689941,12.14017391204834,9.497698783874512,8.021013259887695,5.1917829513549805,2.378969192504883,2.207540988922119,2.291292905807495,2.2386364936828613,2.179882049560547,2.0593249797821045,2.222034215927124,2.10902738571167,2.12274432182312,2.209622383117676,0.422913134098053,0.3679473102092743,0.34944573044776917,0.4892624616622925,0.8487871885299683,0.8618325591087341,0.5430193543434143,0.5042005181312561,0.41771090030670166,0.3496244251728058,0.28198978304862976,0.31663694977760315,0.2617253363132477,0.20406769216060638,0.17578978836536407,0.1702587604522705,0.17179474234580994,0.18235881626605988,0.20344996452331543,0.2693628966808319,0.2268398404121399,0.23581859469413757,0.1911344975233078,0.20148172974586487,1402.959013896494,3789.5939448593385,2700.298814905026,0.021411869199535964,0.008369782008230686,150.0,160.0,155.0,197.0,207.0,202.0,3,pranayama
P9,-8.815779685974121,-14.939863204956055,-30.926597595214844,-36.70268249511719,-42.610755920410156,-44.469303131103516,-46.31163024902344,-47.08955383300781,-48.11744689941406,-47.314727783203125,-48.87958526611328,-51.12922286987305,-51.702999114990234,-52.29127502441406,-52.617733001708984,-52.89065170288086,-53.28002166748047,-53.94549560546875,-54.365928649902344,-54.816551208496094,-55.03227233886719,-55.39337158203125,-55.42760467529297,-55.74003982543945,-55.63859558105469,-55.583412170410156,-55.48715591430664,-55.260093688964844,-54.84946060180664,-53.97881317138672,-53.046512603759766,-53.887290954589844,2.8682045936584473,2.7691125869750977,2.270798444747925,2.3963050842285156,2.4899046421051025,2.695925235748291,2.340393304824829,2.6549556255340576,2.629169225692749,2.459188222885132,2.1325385570526123,2.0991644859313965,2.0103156566619873,2.0461585521698,1.9539504051208496,1.810454249382019,1.6347543001174927,1.5444656610488892,1.3632614612579346,1.4287521839141846,1.3117207288742065,1.237668514251709,1.2429583072662354,1.0919687747955322,1.1005140542984009,1.018163800239563,0.9447382688522339,0.9664576649665833,0.84713214635849,0.8100718855857849,0.7809788584709167,0.8688304424285889,-274.45330810546875,43.390480041503906,29.644582748413086,17.754106521606445,17.551124572753906,12.648329734802246,12.138758659362793,9.538469314575195,7.742734909057617,4.90138578414917,2.8208727836608887,2.6793339252471924,2.2277801036834717,2.3834776878356934,2.5198161602020264,2.3816728591918945,2.1468632221221924,2.203562021255493,2.035659074783325,2.1070427894592285,0.4146502614021301,0.35501933097839355,0.3476369082927704,0.5490061044692993,0.8955550193786621,0.8420388698577881,0.5211318135261536,0.4951559901237488,0.4057948887348175,0.3375992178916931,0.2845505177974701,0.33421894907951355,0.2705301344394684,0.21974192559719086,0.18363884091377258,0.1655561774969101,0.15668466687202454,0.17499767243862152,0.22091098129749298,0.27145153284072876,0.2154795527458191,0.21662187576293945,0.18423861265182495,0.2098759561777115,1389.8245994754993,3710.305793213457,2688.1847345946817,0.020503280887470998,0.008479367941617966,160.0,170.0,165.0,207.0,217.0,212.0,3,pranayama
P9,-7.121606826782227,-13.549752235412598,-29.343746185302734,-35.40609359741211,-41.31901550292969,-43.250022888183594,-44.6811637878418,-45.546630859375,-46.3955192565918,-45.78440475463867,-47.41341018676758,-49.58148193359375,-50.27677917480469,-50.57338333129883,-50.5855827331543,-50.99785232543945,-51.51896667480469,-52.37382125854492,-52.944454193115234,-53.20425033569336,-53.44365310668945,-53.756309509277344,-54.042335510253906,-54.01680374145508,-54.051570892333984,-54.21297073364258,-54.12614822387695,-53.83661651611328,-53.35493469238281,-52.53556442260742,-51.61362838745117,-52.403072357177734,2.8534247875213623,2.5555152893066406,2.2441704273223877,2.5206668376922607,2.3166706562042236,2.4146130084991455,2.3600106239318848,2.471219062805176,2.4868311882019043,2.4810142517089844,2.336036443710327,2.2061800956726074,2.09085750579834,2.4316256046295166,2.6518936157226562,2.008868932723999,1.7961217164993286,1.6597449779510498,1.4713002443313599,1.457322359085083,1.3598109483718872,1.250522255897522,1.2257285118103027,1.223296880722046,1.1028226613998413,0.9423255920410156,0.9708872437477112,0.9992175698280334,0.9169728755950928,0.8117198348045349,0.793184220790863,0.8304643034934998,-265.7416076660156,43.41935729980469,29.13674545288086,17.729970932006836,17.786115646362305,12.78750228881836,12.156914710998535,9.512815475463867,8.188712120056152,5.251236438751221,3.6871261596679688,2.555044651031494,2.6307661533355713,2.2344748973846436,2.5269525051116943,2.2711188793182373,2.0749671459198,2.2363779544830322,2.1701290607452393,2.2424871921539307,0.3986833989620209,0.3466629981994629,0.334355890750885,0.4711490869522095,0.8489266633987427,0.8927309513092041,0.5578761100769043,0.5105668902397156,0.43391153216362,0.37156519293785095,0.31021496653556824,0.32552510499954224,0.23881793022155762,0.19750650227069855,0.17925779521465302,0.16884000599384308,0.16364528238773346,0.15849635004997253,0.1933344155550003,0.2759493291378021,0.2358451783657074,0.23942384123802185,0.1991308629512787,0.20025412738323212,1374.6455999453335,3611.782645736659,2673.632257079751,0.020480622824825986,0.008654428645968437,170.0,180.0,175.0,217.0,227.0,222.0,3,pranayama
P9,-7.1730170249938965,-13.45862865447998,-29.576698303222656,-35.079219818115234,-40.28864669799805,-42.1300163269043,-43.571720123291016,-44.16111373901367,-45.5997314453125,-45.299156188964844,-47.03224563598633,-49.3364372253418,-50.143341064453125,-50.61721420288086,-50.92372512817383,-51.17865753173828,-51.541419982910156,-52.52698516845703,-53.08290481567383,-53.20869064331055,-53.50288391113281,-53.661190032958984,-53.85868453979492,-53.990299224853516,-54.07950210571289,-54.195777893066406,-54.04188919067383,-53.662174224853516,-53.21073913574219,-52.425472259521484,-51.389488220214844,-52.29001235961914,2.8716018199920654,2.541942834854126,2.1992125511169434,2.4465253353118896,2.4977593421936035,2.8486318588256836,3.2461678981781006,3.5949769020080566,3.1007938385009766,2.44415545463562,2.2011055946350098,2.0399277210235596,2.101820468902588,2.0468130111694336,1.899118185043335,1.8823823928833008,1.6636004447937012,1.6036938428878784,1.6246933937072754,1.5128297805786133,1.4406828880310059,1.3205357789993286,1.2421435117721558,1.1924184560775757,1.1221319437026978,1.0102348327636719,0.9804267287254333,1.0052555799484253,0.9330615997314453,0.8845454454421997,0.9338262677192688,0.8922278881072998,-264.4999694824219,44.45387649536133,29.768556594848633,16.96541404724121,16.492719650268555,11.754810333251953,11.776254653930664,9.391098022460938,8.223052978515625,5.530503273010254,3.738713264465332,3.03092885017395,2.370960235595703,2.4917917251586914,2.7916183471679688,2.731821298599243,2.2614059448242188,2.1550357341766357,2.1722335815429688,2.354210138320923,0.40168577432632446,0.34545043110847473,0.34653088450431824,0.5436843633651733,0.8920206427574158,0.855503261089325,0.5258991718292236,0.49225398898124695,0.40541523694992065,0.34175050258636475,0.29629725217819214,0.3341386020183563,0.25926917791366577,0.20761635899543762,0.18425767123699188,0.16482150554656982,0.15671789646148682,0.17542774975299835,0.20284710824489594,0.25593334436416626,0.22505070269107819,0.22968298196792603,0.197804257273674,0.2149183601140976,1384.5508521025058,3657.272161851073,2681.601587119284,0.020082973825406032,0.008627336472272873,180.0,190.0,185.0,227.0,237.0,232.0,3,pranayama
P9,-6.357086181640625,-13.055079460144043,-28.85438346862793,-35.01294708251953,-40.871700286865234,-42.59170150756836,-44.02960968017578,-44.951271057128906,-46.026119232177734,-45.176822662353516,-46.7366943359375,-49.139404296875,-49.63979721069336,-50.18049240112305,-50.48331832885742,-50.71049499511719,-51.16486740112305,-51.87321853637695,-52.29562759399414,-52.87620544433594,-53.08412170410156,-53.50436019897461,-53.58385467529297,-53.718849182128906,-53.67142105102539,-53.707130432128906,-53.678829193115234,-53.405967712402344,-52.991172790527344,-51.9930305480957,-51.10837936401367,-51.96297836303711,2.615077495574951,2.6905808448791504,2.24015736579895,2.5190181732177734,2.4247303009033203,2.5825047492980957,2.3638968467712402,2.603433847427368,2.346264600753784,2.3489010334014893,2.1915814876556396,2.4007134437561035,2.1585612297058105,1.9753178358078003,1.9399548768997192,1.7834020853042603,1.5469114780426025,1.5403796434402466,1.5132009983062744,1.3446049690246582,1.3337452411651611,1.218733549118042,1.2443888187408447,1.1418168544769287,1.0678094625473022,0.9342794418334961,0.9333624839782715,0.9760806560516357,0.9035302996635437,0.871163547039032,0.8333057761192322,0.867811381816864,-263.1209716796875,43.702571868896484,29.376611709594727,17.60205841064453,17.714454650878906,12.722149848937988,12.278017044067383,9.768959999084473,8.181954383850098,5.126524925231934,2.8130924701690674,2.3631033897399902,2.2103781700134277,2.4447405338287354,2.341503620147705,2.2908270359039307,2.2343709468841553,2.0262491703033447,2.123957872390747,2.1884539127349854,0.43135932087898254,0.36558282375335693,0.337394118309021,0.4765744209289551,0.8451409339904785,0.8825966715812683,0.5617115497589111,0.5248399972915649,0.4313751757144928,0.3603774905204773,0.30336296558380127,0.3385612964630127,0.26755574345588684,0.20657213032245636,0.17077144980430603,0.16575945913791656,0.17589491605758667,0.164544016122818,0.20321808755397797,0.273214727640152,0.22430893778800964,0.23066647350788116,0.20038020610809326,0.21531669795513153,1347.991009988303,3474.3148768307715,2656.2121914645545,0.018877564892691417,0.008918584324419498,190.0,200.0,195.0,237.0,247.0,242.0,3,pranayama
P9,-8.434548377990723,-14.795313835144043,-30.659780502319336,-36.36347961425781,-42.184566497802734,-44.15711975097656,-45.55534362792969,-46.78204345703125,-47.97170639038086,-47.02672576904297,-48.666133880615234,-50.91720199584961,-51.4859504699707,-51.89134216308594,-52.06632614135742,-52.43252944946289,-52.67351531982422,-53.73859405517578,-54.054805755615234,-54.497562408447266,-54.80190658569336,-55.03055953979492,-55.202842712402344,-55.37570571899414,-55.50200653076172,-55.485862731933594,-55.34782409667969,-55.129512786865234,-54.68289566040039,-53.79658126831055,-52.79393005371094,-53.613059997558594,2.8719468116760254,2.759739637374878,2.1454317569732666,2.4034688472747803,2.535478353500366,2.4591946601867676,2.366364002227783,2.419656991958618,2.486873149871826,2.4598500728607178,2.1287693977355957,2.232409715652466,2.1697545051574707,1.9475983381271362,2.049900770187378,1.837996482849121,1.7051197290420532,1.6610095500946045,1.4475520849227905,1.45335853099823,1.3501936197280884,1.3605972528457642,1.2296278476715088,1.1650059223175049,1.0438237190246582,1.0390701293945312,0.9602354168891907,0.9709413647651672,0.8290424346923828,0.816325306892395,0.8214254975318909,0.8296985626220703,-272.78717041015625,43.678627014160156,29.41933250427246,17.775226593017578,17.715490341186523,12.423016548156738,11.92543888092041,9.262116432189941,7.920979976654053,5.099563121795654,3.1613173484802246,2.1987242698669434,2.463744878768921,2.3565526008605957,2.2666873931884766,2.2895302772521973,2.2430028915405273,2.080627202987671,2.076796770095825,2.0215353965759277,0.36332520842552185,0.3209504783153534,0.3139951229095459,0.44387999176979065,0.8330387473106384,0.9092000722885132,0.5692543387413025,0.503859281539917,0.40688949823379517,0.3310563564300537,0.2708519697189331,0.28520822525024414,0.24904702603816986,0.21046608686447144,0.18023322522640228,0.1641896516084671,0.1608283817768097,0.15603205561637878,0.18792662024497986,0.2526889741420746,0.21783022582530975,0.23083795607089996,0.1878233104944229,0.19529762864112854,1383.5202872849047,3656.897454140081,2682.1326602947047,0.020099967372389792,0.008625013753771782,200.0,210.0,205.0,247.0,257.0,252.0,3,pranayama
P9,-7.232319355010986,-13.985554695129395,-30.037450790405273,-36.13471603393555,-41.861114501953125,-43.61549377441406,-45.04555130004883,-46.082637786865234,-47.21589660644531,-46.306854248046875,-47.881080627441406,-50.02223205566406,-50.723846435546875,-51.344295501708984,-51.23997497558594,-51.3275260925293,-52.03702926635742,-53.12265396118164,-53.37008285522461,-53.74033737182617,-53.888328552246094,-54.261226654052734,-54.58143615722656,-54.68593215942383,-54.64225769042969,-54.70331954956055,-54.616844177246094,-54.48854446411133,-53.92354202270508,-53.12599563598633,-52.08565139770508,-52.92253494262695,2.7438442707061768,2.6178925037384033,2.319523572921753,2.352132558822632,2.4144036769866943,2.2711896896362305,2.0917398929595947,2.3988232612609863,2.3096160888671875,2.407602548599243,2.199552059173584,2.0371158123016357,2.034416437149048,1.9861880540847778,1.9153203964233398,1.8784810304641724,1.61024808883667,1.5796728134155273,1.4247183799743652,1.491494059562683,1.292954921722412,1.2551847696304321,1.1686400175094604,1.148780107498169,0.992485761642456,0.9677862524986267,0.9516220092773438,0.9129823446273804,0.8717247843742371,0.8648495078086853,0.7788574695587158,0.7932310104370117,-268.7451477050781,43.529354095458984,29.218059539794922,17.823999404907227,17.882814407348633,12.794717788696289,12.295170783996582,9.602416038513184,8.257939338684082,5.377164363861084,2.6501200199127197,2.241694450378418,2.382927894592285,2.159971237182617,2.1733508110046387,2.0997188091278076,2.0637123584747314,2.1149508953094482,2.0277388095855713,2.0637426376342773,0.3869088888168335,0.35224512219429016,0.3298407196998596,0.40308934450149536,0.7832072377204895,0.9185072779655457,0.6272043585777283,0.5385479927062988,0.45579543709754944,0.36560940742492676,0.2932732105255127,0.29387518763542175,0.2583734393119812,0.22509701550006866,0.19093483686447144,0.17862500250339508,0.17281374335289001,0.14486733078956604,0.1733463555574417,0.26746079325675964,0.22691798210144043,0.23382025957107544,0.2034042626619339,0.2041846364736557,1348.573000936375,3475.6638245903423,2654.6240764646504,0.019054297781322505,0.008924050256609917,210.0,220.0,215.0,257.0,267.0,262.0,3,pranayama
P9,-5.98812198638916,-12.654983520507812,-28.26165008544922,-34.17115020751953,-39.97396469116211,-41.49197006225586,-42.760494232177734,-43.82865524291992,-44.951560974121094,-44.362911224365234,-45.81916427612305,-47.90663146972656,-48.569984436035156,-49.1707878112793,-49.281349182128906,-49.43682861328125,-49.732398986816406,-50.900577545166016,-51.35635757446289,-51.78908157348633,-52.19389724731445,-52.461814880371094,-52.633792877197266,-52.770877838134766,-52.92182159423828,-53.03998565673828,-52.926456451416016,-52.69009017944336,-52.2435188293457,-51.476905822753906,-50.55604553222656,-51.36452102661133,2.7834067344665527,2.778754711151123,2.29170560836792,2.543959856033325,2.3694775104522705,2.6922683715820312,2.773606300354004,2.7997915744781494,2.426377058029175,2.5414702892303467,2.3244848251342773,2.4798309803009033,2.425137996673584,2.4051687717437744,2.4752256870269775,2.3008224964141846,2.18420672416687,2.0571658611297607,1.8938558101654053,1.7200970649719238,1.699263334274292,1.5742406845092773,1.372841238975525,1.265994668006897,1.2065274715423584,1.132278323173523,0.9206302165985107,0.9566251635551453,0.9127620458602905,0.8497771620750427,0.8182082772254944,0.8463482856750488,-258.03887939453125,43.984718322753906,28.27204704284668,17.365705490112305,17.43677520751953,12.387385368347168,11.831294059753418,9.485730171203613,8.197572708129883,5.277780055999756,4.6603569984436035,2.6752829551696777,3.5454578399658203,2.341829299926758,2.3291208744049072,2.2554051876068115,2.2994494438171387,2.1616930961608887,2.036844491958618,2.1687188148498535,0.40831688046455383,0.35396963357925415,0.35227853059768677,0.5062490701675415,0.8489999175071716,0.8719959855079651,0.5467290282249451,0.5118740797042847,0.42968350648880005,0.3665444850921631,0.3134031593799591,0.34007641673088074,0.2575901746749878,0.20678181946277618,0.19297589361667633,0.17814531922340393,0.18085280060768127,0.1721366047859192,0.2042413353919983,0.27805620431900024,0.23876824975013733,0.2417387217283249,0.21329955756664276,0.22404174506664276,1368.7145010207582,3566.567915276972,2659.570996407221,0.020155479625870068,0.008821481838822365,220.0,230.0,225.0,267.0,277.0,272.0,3,pranayama
P9,-7.54928731918335,-13.76253890991211,-29.43946647644043,-35.22183609008789,-40.97019577026367,-42.4456672668457,-43.73924255371094,-44.27705383300781,-45.86874771118164,-46.07305908203125,-47.73264694213867,-49.89079666137695,-50.45524978637695,-50.94194030761719,-50.93536376953125,-51.06862258911133,-51.70265197753906,-52.77168655395508,-53.22084426879883,-53.49054718017578,-53.79506301879883,-54.14667892456055,-54.162113189697266,-54.22000503540039,-54.41181182861328,-54.4528694152832,-54.3792724609375,-54.102012634277344,-53.64225769042969,-52.78329086303711,-51.84115982055664,-52.65835189819336,2.6604108810424805,2.5637266635894775,2.1784770488739014,2.4852330684661865,2.5981574058532715,2.9777793884277344,2.9098148345947266,3.449536085128784,2.9277029037475586,2.603445291519165,2.298968553543091,2.1280407905578613,2.1250524520874023,2.1077659130096436,2.1318070888519287,1.9256317615509033,1.6704193353652954,1.6465415954589844,1.4937348365783691,1.4488173723220825,1.3515872955322266,1.2672017812728882,1.1825668811798096,1.1880249977111816,1.2300021648406982,1.0912303924560547,0.9616973996162415,1.022660255432129,0.9842159152030945,0.8999820351600647,0.8475085496902466,0.9108251333236694,-266.25262451171875,44.5502815246582,29.60158920288086,17.309783935546875,16.8311767578125,11.713089942932129,11.33303165435791,9.236868858337402,8.545599937438965,5.709844589233398,4.055603504180908,2.8946967124938965,2.4975879192352295,2.3313255310058594,2.563657283782959,2.4649949073791504,2.2263782024383545,2.1578054428100586,2.3300156593322754,2.1357309818267822,0.4132351279258728,0.364284873008728,0.3620685935020447,0.5531654953956604,0.8948842883110046,0.8707395195960999,0.5282458662986755,0.4913291037082672,0.39576175808906555,0.32700708508491516,0.2877466082572937,0.3361695408821106,0.2468961775302887,0.19895459711551666,0.18319062888622284,0.16730467975139618,0.14359310269355774,0.1609739065170288,0.20906133949756622,0.2581665515899658,0.21803134679794312,0.22328752279281616,0.1952476054430008,0.20993968844413757,1379.4707491026893,3640.834983595563,2674.9377856843594,0.020829556989559166,0.008625376038253307,230.0,240.0,235.0,277.0,287.0,282.0,3,pranayama
P9,-8.249403953552246,-15.058124542236328,-30.150917053222656,-35.938636779785156,-41.792850494384766,-43.3827018737793,-44.79582977294922,-45.5499382019043,-46.86415100097656,-46.79261016845703,-48.30266189575195,-50.44354248046875,-51.032352447509766,-51.28071594238281,-51.589881896972656,-51.76008605957031,-52.30189514160156,-53.382041931152344,-53.92790222167969,-54.21183776855469,-54.3684196472168,-54.74591827392578,-54.85914993286133,-54.889259338378906,-54.98456573486328,-55.04270935058594,-54.958255767822266,-54.72539520263672,-54.18301773071289,-53.37022018432617,-52.444580078125,-53.249935150146484,2.844411849975586,2.577949047088623,2.3281333446502686,2.563004970550537,2.6487631797790527,2.7830522060394287,2.51961088180542,2.618194580078125,2.5322425365448,2.4353344440460205,2.369868040084839,2.2113306522369385,2.0634915828704834,1.9910001754760742,2.064819574356079,1.8915390968322754,1.8671257495880127,1.5959584712982178,1.5216189622879028,1.4706799983978271,1.384485125541687,1.311025619506836,1.295424461364746,1.2205572128295898,1.1251220703125,1.0943254232406616,0.9343022108078003,0.9443999528884888,1.0051451921463013,0.8985648155212402,0.8214858174324036,0.8163008689880371,-270.22607421875,43.91476058959961,29.289121627807617,17.190542221069336,17.085886001586914,12.090583801269531,11.435587882995605,9.061599731445312,8.208245277404785,5.480734825134277,3.5800650119781494,2.4890658855438232,2.3977372646331787,2.196183443069458,2.4643566608428955,2.3427302837371826,2.3191425800323486,2.170618772506714,2.1207737922668457,2.0774800777435303,0.3678116500377655,0.32742956280708313,0.3628351390361786,0.5459213256835938,0.8814644813537598,0.881503701210022,0.5497841835021973,0.5046491026878357,0.42184945940971375,0.3614192306995392,0.3040216863155365,0.31849175691604614,0.23371835052967072,0.19631263613700867,0.20885363221168518,0.185836061835289,0.14273160696029663,0.15373718738555908,0.20948556065559387,0.27053070068359375,0.2207169085741043,0.22880388796329498,0.18932950496673584,0.19540072977542877,1408.2853650530155,3810.652518217082,2701.8860466756164,0.01980767836426914,0.008428936824202538,240.0,250.0,245.0,287.0,297.0,292.0,3,pranayama
P9,-8.104247093200684,-14.579041481018066,-30.409088134765625,-36.171939849853516,-42.47728729248047,-43.741485595703125,-45.22742462158203,-46.23250961303711,-47.157047271728516,-46.91512680053711,-48.56721878051758,-50.43635177612305,-50.95954895019531,-51.471168518066406,-51.70064163208008,-51.71389389038086,-52.21944046020508,-53.48692321777344,-53.804969787597656,-54.26044464111328,-54.648094177246094,-54.7890625,-54.939048767089844,-55.15089797973633,-55.15922164916992,-55.222984313964844,-55.21775436401367,-54.90736389160156,-54.31355285644531,-53.44443893432617,-52.51766586303711,-53.37796401977539,2.8344311714172363,2.548577070236206,2.1642136573791504,2.542234182357788,2.3780617713928223,2.5300304889678955,2.1961963176727295,2.4037632942199707,2.3986966609954834,2.3832879066467285,2.256351947784424,2.192378520965576,2.244168519973755,1.952025294303894,2.0579919815063477,2.198906660079956,1.95230233669281,1.6366914510726929,1.535647988319397,1.4587438106536865,1.3775678873062134,1.2701237201690674,1.2155377864837646,1.0790166854858398,1.0366629362106323,1.0667973756790161,1.0470614433288574,0.9811182022094727,0.9013015627861023,0.8255495429039001,0.8157657384872437,0.8172662854194641,-271.0559387207031,43.752464294433594,29.10877227783203,17.43367576599121,17.78866958618164,12.507871627807617,11.856048583984375,9.33657169342041,8.324494361877441,5.474067687988281,2.9245781898498535,2.34893798828125,2.474750280380249,2.5267488956451416,2.4233479499816895,2.168874979019165,2.3331146240234375,2.1972999572753906,2.2293760776519775,2.067689895629883,0.4066392183303833,0.36438173055648804,0.37113288044929504,0.5155912041664124,0.8588777184486389,0.8609580993652344,0.5419853329658508,0.5233860611915588,0.44143474102020264,0.37332451343536377,0.3122118413448334,0.3333994448184967,0.25270405411720276,0.20853516459465027,0.20390963554382324,0.1938243806362152,0.16682223975658417,0.16696053743362427,0.20611681044101715,0.2853327691555023,0.2285616248846054,0.22560285031795502,0.19492366909980774,0.2081725001335144,1373.3267215944,3591.9730980822214,2673.4168311352832,0.02045230024651972,0.008586469106376171,250.0,260.0,255.0,297.0,307.0,302.0,3,pranayama
P9,-7.259646892547607,-13.771114349365234,-29.695709228515625,-35.87211227416992,-40.88700866699219,-42.433780670166016,-43.9156379699707,-44.705352783203125,-45.2660026550293,-45.06075668334961,-45.960670471191406,-47.39447784423828,-47.620086669921875,-48.281375885009766,-48.4080924987793,-48.77206802368164,-49.31726837158203,-49.987754821777344,-50.446414947509766,-50.89031982421875,-51.352378845214844,-52.18010330200195,-52.750587463378906,-53.20270919799805,-53.30400848388672,-53.542396545410156,-53.5481071472168,-53.48191833496094,-53.016197204589844,-52.260738372802734,-51.284400939941406,-52.08866500854492,2.85365891456604,2.6084039211273193,2.3273136615753174,2.4773120880126953,2.632183313369751,2.895322322845459,2.8193612098693848,2.951702356338501,2.984471082687378,2.999532699584961,3.5905377864837646,3.73209547996521,4.067755222320557,4.064321041107178,4.302611827850342,4.001462936401367,3.7926464080810547,3.9042563438415527,3.885575771331787,3.6902124881744385,3.323380470275879,2.8553988933563232,2.694733142852783,2.266117572784424,1.9573816061019897,1.8104417324066162,1.6308854818344116,1.5001897811889648,1.458927869796753,1.3254518508911133,1.4931644201278687,1.538914442062378,-259.500732421875,42.90548324584961,24.157695770263672,17.314430236816406,18.331829071044922,12.418533325195312,12.22896671295166,9.394784927368164,7.682491302490234,5.475211143493652,11.512895584106445,2.9254229068756104,6.790044784545898,2.7879366874694824,2.4950923919677734,2.496267795562744,2.287121057510376,2.256657123565674,2.115480661392212,2.0705955028533936,0.3835430145263672,0.3336951732635498,0.33310025930404663,0.5179734230041504,0.8742384910583496,0.8785657286643982,0.5525073409080505,0.516455888748169,0.41517457365989685,0.3389076888561249,0.27769365906715393,0.3118515908718109,0.2497367560863495,0.19912861287593842,0.17531169950962067,0.16487611830234528,0.16233417391777039,0.16615326702594757,0.21774053573608398,0.2758875787258148,0.22721263766288757,0.22938302159309387,0.1904655247926712,0.20492804050445557,1459.5823667939956,3882.0468274180685,2696.015233199848,0.021376749202436193,0.008914509788155556,260.0,270.0,265.0,307.0,317.0,312.0,3,pranayama
P9,-7.038745880126953,-13.097871780395508,-28.80385398864746,-34.90500259399414,-40.38570785522461,-42.27958297729492,-43.648193359375,-44.54452896118164,-45.5030632019043,-44.998382568359375,-46.17024230957031,-48.054325103759766,-48.685081481933594,-49.112579345703125,-48.61069107055664,-48.512779235839844,-49.42125701904297,-50.775577545166016,-51.375,-51.73955154418945,-52.094913482666016,-52.48294448852539,-52.925048828125,-53.09355926513672,-53.29096603393555,-53.505184173583984,-53.42893600463867,-53.25666046142578,-52.831050872802734,-51.99940490722656,-51.06865310668945,-51.891876220703125,2.6354682445526123,2.574303388595581,2.3239076137542725,2.3665273189544678,2.571807384490967,2.5734071731567383,2.5717644691467285,2.431575298309326,2.692474603652954,2.557015895843506,2.831510066986084,2.786639928817749,3.0468709468841553,3.0356364250183105,3.210545301437378,3.036268949508667,2.7645351886749268,2.745945453643799,2.653332233428955,2.514009475708008,2.427816867828369,2.200528383255005,1.932330846786499,1.6793204545974731,1.535199761390686,1.3477823734283447,1.145804762840271,1.0176273584365845,0.910455048084259,0.8806617856025696,0.8399988412857056,0.8353850841522217,-259.77886962890625,43.51675033569336,26.375347137451172,17.540494918823242,18.34468650817871,12.55339527130127,11.532479286193848,9.065256118774414,8.247160911560059,5.358069896697998,7.222385406494141,2.306565284729004,4.9768290519714355,2.414721727371216,2.34245228767395,2.047947406768799,2.2783873081207275,2.263702869415283,2.0379436016082764,2.0446293354034424,0.47818195819854736,0.4343276619911194,0.40147915482521057,0.4945533573627472,0.851089596748352,0.8694758415222168,0.5189125537872314,0.47265544533729553,0.41534408926963806,0.3694372773170471,0.31666600704193115,0.35376808047294617,0.26415205001831055,0.2291090041399002,0.20484933257102966,0.18711011111736298,0.1726793646812439,0.17932651937007904,0.19788099825382233,0.25179511308670044,0.2038104087114334,0.22095221281051636,0.18996070325374603,0.20355062186717987,1410.4412764279473,3733.23790512616,2679.050868737752,0.021840106583526683,0.008356168866157532,270.0,280.0,275.0,317.0,327.0,322.0,3,pranayama
P9,-6.5330705642700195,-12.87812614440918,-28.690099716186523,-34.85359191894531,-40.5516242980957,-42.71319580078125,-44.025291442871094,-44.94843292236328,-45.8640251159668,-45.09854507446289,-46.3970947265625,-48.80549240112305,-49.64728546142578,-49.9385871887207,-50.177032470703125,-50.11009216308594,-50.68959426879883,-51.74247741699219,-52.12774658203125,-52.3947868347168,-52.817203521728516,-53.0405387878418,-53.22761917114258,-53.293521881103516,-53.51413345336914,-53.54487228393555,-53.436729431152344,-53.138118743896484,-52.532257080078125,-51.7945442199707,-50.975460052490234,-51.725521087646484,2.6818506717681885,2.419207811355591,2.2671902179718018,2.30764102935791,2.446798324584961,2.489262342453003,2.1575446128845215,2.1920924186706543,2.2835299968719482,2.326925039291382,2.1715166568756104,2.0165696144104004,1.9456232786178589,1.9001274108886719,1.9788867235183716,1.833833932876587,1.7102245092391968,1.619451880455017,1.547202706336975,1.386056661605835,1.3045297861099243,1.2702243328094482,1.2289458513259888,1.1686652898788452,1.1199510097503662,0.9904568791389465,1.0132070779800415,0.8811627626419067,0.9672202467918396,0.836625874042511,0.804348349571228,0.8244596719741821,-261.8463439941406,43.281829833984375,28.998958587646484,17.710981369018555,17.814546585083008,12.756111145019531,12.252569198608398,9.65648078918457,8.057083129882812,5.119999408721924,2.829164505004883,2.136913537979126,2.245715856552124,2.018332004547119,2.148427724838257,2.1149344444274902,2.1678547859191895,2.0024161338806152,2.0465598106384277,1.9515066146850586,0.4288846254348755,0.3777677118778229,0.35696953535079956,0.4708938002586365,0.8381973505020142,0.8745560646057129,0.5564921498298645,0.5289438962936401,0.4552716612815857,0.38959062099456787,0.3271265923976898,0.3451744019985199,0.2569645941257477,0.208203986287117,0.1779022365808487,0.16726447641849518,0.1730966717004776,0.16727790236473083,0.19746825098991394,0.2724243104457855,0.2239261269569397,0.2354692965745926,0.2015250325202942,0.21094481647014618,1373.045179993436,3633.11600474913,2674.5201617020048,0.02117282663863109,0.008591200225055218,280.0,290.0,285.0,327.0,337.0,332.0,1,chanting
P9,-6.7534894943237305,-12.618499755859375,-28.69525718688965,-34.940494537353516,-40.86180877685547,-42.82248306274414,-44.2136116027832,-45.032657623291016,-45.98748016357422,-45.24528121948242,-46.77348327636719,-48.9580192565918,-49.7517204284668,-50.151580810546875,-49.83224868774414,-49.880863189697266,-50.61075210571289,-51.84283447265625,-52.373233795166016,-52.65062713623047,-53.001953125,-53.25967025756836,-53.558311462402344,-53.632938385009766,-53.55497741699219,-53.64397048950195,-53.51368713378906,-53.242942810058594,-52.799625396728516,-51.84502029418945,-50.97130584716797,-51.752235412597656,2.78896164894104,2.4972012042999268,2.20973539352417,2.5494120121002197,2.3590750694274902,2.3990678787231445,2.1505141258239746,2.3096354007720947,2.2585644721984863,2.3663740158081055,2.2409560680389404,2.08671236038208,1.947148323059082,1.8243036270141602,2.1479878425598145,2.142523765563965,1.8489619493484497,1.548255443572998,1.4695004224777222,1.3813432455062866,1.2817271947860718,1.2077304124832153,1.1554301977157593,1.1294044256210327,1.0126649141311646,0.9857000708580017,0.9757463335990906,0.9377338886260986,0.8871052265167236,0.8249570727348328,0.799517810344696,0.8359730839729309,-262.4732666015625,43.3505973815918,29.01340675354004,17.608064651489258,18.27728843688965,12.911735534667969,11.986056327819824,9.595209121704102,8.373580932617188,5.203752040863037,2.242365837097168,2.3742618560791016,2.4877703189849854,2.2742981910705566,2.366115093231201,2.287611961364746,2.185753345489502,2.0901451110839844,2.218695640563965,2.0383822917938232,0.4004004895687103,0.352155476808548,0.3391359746456146,0.5328263640403748,0.8893968462944031,0.8525696992874146,0.5051112174987793,0.4811677634716034,0.4031129777431488,0.3438681364059448,0.29425758123397827,0.3301672041416168,0.2381058633327484,0.19599507749080658,0.1852385252714157,0.16926456987857819,0.15767866373062134,0.172864630818367,0.214560866355896,0.26982882618904114,0.21633300185203552,0.22351260483264923,0.19505749642848969,0.20094464719295502,1380.1770965152114,3645.356456641531,2680.3806302353087,0.02027443445475638,0.008456437848508358,290.0,300.0,295.0,337.0,347.0,342.0,1,chanting
P9,-6.7418975830078125,-12.9383544921875,-28.873332977294922,-35.13603973388672,-40.85419845581055,-42.95725631713867,-44.39041519165039,-45.25391387939453,-46.21226119995117,-45.5291748046875,-47.00366973876953,-49.2015495300293,-49.7900505065918,-50.08456039428711,-49.78566360473633,-49.68873977661133,-50.27033615112305,-51.840065002441406,-52.57577896118164,-52.905765533447266,-53.29315948486328,-53.452091217041016,-53.65668869018555,-53.711483001708984,-53.73019790649414,-53.75542068481445,-53.716304779052734,-53.48988723754883,-52.9631233215332,-52.12364959716797,-51.18904113769531,-51.97948455810547,2.6978063583374023,2.572718381881714,2.268367290496826,2.354839563369751,2.472269296646118,2.3187124729156494,2.192706823348999,2.3722991943359375,2.3114664554595947,2.3007891178131104,2.1396920680999756,1.9346256256103516,2.0149002075195312,2.009122371673584,2.260388135910034,2.202746868133545,1.9680287837982178,1.526318073272705,1.4945186376571655,1.416042447090149,1.3472951650619507,1.2606202363967896,1.1898834705352783,1.1882215738296509,1.1016017198562622,1.0404267311096191,0.9165716767311096,0.9163476824760437,0.8324426412582397,0.7572925090789795,0.7743645906448364,0.7862077355384827,-263.2370300292969,43.434730529785156,28.664793014526367,17.665462493896484,18.59369468688965,13.075353622436523,11.61609172821045,9.378205299377441,8.633142471313477,5.24305534362793,2.6802759170532227,2.222776412963867,2.519320487976074,2.1310155391693115,2.2898523807525635,2.1934354305267334,2.2067947387695312,2.156649351119995,2.158125400543213,2.0593459606170654,0.4334498345851898,0.3771057724952698,0.33519718050956726,0.47612375020980835,0.8513527512550354,0.8872326612472534,0.5553890466690063,0.5213373303413391,0.42793917655944824,0.3579219579696655,0.2967260479927063,0.3358656167984009,0.25525203347206116,0.20991212129592896,0.16329991817474365,0.15651549398899078,0.16413559019565582,0.15749481320381165,0.19863465428352356,0.26101920008659363,0.22022715210914612,0.23094670474529266,0.1932249814271927,0.20405688881874084,1368.7644746350782,3582.9301519902842,2670.448904376209,0.020246111876450115,0.008555629290640354,300.0,310.0,305.0,347.0,357.0,352.0,1,chanting
P9,-7.6515021324157715,-13.68103313446045,-29.671756744384766,-35.79685974121094,-41.87591552734375,-43.75123977661133,-45.016212463378906,-45.93289566040039,-46.855018615722656,-46.152366638183594,-47.43568801879883,-49.9736442565918,-50.552330017089844,-50.89236068725586,-51.06781005859375,-51.052921295166016,-51.52992630004883,-52.87208938598633,-53.3151969909668,-53.618892669677734,-53.84697723388672,-54.207305908203125,-54.41241455078125,-54.52620315551758,-54.55129623413086,-54.576847076416016,-54.3548698425293,-54.08606719970703,-53.6295166015625,-52.801063537597656,-51.91501235961914,-52.71974563598633,2.7210960388183594,2.31451416015625,2.280254602432251,2.551636219024658,2.6093640327453613,2.3582005500793457,2.048813819885254,2.2726633548736572,2.2401559352874756,2.3487040996551514,2.26629638671875,2.056043863296509,2.1126489639282227,1.8034658432006836,1.7776768207550049,1.9899203777313232,1.861782431602478,1.5032142400741577,1.434110164642334,1.406288743019104,1.427320957183838,1.3170181512832642,1.226576328277588,1.1091463565826416,1.0908527374267578,0.9992741942405701,0.9142875671386719,0.8788175582885742,0.8480069637298584,0.8605710864067078,0.774720311164856,0.7744476795196533,-267.6969909667969,43.34445571899414,29.072528839111328,17.495624542236328,18.023008346557617,12.930356979370117,12.109169006347656,9.689794540405273,8.197778701782227,5.233329772949219,2.2880423069000244,2.163213014602661,2.3723154067993164,2.1729414463043213,2.252267360687256,1.9629764556884766,2.0630719661712646,2.1513352394104004,2.06013822555542,2.1825039386749268,0.4229344427585602,0.3813737630844116,0.3584672212600708,0.47146809101104736,0.8378373980522156,0.8809049725532532,0.5305269956588745,0.47978952527046204,0.3998344838619232,0.3374384939670563,0.2839784324169159,0.3179295063018799,0.2680586278438568,0.2250119149684906,0.18639546632766724,0.17117102444171906,0.17586670815944672,0.1747354418039322,0.2069150060415268,0.2793886065483093,0.22394759953022003,0.22015812993049622,0.17629827558994293,0.19545845687389374,1387.0058623580337,3701.8623794591067,2686.719333614941,0.020580318300464036,0.00844711996614933,310.0,320.0,315.0,357.0,367.0,362.0,1,chanting
P9,-7.671156883239746,-14.132211685180664,-29.789039611816406,-35.82207489013672,-41.750057220458984,-43.73053741455078,-44.9622688293457,-45.53033447265625,-46.94551467895508,-46.31222915649414,-47.869903564453125,-49.833553314208984,-50.293949127197266,-50.671112060546875,-50.60676193237305,-50.74492645263672,-51.27639389038086,-52.67428970336914,-53.100425720214844,-53.359046936035156,-53.70717239379883,-54.00571823120117,-54.261810302734375,-54.526554107666016,-54.49986267089844,-54.522403717041016,-54.44480895996094,-54.26457214355469,-53.744895935058594,-52.878108978271484,-51.98581314086914,-52.85915756225586,2.894343614578247,2.7072103023529053,2.1597683429718018,2.362100124359131,2.6283907890319824,2.5980169773101807,2.429335832595825,2.6183738708496094,2.472683906555176,2.5253095626831055,2.397434949874878,2.586977481842041,3.0282630920410156,3.2603869438171387,3.1017956733703613,3.0105717182159424,2.8989293575286865,2.4200263023376465,1.9549680948257446,2.2144386768341064,2.2461206912994385,1.984994649887085,1.8769128322601318,1.6002600193023682,1.269573450088501,1.2326228618621826,1.1832398176193237,1.1451022624969482,1.205565094947815,1.1430660486221313,1.057829737663269,0.9693270325660706,-267.42364501953125,43.316749572753906,28.332853317260742,17.62725067138672,18.123327255249023,12.732906341552734,11.782086372375488,9.340465545654297,8.263236045837402,5.516695499420166,6.207339763641357,2.59199857711792,4.339999675750732,2.672626495361328,2.771806240081787,2.5608112812042236,2.388723850250244,2.3923046588897705,2.1363730430603027,2.318483829498291,0.40542733669281006,0.36310938000679016,0.3349321484565735,0.42800652980804443,0.8022872805595398,0.8978792428970337,0.5858573913574219,0.5390389561653137,0.4450906217098236,0.3639202415943146,0.3001340925693512,0.31650546193122864,0.2620713710784912,0.221291646361351,0.18956749141216278,0.17355935275554657,0.17632749676704407,0.16659970581531525,0.19525368511676788,0.2670987546443939,0.20873911678791046,0.22576145827770233,0.19794636964797974,0.20911985635757446,1396.681675269868,3691.4704856075987,2679.7467936434145,0.020495350565545245,0.008708040229976177,320.0,330.0,325.0,367.0,377.0,372.0,1,chanting
P9,-10.097079277038574,-16.35761260986328,-21.47632598876953,-26.09797477722168,-33.34279251098633,-37.60354232788086,-35.68220138549805,-37.09369659423828,-39.4383430480957,-41.486541748046875,-42.546844482421875,-41.44840621948242,-40.13739776611328,-40.35493469238281,-42.08726501464844,-46.15436553955078,-48.08625793457031,-51.48347473144531,-48.0737190246582,-49.73967742919922,-49.823646545410156,-46.68595886230469,-49.94533920288086,-54.82461929321289,-59.84649658203125,-55.30372619628906,-55.02341842651367,-57.434993743896484,-60.871238708496094,-59.595367431640625,-58.0233154296875,-59.0741081237793,4.245376110076904,4.10800313949585,9.112076759338379,9.92996597290039,8.735210418701172,8.893141746520996,11.549933433532715,12.715795516967773,12.009308815002441,11.295804977416992,10.207016944885254,11.917701721191406,11.573344230651855,10.15757942199707,9.361581802368164,7.662111759185791,7.194520950317383,7.80298376083374,10.103952407836914,8.384242057800293,9.026883125305176,11.285405158996582,8.7459077835083,5.844252586364746,3.755370616912842,7.266155242919922,7.362488269805908,4.5250020027160645,2.0434155464172363,1.9385647773742676,2.324565887451172,2.4194445610046387,-250.18154907226562,64.2134780883789,12.657219886779785,16.691747665405273,11.79179859161377,10.156356811523438,9.722135543823242,1.1141276359558105,1.083594560623169,7.183892250061035,39.6418571472168,11.95842456817627,12.115206718444824,5.779262065887451,12.416460990905762,5.045884609222412,4.650330543518066,7.311831951141357,4.664072513580322,3.450427293777466,0.3427196741104126,0.24043188989162445,0.3711453378200531,0.5428421497344971,0.8203586935997009,0.7667816281318665,0.49289602041244507,0.3666020631790161,0.3596639037132263,0.18622156977653503,0.3285869359970093,0.6382147669792175,0.18143394589424133,0.13982391357421875,0.1622360795736313,0.20859020948410034,0.2438156008720398,0.22832390666007996,0.2022680640220642,0.21423204243183136,0.18431903421878815,0.14837166666984558,0.14296077191829681,0.29999208450317383,1284.7794178808397,2913.3774334759282,2129.4391927408556,0.027710810614849188,0.019648779183626175,330.0,340.0,335.0,377.0,387.0,382.0,1,chanting
P9,-7.127119541168213,-13.869400978088379,-18.66848373413086,-24.832151412963867,-30.433059692382812,-36.467430114746094,-35.26441192626953,-37.12030029296875,-39.364158630371094,-41.0473518371582,-41.35500717163086,-40.7955322265625,-40.00414276123047,-41.20066452026367,-43.98514938354492,-46.89076232910156,-48.55950927734375,-52.8057746887207,-49.11014938354492,-48.8891487121582,-49.451210021972656,-47.245487213134766,-48.715694427490234,-53.320796966552734,-59.15644073486328,-55.06039810180664,-55.76279830932617,-56.5949821472168,-57.64884567260742,-56.78555679321289,-55.26709747314453,-56.7483024597168,4.015876770019531,3.620840072631836,7.613980293273926,8.011746406555176,8.057851791381836,8.7955322265625,11.022944450378418,10.944149017333984,9.91234016418457,9.823189735412598,9.35412311553955,12.29566478729248,12.222747802734375,10.054269790649414,9.130257606506348,7.231217384338379,6.315639019012451,4.595357418060303,8.473969459533691,8.543377876281738,8.411006927490234,10.459718704223633,9.099798202514648,5.556393623352051,2.9209864139556885,5.086548328399658,4.027413368225098,3.0130677223205566,1.9490426778793335,1.9525845050811768,2.172778367996216,1.9310276508331299,-245.6395721435547,64.44336700439453,18.940364837646484,16.89417839050293,12.590450286865234,9.904400825500488,12.110751152038574,0.5746501088142395,0.13905663788318634,6.7499871253967285,35.46903610229492,11.367308616638184,13.345654487609863,5.327598571777344,9.198677062988281,4.751047134399414,4.674122333526611,5.794811725616455,4.945732593536377,4.651096343994141,0.3381021022796631,0.27986234426498413,0.4473745822906494,0.6325441598892212,0.8473302125930786,0.7661364078521729,0.4236350357532501,0.28189894556999207,0.2364719659090042,0.146798774600029,0.3615594208240509,0.6536988019943237,0.1799803227186203,0.14416296780109406,0.20248238742351532,0.22775708138942719,0.2145662009716034,0.2114984095096588,0.15651269257068634,0.1755802482366562,0.16047698259353638,0.1503593921661377,0.1593932807445526,0.3125799298286438,1184.1872719617897,2499.300432315835,2162.784088647568,0.0222660781612529,0.018898945301771164,340.0,350.0,345.0,387.0,397.0,392.0,1,chanting
P9,-6.994802951812744,-13.330619812011719,-17.453466415405273,-24.782001495361328,-31.117055892944336,-37.63997268676758,-37.17087936401367,-39.932769775390625,-41.30268478393555,-42.234230041503906,-42.502803802490234,-42.920780181884766,-40.88787841796875,-39.637535095214844,-41.112548828125,-45.62217330932617,-48.60841369628906,-52.99311828613281,-48.2641487121582,-47.84421157836914,-50.16719436645508,-48.68758010864258,-49.76996612548828,-53.488372802734375,-59.97050857543945,-55.398075103759766,-56.13181686401367,-57.250526428222656,-58.343414306640625,-56.94343566894531,-55.60595703125,-57.583126068115234,3.616184711456299,3.7617318630218506,7.403445720672607,7.809329509735107,7.948061943054199,9.604031562805176,12.131331443786621,12.125694274902344,11.708701133728027,11.306097030639648,10.516751289367676,12.223021507263184,12.059429168701172,9.598736763000488,8.266007423400879,6.549509048461914,6.3527445793151855,5.112899303436279,8.1895751953125,8.789632797241211,8.539440155029297,10.712770462036133,9.46843433380127,5.997671127319336,3.0290915966033936,5.821962833404541,4.793548583984375,3.2312166690826416,1.8224846124649048,2.0486576557159424,2.3600471019744873,1.577299952507019,-247.78648376464844,64.12586212158203,17.738008499145508,18.692447662353516,16.89057159423828,11.659234046936035,10.837539672851562,-0.21498876810073853,-0.07776813209056854,6.859353542327881,35.706485748291016,10.52013874053955,12.246603012084961,7.099754333496094,13.903794288635254,6.057525157928467,6.117885589599609,5.049884796142578,5.6765289306640625,4.746095657348633,0.29332321882247925,0.25442376732826233,0.41553494334220886,0.6034451127052307,0.7869810461997986,0.698508620262146,0.4087674617767334,0.29273396730422974,0.21433570981025696,0.1413319855928421,0.4355757534503937,0.6938906908035278,0.1652294248342514,0.13068659603595734,0.20421169698238373,0.24726879596710205,0.24608397483825684,0.24079233407974243,0.19288279116153717,0.22021618485450745,0.1621645987033844,0.13410699367523193,0.16882826387882233,0.3045746386051178,1121.114414967642,2192.0900703306265,2080.4581630795983,0.02165770917923434,0.02057359367609024,350.0,360.0,355.0,397.0,407.0,402.0,1,chanting
P9,-8.602810859680176,-15.189020156860352,-19.09612464904785,-26.0067081451416,-31.19169807434082,-39.552330017089844,-38.99883270263672,-41.9459114074707,-44.65027618408203,-45.52866744995117,-44.31295394897461,-43.02545928955078,-40.80144119262695,-39.7957878112793,-42.55634689331055,-47.3248405456543,-49.688926696777344,-55.03803253173828,-50.469970703125,-49.95307159423828,-52.28071594238281,-50.57382583618164,-51.651214599609375,-56.392818450927734,-59.98358917236328,-57.14419174194336,-57.94273376464844,-58.419612884521484,-59.192176818847656,-58.458126068115234,-57.10809326171875,-58.91572952270508,3.7229549884796143,3.4328203201293945,6.9182024002075195,7.278087139129639,7.170864105224609,7.9500651359558105,10.378244400024414,11.665072441101074,10.293206214904785,9.531100273132324,9.464617729187012,11.731463432312012,11.165932655334473,7.908247470855713,6.9392619132995605,5.631694793701172,4.768260478973389,3.976757049560547,7.374884605407715,8.052268028259277,8.437865257263184,10.49267292022705,8.40918254852295,4.137330532073975,2.588124990463257,5.764249801635742,4.243431091308594,3.1519320011138916,2.1695847511291504,2.024017333984375,2.18217134475708,1.452042818069458,-256.6429748535156,63.95147705078125,17.915904998779297,17.9038143157959,18.14470100402832,13.412495613098145,9.98243236541748,-2.12058424949646,-1.8204710483551025,6.483335018157959,31.462047576904297,9.403295516967773,10.849472045898438,6.096067905426025,12.0818452835083,6.089750289916992,6.133846282958984,5.90382194519043,5.995861053466797,4.583723545074463,0.30148452520370483,0.25459715723991394,0.43497511744499207,0.6257972717285156,0.8155537247657776,0.7288998365402222,0.43998900055885315,0.3054681420326233,0.22490499913692474,0.14002327620983124,0.44100046157836914,0.7195671796798706,0.15736621618270874,0.14426611363887787,0.1794653683900833,0.2217395305633545,0.2160731554031372,0.23790998756885529,0.19157613813877106,0.21583065390586853,0.15552715957164764,0.12955506145954132,0.16697092354297638,0.3032904863357544,1124.7926003165048,2220.093226598753,2103.427506039101,0.02017247317285383,0.019605694338679314,360.0,370.0,365.0,407.0,417.0,412.0,1,chanting
P9,-7.924384593963623,-13.78203010559082,-18.516834259033203,-25.23408317565918,-30.227949142456055,-38.02204895019531,-37.438316345214844,-41.36688232421875,-43.8328742980957,-44.55473327636719,-43.3901481628418,-41.970516204833984,-40.16636276245117,-39.0650634765625,-41.56589126586914,-46.148868560791016,-47.70097732543945,-54.09989547729492,-49.601348876953125,-50.069488525390625,-51.96820068359375,-49.22867965698242,-49.955169677734375,-54.551605224609375,-60.61029815673828,-56.59977722167969,-57.58664321899414,-57.90117645263672,-58.27620315551758,-57.575504302978516,-56.651275634765625,-58.622100830078125,3.701906442642212,3.3891232013702393,8.135900497436523,8.015823364257812,8.802011489868164,8.564315795898438,11.14518928527832,12.179874420166016,11.271648406982422,11.12889575958252,9.704920768737793,12.176005363464355,11.647867202758789,8.933252334594727,7.149755954742432,6.081369876861572,5.705320358276367,4.499813556671143,8.346637725830078,9.157381057739258,9.487011909484863,11.763776779174805,10.734630584716797,6.581427097320557,2.3772382736206055,5.63963508605957,4.117306709289551,3.2209131717681885,2.31038236618042,2.254578113555908,1.989230751991272,1.3746272325515747,-251.7663116455078,64.74755096435547,17.416778564453125,18.073768615722656,18.131256103515625,13.174805641174316,9.681779861450195,-2.663426399230957,-1.3008099794387817,7.0599164962768555,35.53615188598633,10.993618965148926,11.470974922180176,5.401836395263672,13.195512771606445,6.9322896003723145,6.805898666381836,6.171555995941162,5.695057392120361,4.886439323425293,0.22452934086322784,0.33448174595832825,0.5130837559700012,0.770380437374115,0.8092089295387268,0.5795467495918274,0.3302619755268097,0.27323266863822937,0.1517990231513977,0.22186794877052307,0.7267034649848938,0.536561906337738,0.14992697536945343,0.12955452501773834,0.1831902414560318,0.20001360774040222,0.22086729109287262,0.2104107290506363,0.2083616554737091,0.17559155821800232,0.12732675671577454,0.0880046933889389,0.2970753014087677,0.22449325025081635,1124.7259321514268,2235.231418122825,2072.265535434752,0.022059889791183295,0.019924337044358253,370.0,380.0,375.0,417.0,427.0,422.0,1,chanting
P9,-8.205004692077637,-15.047321319580078,-19.182071685791016,-24.976625442504883,-29.538097381591797,-36.22048568725586,-36.45895767211914,-40.657012939453125,-42.03702926635742,-44.196563720703125,-44.0732307434082,-43.5608024597168,-41.83537673950195,-40.57032775878906,-42.34127426147461,-45.86909866333008,-47.02566146850586,-53.61012649536133,-50.58390808105469,-49.79563903808594,-50.51273727416992,-47.749473571777344,-49.90330505371094,-55.084571838378906,-60.78424072265625,-56.07238006591797,-57.149383544921875,-58.68147659301758,-58.922664642333984,-57.84852600097656,-56.88459014892578,-58.841922760009766,3.7941524982452393,3.2360849380493164,6.880023956298828,7.882961273193359,7.927925109863281,8.43501091003418,11.339198112487793,11.967263221740723,10.795245170593262,11.143266677856445,10.776195526123047,12.555490493774414,12.07208251953125,9.14782428741455,7.831784725189209,6.404870986938477,6.255383014678955,4.868293285369873,8.906828880310059,9.791444778442383,10.31789779663086,12.847746849060059,10.72705364227295,6.130967140197754,2.5551342964172363,7.190202236175537,5.349312782287598,2.8475863933563232,2.3108723163604736,2.569364547729492,2.297988176345825,1.4930720329284668,-251.76889038085938,65.06058502197266,17.53938102722168,19.16482925415039,16.058935165405273,10.087347984313965,8.532678604125977,-2.461479425430298,-0.26610663533210754,7.702160835266113,37.830421447753906,9.593708992004395,12.53518295288086,5.586838245391846,12.612268447875977,4.838101387023926,7.045388221740723,5.217292785644531,5.531806945800781,4.867915153503418,0.21996131539344788,0.37719210982322693,0.6069403886795044,0.8719775676727295,0.8585945963859558,0.6277284026145935,0.3382400572299957,0.2977585196495056,0.1634865254163742,0.23205141723155975,0.6685097813606262,0.4379427433013916,0.11144977062940598,0.12440106272697449,0.18785043060779572,0.1551920622587204,0.1747756153345108,0.1897750049829483,0.16491055488586426,0.17423303425312042,0.1108303964138031,0.08861581981182098,0.26939889788627625,0.1761244237422943,1149.7857420507698,2364.3307148165604,2089.4081984987497,0.021966991734338748,0.019998550415039062,380.0,390.0,385.0,427.0,437.0,432.0,1,chanting
P9,-5.784276008605957,-11.83748722076416,-15.74984359741211,-22.22046661376953,-27.87193489074707,-34.69709777832031,-34.95075988769531,-40.684410095214844,-41.2631950378418,-42.53288650512695,-41.176876068115234,-41.05170440673828,-39.32365417480469,-38.5748291015625,-40.03887939453125,-44.42302322387695,-46.308719635009766,-51.9521369934082,-47.4466438293457,-46.80429458618164,-48.93532180786133,-46.52254867553711,-47.276859283447266,-51.94965744018555,-57.669158935546875,-53.399417877197266,-54.65837097167969,-56.19084167480469,-56.79787063598633,-55.7230339050293,-54.77897644042969,-56.906131744384766,3.5811541080474854,3.1924219131469727,6.6534810066223145,7.456131458282471,7.333629131317139,7.416642189025879,9.611783027648926,9.552411079406738,9.802860260009766,10.077341079711914,10.15942096710205,12.398555755615234,12.422784805297852,9.313983917236328,7.222893714904785,5.323625564575195,5.189598083496094,3.6103293895721436,8.816911697387695,10.043516159057617,9.49445915222168,11.655909538269043,10.79808521270752,6.395355224609375,2.286485433578491,6.7478346824646,4.957149028778076,2.9112932682037354,1.8459477424621582,1.8781867027282715,1.6270718574523926,1.198156476020813,-239.62103271484375,64.40763854980469,18.353059768676758,20.64223861694336,16.568214416503906,12.248452186584473,9.448310852050781,-2.601871967315674,-1.5501006841659546,5.97856330871582,33.80607604980469,8.394183158874512,12.782903671264648,4.676882743835449,13.282146453857422,4.505922317504883,8.131858825683594,5.114821434020996,6.753277778625488,4.561084270477295,0.43345195055007935,0.20360000431537628,0.3659171164035797,0.5629661679267883,0.7977484464645386,0.7885015606880188,0.5265469551086426,0.27710628509521484,0.24898113310337067,0.1324373036623001,0.26914963126182556,0.7654439210891724,0.16786569356918335,0.1084720715880394,0.1279134452342987,0.1822524517774582,0.20586560666561127,0.23677951097488403,0.18938760459423065,0.14500950276851654,0.14488102495670319,0.12483920156955719,0.10185884684324265,0.27211353182792664,1129.69704631386,2254.066725728683,2075.5318761137437,0.021588602088167052,0.01967373676598072,390.0,400.0,395.0,437.0,447.0,442.0,1,chanting
P9,-6.608080863952637,-13.036319732666016,-15.652371406555176,-21.924394607543945,-27.273244857788086,-34.06090545654297,-33.482051849365234,-38.476932525634766,-38.53182601928711,-39.937225341796875,-40.3645133972168,-39.34415817260742,-38.43620300292969,-37.373451232910156,-39.79962921142578,-44.763221740722656,-46.12636947631836,-51.539390563964844,-46.386680603027344,-45.747989654541016,-47.19873046875,-45.248619079589844,-47.633872985839844,-55.38011169433594,-57.4753303527832,-54.16291046142578,-55.274070739746094,-56.43459701538086,-57.44121170043945,-56.80584716796875,-55.684688568115234,-58.339439392089844,3.329076051712036,2.3828985691070557,3.594930648803711,5.0989909172058105,4.918785572052002,7.1795830726623535,10.608601570129395,12.321287155151367,12.477263450622559,13.197978019714355,12.322429656982422,14.526493072509766,13.154969215393066,9.176231384277344,7.354879856109619,5.693544864654541,4.978183269500732,4.205260753631592,8.903947830200195,10.655057907104492,11.845261573791504,13.037577629089355,10.619211196899414,4.63954496383667,3.6986472606658936,7.035356521606445,5.078110218048096,3.7450907230377197,2.800670862197876,2.4002411365509033,2.08040189743042,1.516066074371338,-237.9315948486328,67.66816711425781,15.244027137756348,18.854175567626953,14.422005653381348,10.056672096252441,9.965764045715332,-0.9806702733039856,-3.1418936252593994,6.7326741218566895,36.85587692260742,6.930495262145996,14.215727806091309,6.205126762390137,15.341471672058105,5.527616500854492,9.896910667419434,5.237515926361084,6.661516189575195,4.355863571166992,0.19190488755702972,0.3613428473472595,0.5912332534790039,0.7969984412193298,0.7593936324119568,0.5482730865478516,0.2885875403881073,0.2497902363538742,0.1357925981283188,0.2492525428533554,0.7972216010093689,0.47375166416168213,0.10685431957244873,0.13475996255874634,0.21001066267490387,0.2164502590894699,0.24013952910900116,0.21480144560337067,0.13373242318630219,0.11984702944755554,0.10000921040773392,0.10300403088331223,0.2297690510749817,0.16640134155750275,1136.4232185592023,2279.5968111042635,1999.2558098297243,0.024840034077726218,0.022028200328350067,400.0,410.0,405.0,447.0,457.0,452.0,1,chanting
P9,-7.878039360046387,-14.752970695495605,-18.2879638671875,-22.860084533691406,-29.51998519897461,-33.43198776245117,-33.481876373291016,-37.24005126953125,-38.500274658203125,-40.968997955322266,-40.017215728759766,-38.993473052978516,-37.44342041015625,-37.87586212158203,-39.8044319152832,-43.99483871459961,-45.69120788574219,-51.8989143371582,-47.23483657836914,-45.98512649536133,-47.385276794433594,-43.76142501831055,-45.89653396606445,-55.058021545410156,-58.40812683105469,-53.18521499633789,-54.989784240722656,-57.33623123168945,-58.54140853881836,-58.07796096801758,-56.28559875488281,-59.566471099853516,3.3044655323028564,3.253370523452759,6.690887928009033,7.361042499542236,6.706194877624512,8.079697608947754,9.706402778625488,11.731588363647461,11.168127059936523,11.543702125549316,10.753223419189453,12.283602714538574,12.950865745544434,9.284159660339355,7.380105495452881,5.616506576538086,5.104213714599609,4.793839931488037,8.78326416015625,10.0653076171875,10.943534851074219,12.652066230773926,9.830744743347168,5.028637409210205,3.914569139480591,8.312291145324707,6.163166522979736,3.7619540691375732,2.832397937774658,2.1018059253692627,2.4012904167175293,1.4334602355957031,-239.41815185546875,66.65657043457031,12.137410163879395,18.525835037231445,12.00731372833252,10.142670631408691,9.947535514831543,-1.8663350343704224,-2.159090995788574,8.076703071594238,36.20633316040039,7.750281810760498,12.900083541870117,6.554998397827148,14.071354866027832,5.495029926300049,7.6423139572143555,5.2837395668029785,6.590959548950195,4.739540100097656,0.20239143073558807,0.3617006838321686,0.5730267763137817,0.8052409887313843,0.7781704664230347,0.5479521751403809,0.3392399847507477,0.3449662923812866,0.18388307094573975,0.26536357402801514,0.7040326595306396,0.4368935525417328,0.10936859250068665,0.13567116856575012,0.2108464539051056,0.2078508734703064,0.23203237354755402,0.19903825223445892,0.18362094461917877,0.18438684940338135,0.15606191754341125,0.12562060356140137,0.2858569025993347,0.20435930788516998,1206.1286320889735,2529.951523074971,2021.6537630471473,0.026235770736658934,0.02263466641306877,410.0,420.0,415.0,457.0,467.0,462.0,1,chanting
P9,-7.727661609649658,-14.984081268310547,-18.788787841796875,-23.691844940185547,-29.854164123535156,-33.50518798828125,-33.22071075439453,-37.31024169921875,-37.53074645996094,-39.16743087768555,-38.41552734375,-37.161529541015625,-36.71739196777344,-37.610679626464844,-40.273765563964844,-44.649017333984375,-46.20815658569336,-51.69243621826172,-46.28498458862305,-45.31150817871094,-46.241111755371094,-43.49497604370117,-46.810543060302734,-56.21052169799805,-57.84455490112305,-52.83340072631836,-54.8051643371582,-57.633880615234375,-58.264892578125,-57.350738525390625,-56.38608932495117,-59.14862823486328,3.9946789741516113,3.1566531658172607,6.969552040100098,7.889006614685059,7.577128887176514,8.926773071289062,10.559796333312988,12.336381912231445,12.667315483093262,11.914852142333984,11.362875938415527,12.958492279052734,12.252115249633789,8.768721580505371,6.959384918212891,5.8514909744262695,5.253439903259277,4.802890777587891,9.877114295959473,11.047086715698242,11.379918098449707,13.046125411987305,10.17041015625,5.188109397888184,3.808757781982422,7.7581305503845215,5.90238618850708,3.2137815952301025,2.5953609943389893,2.3977415561676025,2.1301982402801514,1.3540408611297607,-238.1412353515625,66.7418212890625,11.175348281860352,16.77867317199707,11.200000762939453,9.917859077453613,11.795427322387695,-0.05155417323112488,-3.203747510910034,7.352709770202637,38.259552001953125,9.38448429107666,13.231901168823242,5.6215500831604,13.943217277526855,5.571714401245117,7.538661956787109,5.262637615203857,6.939541339874268,4.1209306716918945,0.21722154319286346,0.3924177587032318,0.6141522526741028,0.8749675154685974,0.8062185049057007,0.5513679385185242,0.3327202796936035,0.3052964210510254,0.17210093140602112,0.2712441384792328,0.6510921120643616,0.3705364465713501,0.11711878329515457,0.1336972415447235,0.202452152967453,0.17815986275672913,0.19155317544937134,0.17547045648097992,0.1695748269557953,0.16071732342243195,0.14440962672233582,0.1135544702410698,0.27445167303085327,0.17669063806533813,1227.441663796704,2626.676073539008,2039.9275222303943,0.027059391313805106,0.021560855209827423,420.0,430.0,425.0,467.0,477.0,472.0,1,chanting
P9,-7.729221820831299,-14.490614891052246,-18.55171775817871,-24.225967407226562,-30.403854370117188,-35.06047821044922,-33.6278076171875,-38.10932922363281,-38.8246955871582,-40.69204330444336,-42.047210693359375,-40.66457748413086,-39.839500427246094,-39.527828216552734,-41.5280647277832,-44.9098014831543,-46.7895622253418,-51.94715118408203,-47.68771743774414,-47.09223556518555,-47.43796157836914,-45.098934173583984,-49.4678840637207,-58.64846420288086,-56.975486755371094,-53.25783920288086,-55.26655960083008,-57.897560119628906,-58.593650817871094,-57.64974594116211,-56.52587890625,-59.08759307861328,4.039526462554932,3.1007797718048096,7.003068923950195,7.529720783233643,7.774050235748291,8.131085395812988,11.212563514709473,12.560102462768555,12.373336791992188,12.75063705444336,11.870532989501953,13.859192848205566,13.172342300415039,9.965837478637695,8.37994384765625,6.669220447540283,5.920269012451172,5.26914644241333,9.521807670593262,11.120922088623047,11.883615493774414,13.045416831970215,9.882780075073242,5.119290828704834,4.977321147918701,8.448111534118652,6.320438385009766,3.3326456546783447,2.4975099563598633,2.362499475479126,2.4421193599700928,1.312361240386963,-243.8911895751953,66.03640747070312,14.676395416259766,18.260562896728516,13.23322582244873,9.273951530456543,9.329129219055176,0.9444903135299683,-1.198012351989746,7.5189385414123535,39.50074768066406,9.414054870605469,14.626643180847168,6.328753471374512,13.816615104675293,4.696685791015625,7.7560906410217285,5.283701419830322,7.132899284362793,4.451169013977051,0.27299341559410095,0.23646554350852966,0.43820998072624207,0.6455312967300415,0.8514247536659241,0.7684695720672607,0.47887298464775085,0.3063158690929413,0.25107958912849426,0.1533336043357849,0.42808225750923157,0.6940764784812927,0.11211154609918594,0.10125621408224106,0.17038027942180634,0.210887148976326,0.2002279907464981,0.22979456186294556,0.17831163108348846,0.16685785353183746,0.14642590284347534,0.14105433225631714,0.17375028133392334,0.28339457511901855,1187.4144592014961,2428.8803631634282,2052.195935008227,0.025790539805684454,0.021145371720194817,430.0,440.0,435.0,477.0,487.0,482.0,1,chanting
P9,-7.329679489135742,-13.579296112060547,-18.028284072875977,-25.250213623046875,-30.282541275024414,-38.99861145019531,-35.235782623291016,-37.00975036621094,-38.484413146972656,-39.3756217956543,-40.06336212158203,-38.1166877746582,-39.19203186035156,-39.460628509521484,-41.34419250488281,-45.33454513549805,-46.51388168334961,-51.84326934814453,-48.0158805847168,-47.53778076171875,-47.77614212036133,-45.569740295410156,-48.625770568847656,-54.56459426879883,-57.86239242553711,-55.33345031738281,-56.95452880859375,-56.62180709838867,-57.817039489746094,-57.40557861328125,-56.273624420166016,-58.28928756713867,3.922640323638916,3.5400915145874023,7.87797737121582,7.9455647468566895,8.381163597106934,7.267415523529053,10.81024169921875,12.863845825195312,11.789375305175781,12.47120189666748,11.448552131652832,13.599130630493164,11.92703914642334,9.012120246887207,6.992337226867676,5.710482120513916,5.479884624481201,4.453233242034912,7.548928737640381,9.084095001220703,10.718955993652344,12.248581886291504,8.793545722961426,4.220430850982666,3.847890615463257,5.380765914916992,3.5750904083251953,3.7735681533813477,2.522047281265259,1.9352226257324219,1.837067723274231,1.4431812763214111,-242.9071502685547,65.63861846923828,13.863536834716797,16.79707145690918,13.435639381408691,11.178108215332031,13.258450508117676,1.542402744293213,-0.369331032037735,7.075521945953369,35.52183532714844,10.663553237915039,12.647516250610352,6.793398857116699,13.871634483337402,5.372264862060547,8.916071891784668,4.697359561920166,5.535524368286133,5.025975704193115,0.21877838671207428,0.3578141927719116,0.5557769536972046,0.7761826515197754,0.7763769030570984,0.5648387670516968,0.32132038474082947,0.27480387687683105,0.1610839068889618,0.2555930018424988,0.7497011423110962,0.4833647906780243,0.14637477695941925,0.1398366242647171,0.20225678384304047,0.2088402807712555,0.22443072497844696,0.20607127249240875,0.19502192735671997,0.1691596508026123,0.16103610396385193,0.11096491664648056,0.27933362126350403,0.2082027941942215,1153.161784724111,2440.571243746375,2051.091539036946,0.02214825623549884,0.020832505077123642,440.0,450.0,445.0,487.0,497.0,492.0,1,chanting
P9,-7.2043914794921875,-14.195887565612793,-18.28255271911621,-24.073469161987305,-29.679691314697266,-34.957298278808594,-34.00173568725586,-37.13698196411133,-38.25156784057617,-39.78857421875,-40.28957748413086,-39.059898376464844,-37.86000442504883,-39.1296501159668,-41.11272430419922,-45.26185607910156,-47.20268249511719,-52.64272689819336,-47.49523162841797,-47.04116439819336,-47.94234085083008,-45.068302154541016,-48.54612350463867,-57.53132629394531,-57.81881332397461,-53.44624710083008,-55.497344970703125,-57.03284454345703,-58.040042877197266,-57.43337631225586,-56.305538177490234,-58.715980529785156,3.7599477767944336,3.2337698936462402,7.2198381423950195,8.00791072845459,7.95583963394165,7.82995080947876,10.879799842834473,12.464409828186035,11.738927841186523,12.639068603515625,11.773032188415527,14.066190719604492,14.743602752685547,11.161787986755371,8.646627426147461,6.349008083343506,5.696053504943848,4.7083964347839355,9.454046249389648,10.151217460632324,11.072498321533203,12.912618637084961,9.817273139953613,3.8441264629364014,3.863607406616211,7.708920955657959,5.523879528045654,3.7089476585388184,2.4152183532714844,2.3231773376464844,2.3172457218170166,1.2589207887649536,-241.83863830566406,66.92012786865234,14.641105651855469,16.607900619506836,12.526765823364258,10.34026050567627,10.949934005737305,0.7218132019042969,-2.1192493438720703,7.553506851196289,39.842647552490234,9.930214881896973,14.95579719543457,6.67209529876709,12.101433753967285,3.988456964492798,7.329017639160156,4.660190582275391,7.100664138793945,4.595554828643799,0.2805125415325165,0.26128000020980835,0.46303874254226685,0.6807829737663269,0.9022820591926575,0.8089554905891418,0.48074665665626526,0.327293336391449,0.2555559575557709,0.14823289215564728,0.446399450302124,0.6656539440155029,0.15166880190372467,0.1122170090675354,0.1427818238735199,0.18211959302425385,0.16719931364059448,0.1952846199274063,0.16728903353214264,0.17941544950008392,0.13962650299072266,0.1038149893283844,0.21171176433563232,0.2676655054092407,1157.200258151793,2306.9754545207365,2039.6306503091612,0.02500203922563805,0.02135644480586052,450.0,460.0,455.0,497.0,507.0,502.0,1,chanting
P9,-11.1945219039917,-16.87264060974121,-21.197723388671875,-28.579792022705078,-34.148719787597656,-40.15610122680664,-39.28474044799805,-43.33432388305664,-43.96516418457031,-46.00000762939453,-46.762760162353516,-45.74455642700195,-44.830963134765625,-43.66873550415039,-44.038368225097656,-49.02183151245117,-49.91596603393555,-56.0010871887207,-51.63838195800781,-51.69161605834961,-53.22429275512695,-50.89479446411133,-52.72637176513672,-58.954769134521484,-63.696372985839844,-59.39826202392578,-60.455970764160156,-60.84104919433594,-62.055458068847656,-61.05557632446289,-59.850528717041016,-62.06192398071289,4.304564952850342,3.8201520442962646,8.258403778076172,8.20641040802002,8.516678810119629,7.375170707702637,10.149145126342773,11.666319847106934,10.86881160736084,12.036872863769531,11.93681812286377,14.86265754699707,15.434720039367676,11.02775764465332,8.300459861755371,6.177168846130371,6.014659881591797,4.053585052490234,8.356228828430176,10.644840240478516,11.506414413452148,14.030454635620117,12.554522514343262,6.422824382781982,3.0599782466888428,6.40092134475708,4.980784893035889,4.2266106605529785,2.5163986682891846,2.598513126373291,2.840362787246704,1.6735066175460815,-267.50970458984375,65.43187713623047,16.16865348815918,19.064210891723633,16.7575626373291,10.04417610168457,9.61556625366211,-0.17319132387638092,-0.07891406863927841,7.852843284606934,40.160789489746094,10.45581340789795,14.299883842468262,5.469660758972168,12.906843185424805,3.5988986492156982,11.063879013061523,4.595714569091797,7.663938999176025,5.020506858825684,0.28585925698280334,0.25127366185188293,0.39918777346611023,0.5999140739440918,0.8067804574966431,0.6922741532325745,0.4140380322933197,0.2976283133029938,0.21411767601966858,0.1740776151418686,0.570268452167511,0.6952258348464966,0.181672140955925,0.1247386634349823,0.13698412477970123,0.1690649688243866,0.22128582000732422,0.23496121168136597,0.19975265860557556,0.21328520774841309,0.15307922661304474,0.11135801672935486,0.34080639481544495,0.25368019938468933,1165.6032583500175,2392.6835982816124,2070.451127263137,0.025906095925174014,0.02132703922688961,460.0,470.0,465.0,507.0,517.0,512.0,1,chanting
P9,-7.568645477294922,-12.8566255569458,-16.75387954711914,-23.927743911743164,-30.60757827758789,-37.024662017822266,-36.640289306640625,-40.165626525878906,-41.19011306762695,-42.95124435424805,-43.13680648803711,-41.40802764892578,-39.52574920654297,-38.97366714477539,-40.85888671875,-44.73634719848633,-47.222412109375,-52.81269454956055,-48.46290588378906,-47.96597671508789,-50.429752349853516,-47.95319747924805,-49.045265197753906,-53.84769821166992,-58.44408416748047,-55.87225341796875,-57.087520599365234,-57.83803176879883,-58.379295349121094,-57.535057067871094,-56.519386291503906,-58.9638786315918,3.8196866512298584,3.597744941711426,7.846067428588867,8.390310287475586,8.063691139221191,8.54068374633789,11.494457244873047,13.341211318969727,13.399860382080078,13.172645568847656,11.94356918334961,14.3836030960083,13.889928817749023,10.62293529510498,9.250008583068848,7.424992084503174,6.5030317306518555,5.4675164222717285,8.779735565185547,10.215721130371094,11.459834098815918,14.004786491394043,11.221558570861816,6.470738410949707,4.598782062530518,7.446348190307617,5.37960958480835,3.9634532928466797,2.86476731300354,2.7162742614746094,2.6790828704833984,1.425718069076538,-246.90493774414062,65.70610046386719,16.095909118652344,19.487125396728516,16.853412628173828,12.515135765075684,10.010191917419434,-1.8020261526107788,-0.5351970791816711,6.7765278816223145,41.83866882324219,9.573393821716309,15.086930274963379,6.760633945465088,14.968820571899414,5.3828511238098145,7.597774505615234,4.964733600616455,5.842128753662109,5.286515235900879,0.2883415222167969,0.20298334956169128,0.353667676448822,0.5172457098960876,0.7486011385917664,0.6733890771865845,0.3964173197746277,0.2654402256011963,0.229503333568573,0.1311332881450653,0.46805527806282043,0.799336314201355,0.12151898443698883,0.10410380363464355,0.1677733063697815,0.19519014656543732,0.2655842900276184,0.271443635225296,0.2159673273563385,0.19385626912117004,0.15322671830654144,0.1189725324511528,0.2168586701154709,0.2709393799304962,1131.4367910073297,2177.5514111441416,2019.7754022461454,0.025421213384570766,0.022400178015232086,470.0,480.0,475.0,517.0,527.0,522.0,1,chanting
P9,-10.41931438446045,-14.925227165222168,-18.72041893005371,-28.092620849609375,-34.0940055847168,-40.08620834350586,-41.6403923034668,-45.800437927246094,-45.77778625488281,-47.63623809814453,-47.774940490722656,-45.69941329956055,-43.75727462768555,-43.77437973022461,-44.814266204833984,-48.400978088378906,-50.04729461669922,-55.62517166137695,-52.065120697021484,-52.09933853149414,-54.05282974243164,-51.79579544067383,-53.77875900268555,-58.993263244628906,-61.58125305175781,-58.584083557128906,-60.03166198730469,-60.68949890136719,-61.21344757080078,-60.5796012878418,-59.46889114379883,-61.49160385131836,4.064365386962891,4.612222671508789,8.973586082458496,8.620536804199219,8.848426818847656,7.9213385581970215,10.109644889831543,11.435018539428711,11.796319961547852,10.968761444091797,11.076229095458984,14.185468673706055,13.77112102508545,10.57364559173584,8.355536460876465,6.121196269989014,5.9038987159729,5.02034854888916,8.785198211669922,9.606121063232422,10.18065071105957,12.429524421691895,10.11259651184082,5.643441200256348,3.439375877380371,6.476816177368164,4.595892906188965,3.6292107105255127,2.6220006942749023,1.9963760375976562,2.0819406509399414,1.6115208864212036,-267.5535583496094,64.49458312988281,18.491863250732422,20.775068283081055,19.686532974243164,13.126846313476562,9.112724304199219,-0.8474833369255066,-0.8072039484977722,5.704991817474365,37.29290771484375,10.662385940551758,13.528289794921875,6.594705581665039,13.78331184387207,5.314016819000244,8.230613708496094,6.410233497619629,8.132441520690918,4.173412799835205,0.3595768213272095,0.19509132206439972,0.2747439444065094,0.4308643639087677,0.6681368947029114,0.6056555509567261,0.3676113188266754,0.2623061537742615,0.2274314910173416,0.14756034314632416,0.37763211131095886,0.8352200388908386,0.16034269332885742,0.14159905910491943,0.13967187702655792,0.19254301488399506,0.29791492223739624,0.28402280807495117,0.23797887563705444,0.24553416669368744,0.20149563252925873,0.18502551317214966,0.14498598873615265,0.2565172612667084,1092.58250221796,2064.2148188261312,2033.224308506143,0.027415122897331785,0.022107651457190514,480.0,490.0,485.0,527.0,537.0,532.0,1,chanting
P9,-5.972221851348877,-10.289436340332031,-13.5628080368042,-22.410614013671875,-29.126449584960938,-35.83280563354492,-36.85174560546875,-39.778221130371094,-40.190303802490234,-42.10844421386719,-41.353702545166016,-37.935646057128906,-35.321903228759766,-35.08794021606445,-38.05579376220703,-43.135250091552734,-45.0177001953125,-50.484439849853516,-44.926307678222656,-44.53431701660156,-46.68889617919922,-43.788238525390625,-45.47472381591797,-52.630863189697266,-57.5489387512207,-53.48160934448242,-54.90563201904297,-55.987918853759766,-56.718902587890625,-56.17532730102539,-54.91197967529297,-57.59421157836914,3.6556880474090576,3.7961668968200684,7.855023384094238,7.541338920593262,7.218060493469238,7.6480183601379395,9.859030723571777,11.079317092895508,11.440807342529297,9.779805183410645,10.397377967834473,14.14355754852295,13.018638610839844,8.99002456665039,7.4168782234191895,5.371364116668701,5.04456901550293,4.013546943664551,8.312395095825195,9.903938293457031,11.48062515258789,13.75932788848877,10.788565635681152,4.7688984870910645,3.1427605152130127,7.156726837158203,5.161005020141602,3.789142370223999,2.804197311401367,2.2706892490386963,2.562253713607788,1.2962983846664429,-234.73883056640625,64.81698608398438,13.05938720703125,21.4581298828125,18.601247787475586,14.013761520385742,12.108492851257324,-2.6001408100128174,-3.6121084690093994,7.098524570465088,36.293731689453125,8.087223052978516,12.430709838867188,5.062146186828613,14.536458015441895,5.404165744781494,8.20776653289795,5.081576347351074,8.03091812133789,4.938760757446289,0.3652862310409546,0.18319052457809448,0.27891814708709717,0.4428846538066864,0.6924408674240112,0.5948055386543274,0.32290637493133545,0.212802454829216,0.20741818845272064,0.11916472017765045,0.35116690397262573,0.8519245386123657,0.16022911667823792,0.13093844056129456,0.1464889645576477,0.20783700048923492,0.31367263197898865,0.26609188318252563,0.18155145645141602,0.17545804381370544,0.16451428830623627,0.13567900657653809,0.13288794457912445,0.23310209810733795,1153.1611847761362,2433.601680321926,2001.0196187375775,0.03162045932424594,0.02304541878402233,490.0,500.0,495.0,537.0,547.0,542.0,1,chanting
P9,-7.6371684074401855,-12.628657341003418,-16.69546127319336,-24.66600799560547,-30.773874282836914,-36.58139419555664,-36.6457633972168,-39.52210998535156,-41.424407958984375,-42.9075813293457,-42.86848831176758,-38.983306884765625,-34.65346908569336,-34.802635192871094,-38.96834945678711,-44.34699630737305,-46.09183883666992,-52.34943389892578,-48.18475341796875,-47.53190231323242,-49.02635955810547,-45.09629821777344,-47.714115142822266,-54.74721145629883,-58.20827102661133,-54.52207946777344,-56.492095947265625,-57.200687408447266,-58.50456619262695,-57.457401275634766,-55.9556999206543,-58.74393844604492,3.917009115219116,3.7574546337127686,8.723292350769043,8.174436569213867,8.484335899353027,7.670322418212891,9.959294319152832,11.578056335449219,10.64604377746582,10.550005912780762,10.575121879577637,13.922622680664062,11.833518028259277,9.38931941986084,7.6014275550842285,6.33437442779541,6.030121803283691,4.638911247253418,8.494805335998535,10.019281387329102,10.053658485412598,12.489153861999512,10.643356323242188,6.790981769561768,3.9279415607452393,6.228701591491699,4.485304355621338,3.5081613063812256,2.0175464153289795,2.4270577430725098,2.843827486038208,1.4687254428863525,-242.52566528320312,65.34110260009766,12.507227897644043,18.101606369018555,17.479692459106445,14.876167297363281,11.175475120544434,-3.9530317783355713,-2.5030136108398438,8.55698013305664,36.856136322021484,10.06121826171875,12.044039726257324,5.291016578674316,13.277565002441406,5.182075023651123,8.029914855957031,6.162135124206543,7.3974175453186035,3.7391510009765625,0.3660745620727539,0.2050916999578476,0.30926385521888733,0.5058237314224243,0.784656822681427,0.6883556842803955,0.377789705991745,0.23686529695987701,0.20669184625148773,0.11945417523384094,0.3225306272506714,0.7874415516853333,0.17301572859287262,0.12423349171876907,0.14440587162971497,0.19678638875484467,0.27608606219291687,0.2603464424610138,0.2017534077167511,0.17283712327480316,0.14595265686511993,0.13130179047584534,0.13215585052967072,0.26277318596839905,1179.673243298416,2522.2575247426043,2035.117568070244,0.030129558802204175,0.02181413769721985,500.0,510.0,505.0,547.0,557.0,552.0,1,chanting
P9,-10.579763412475586,-13.439371109008789,-15.471885681152344,-27.09280776977539,-32.0700798034668,-37.67920684814453,-39.85785675048828,-42.317665100097656,-43.81312942504883,-45.171630859375,-44.489784240722656,-41.7301139831543,-39.37099075317383,-38.50325393676758,-41.7094612121582,-46.6802864074707,-48.56510543823242,-53.99730682373047,-48.95940399169922,-49.07331085205078,-51.42708969116211,-48.694091796875,-49.894493103027344,-55.36880874633789,-63.38578414916992,-58.19190979003906,-59.06160354614258,-60.04145050048828,-60.9211540222168,-60.292850494384766,-58.73363494873047,-61.45642852783203,3.066922426223755,3.195298671722412,6.405582904815674,6.5238542556762695,7.146275520324707,8.239198684692383,12.279324531555176,14.235610961914062,13.023324012756348,11.826921463012695,12.031426429748535,14.177518844604492,13.024052619934082,9.104241371154785,7.3834757804870605,5.933266639709473,5.249746799468994,4.840853214263916,9.51411247253418,10.1580171585083,11.25119686126709,14.179606437683105,12.207474708557129,7.21642541885376,3.2706055641174316,6.654833793640137,5.411920070648193,4.109440803527832,2.9380393028259277,2.570706844329834,3.0870156288146973,1.8309931755065918,-255.9800262451172,67.37413024902344,13.437111854553223,20.17130470275879,18.60384750366211,13.060029029846191,11.22507381439209,-2.9973676204681396,-3.161722421646118,7.036639213562012,39.161746978759766,8.003347396850586,13.528508186340332,5.938760280609131,16.5887451171875,6.845452308654785,8.746971130371094,4.854236602783203,7.274847984313965,5.798699378967285,0.5301556587219238,0.13243278861045837,0.18498335778713226,0.3130103349685669,0.535538911819458,0.5035052299499512,0.3227691352367401,0.20332568883895874,0.1551099419593811,0.09268414229154587,0.26101332902908325,0.9125809669494629,0.21315708756446838,0.08779280632734299,0.1099509447813034,0.16826392710208893,0.2675534188747406,0.2667676508426666,0.2532615065574646,0.217706099152565,0.13787829875946045,0.09616126865148544,0.09978225082159042,0.23156653344631195,1126.386574377537,2178.7754563333815,1954.4253788538604,0.03449010295823666,0.023925906047225,510.0,520.0,515.0,557.0,567.0,562.0,4,viparita_swasa
P9,-5.9513750076293945,-11.868993759155273,-14.78135871887207,-23.152620315551758,-27.249727249145508,-32.96098327636719,-33.43568420410156,-36.383392333984375,-38.083553314208984,-40.69340515136719,-41.32683181762695,-39.21192932128906,-37.94957733154297,-37.18879318237305,-39.02943801879883,-42.46773910522461,-43.0322151184082,-49.512996673583984,-47.26755905151367,-48.367332458496094,-47.243438720703125,-44.49333572387695,-47.60334014892578,-53.91090774536133,-56.550662994384766,-52.31193542480469,-54.48435974121094,-56.253929138183594,-57.1807975769043,-56.12872314453125,-54.44388198852539,-57.4361572265625,3.3092033863067627,3.038151741027832,6.605727195739746,7.1763014793396,8.633927345275879,8.629630088806152,12.621999740600586,13.650215148925781,12.342843055725098,11.654383659362793,11.039299011230469,14.050760269165039,12.625088691711426,9.258910179138184,7.850852966308594,6.3137102127075195,5.743917942047119,5.056589603424072,8.599173545837402,9.794435501098633,11.466355323791504,13.977914810180664,11.33988094329834,6.924882411956787,4.175098896026611,8.273195266723633,5.910575866699219,3.8942127227783203,2.6400959491729736,2.8488097190856934,3.4358575344085693,1.6046539545059204,-234.7518310546875,66.95022583007812,15.401168823242188,18.68056297302246,15.473329544067383,10.95975399017334,7.771535396575928,-1.6958093643188477,0.619566023349762,7.210412502288818,40.16870880126953,8.827621459960938,12.590328216552734,6.183104038238525,15.68923282623291,4.774588108062744,7.368368148803711,5.147960662841797,5.596969127655029,4.869623184204102,0.3895106017589569,0.21053019165992737,0.3454998731613159,0.5095301270484924,0.7818685173988342,0.7346380352973938,0.4687415063381195,0.26138773560523987,0.2265772670507431,0.12857656180858612,0.3184559643268585,0.8486279845237732,0.13302388787269592,0.11627674102783203,0.13559921085834503,0.16784273087978363,0.2320186048746109,0.23079276084899902,0.22650684416294098,0.17448347806930542,0.1479269564151764,0.11226605623960495,0.11489847302436829,0.23560543358325958,1154.712344743462,2295.1346908533933,2028.4759101553523,0.027651899651972157,0.022460369393229485,520.0,530.0,525.0,567.0,577.0,572.0,4,viparita_swasa
P9,-7.72725248336792,-11.797130584716797,-14.697680473327637,-25.318973541259766,-28.33515739440918,-32.97226333618164,-33.62479782104492,-35.577171325683594,-37.718082427978516,-40.046897888183594,-39.77082443237305,-38.246639251708984,-36.50444030761719,-37.343505859375,-39.62723922729492,-42.90046310424805,-45.147369384765625,-48.34196853637695,-45.18089294433594,-47.790367126464844,-47.75669479370117,-46.16606903076172,-48.401981353759766,-53.22822952270508,-54.18159103393555,-50.83755874633789,-53.34995651245117,-55.85478973388672,-56.59566116333008,-55.459049224853516,-54.48576354980469,-56.747291564941406,3.470165252685547,3.3875882625579834,8.387605667114258,6.858735084533691,8.290000915527344,7.955647945404053,11.746731758117676,13.822342872619629,11.456238746643066,11.040637016296387,10.80523681640625,13.300592422485352,13.3858060836792,10.46284008026123,8.224812507629395,6.179311752319336,5.166355133056641,5.419642448425293,9.431302070617676,9.031113624572754,9.529304504394531,10.977676391601562,8.60317325592041,4.925823211669922,5.861255645751953,8.970434188842773,6.281307220458984,3.5782463550567627,2.427527904510498,2.7655913829803467,2.576073169708252,1.7663311958312988,-233.65171813964844,64.99613189697266,14.800467491149902,16.807537078857422,13.7024564743042,11.82258129119873,7.940996170043945,0.19216082990169525,0.5207104682922363,4.9439167976379395,38.09437942504883,10.512935638427734,12.724272727966309,7.087770462036133,14.312390327453613,4.577805995941162,5.999931335449219,5.774974346160889,5.115278244018555,4.242402076721191,0.8591405749320984,0.27200034260749817,0.1819218546152115,0.2613063156604767,0.497476726770401,0.6650078296661377,0.44999998807907104,0.3729289770126343,0.203216090798378,0.13816514611244202,0.11921337991952896,0.5459675788879395,0.25293099880218506,0.10091011226177216,0.11466078460216522,0.14169128239154816,0.2463987171649933,0.29299768805503845,0.23116545379161835,0.2849549651145935,0.1694476157426834,0.1304423063993454,0.10206367820501328,0.23391276597976685,1249.4402835740175,2605.4426365828017,2123.9042328615465,0.03133610063805104,0.019371457397937775,530.0,540.0,535.0,577.0,587.0,582.0,4,viparita_swasa
P9,-11.988240242004395,-13.80487060546875,-15.600662231445312,-25.165651321411133,-31.180498123168945,-34.21004867553711,-36.935543060302734,-39.64930725097656,-41.934505462646484,-44.00967025756836,-42.46559524536133,-39.22556686401367,-37.03857421875,-38.002864837646484,-41.021976470947266,-45.34343338012695,-48.454647064208984,-53.86494064331055,-46.81333923339844,-47.6590690612793,-49.1756706237793,-46.39717483520508,-48.402191162109375,-57.77362060546875,-61.430477142333984,-57.231449127197266,-58.64777755737305,-60.00032043457031,-60.102115631103516,-59.86412048339844,-58.847782135009766,-61.91363525390625,3.6868786811828613,3.641374349594116,7.6747846603393555,7.143472194671631,7.242983818054199,8.455097198486328,10.304535865783691,12.804877281188965,11.79508113861084,11.085283279418945,10.936066627502441,12.303537368774414,10.514019012451172,7.336365222930908,6.368826866149902,4.9471259117126465,4.635195732116699,4.614943981170654,9.91441535949707,10.044398307800293,10.893061637878418,12.62255859375,10.254583358764648,4.333126544952393,3.764496088027954,6.5272135734558105,4.919406414031982,3.5967202186584473,3.0350730419158936,2.6762287616729736,2.850126266479492,1.5638347864151,-249.9897003173828,69.24773406982422,11.148306846618652,18.86048126220703,15.517518997192383,10.71813678741455,10.628047943115234,-3.432032823562622,-5.5338873863220215,7.541158199310303,35.136348724365234,9.588298797607422,11.718180656433105,5.572031021118164,14.120832443237305,7.084324359893799,7.075102806091309,6.050830841064453,7.81048583984375,4.499345302581787,0.8439057469367981,0.29012781381607056,0.14247673749923706,0.20497773587703705,0.38108474016189575,0.5022106766700745,0.3048866391181946,0.20888490974903107,0.17417961359024048,0.15455996990203857,0.12133882194757462,0.5840126276016235,0.2584044635295868,0.21795476973056793,0.11967740207910538,0.1549202799797058,0.22707901895046234,0.22207917273044586,0.17659488320350647,0.19542686641216278,0.17467305064201355,0.16268658638000488,0.1128627136349678,0.30412721633911133,1197.6172009632758,2467.525218423724,1971.013572074749,0.035973073158352666,0.022986236959695816,540.0,550.0,545.0,587.0,597.0,592.0,4,viparita_swasa
P9,-6.416509628295898,-10.016166687011719,-12.894061088562012,-22.23222541809082,-28.236675262451172,-32.52203369140625,-34.01750183105469,-36.354286193847656,-38.02323913574219,-39.91931915283203,-39.435096740722656,-36.66929244995117,-35.1005744934082,-35.958553314208984,-38.91153335571289,-43.43009567260742,-45.668495178222656,-48.61463928222656,-43.046142578125,-44.6609001159668,-45.66134262084961,-42.57765197753906,-45.2193489074707,-53.25876235961914,-55.60062789916992,-51.78797149658203,-53.524478912353516,-55.34477233886719,-55.97098922729492,-55.27748107910156,-54.4201545715332,-56.8195686340332,3.3544414043426514,3.8603107929229736,8.383049964904785,8.199226379394531,8.247559547424316,10.558484077453613,12.447044372558594,14.610344886779785,13.39583683013916,12.119502067565918,11.486315727233887,14.360208511352539,13.273432731628418,10.072864532470703,8.498466491699219,7.4292378425598145,6.304782390594482,6.427022933959961,11.151190757751465,11.13890552520752,12.638001441955566,14.570950508117676,10.976459503173828,7.187838554382324,4.494510173797607,8.016280174255371,5.985157489776611,3.9259510040283203,2.9318156242370605,2.7732863426208496,2.528654098510742,1.732695460319519,-229.38375854492188,65.88118743896484,13.909398078918457,20.0815372467041,14.810897827148438,11.348481178283691,11.388110160827637,-0.7824347615242004,-3.435051441192627,6.2039337158203125,43.29169464111328,9.938905715942383,14.604934692382812,6.120591640472412,14.3439359664917,7.255429267883301,5.501041889190674,5.200050354003906,8.191667556762695,5.414257049560547,0.5582759380340576,0.17859451472759247,0.24065880477428436,0.37953054904937744,0.6430675387382507,0.5889177918434143,0.3409438133239746,0.23764757812023163,0.21288123726844788,0.13917049765586853,0.3072948753833771,0.8705204129219055,0.28582772612571716,0.12272462248802185,0.12219711393117905,0.16771261394023895,0.24888622760772705,0.24082088470458984,0.2021511048078537,0.19640177488327026,0.13809257745742798,0.11973036825656891,0.1756085455417633,0.2497694492340088,1189.2601219474475,2340.4243628552786,2021.1304720727,0.03243161796693735,0.02177959308028221,550.0,560.0,555.0,597.0,607.0,602.0,4,viparita_swasa
P9,-10.715904235839844,-16.82794761657715,-30.585405349731445,-36.93422317504883,-42.40487289428711,-45.2138557434082,-47.16914749145508,-48.93585968017578,-49.398807525634766,-49.447078704833984,-50.84926986694336,-52.544898986816406,-52.34755325317383,-51.708316802978516,-51.4113883972168,-52.24679946899414,-52.630165100097656,-53.91310119628906,-54.49625778198242,-55.230743408203125,-55.556419372558594,-55.864036560058594,-56.08300018310547,-55.7257194519043,-56.564857482910156,-56.73704147338867,-56.961875915527344,-56.25885772705078,-55.891658782958984,-55.1363525390625,-54.41637420654297,-55.198909759521484,3.2619755268096924,2.980762481689453,6.366268157958984,4.703623294830322,4.3509721755981445,3.559814214706421,3.090322494506836,2.6746957302093506,2.9616777896881104,2.5816493034362793,2.5432708263397217,2.618790864944458,2.9285972118377686,3.706622362136841,4.891589164733887,4.610124111175537,4.0755767822265625,3.8047034740448,3.2307052612304688,2.7167556285858154,3.1076784133911133,3.1007962226867676,2.8436808586120605,3.5190601348876953,3.086634874343872,3.0621800422668457,2.3717737197875977,3.127025842666626,2.918668031692505,2.7371480464935303,2.4464704990386963,2.5197324752807617,-278.49517822265625,43.32896423339844,27.35396957397461,19.05228042602539,19.26531982421875,12.438095092773438,9.99327278137207,7.312208652496338,7.364899635314941,5.023750305175781,13.136991500854492,6.886828422546387,4.930169582366943,3.280484676361084,2.8376450538635254,2.2016117572784424,3.6601781845092773,3.500791072845459,2.7736291885375977,2.395841360092163,0.4214978516101837,0.36347225308418274,0.3638518750667572,0.5014312267303467,0.8468910455703735,0.846586287021637,0.5218843817710876,0.46578866243362427,0.3824298679828644,0.3180272877216339,0.3130154311656952,0.398380845785141,0.23616470396518707,0.1985837072134018,0.17445190250873566,0.16912679374217987,0.1885397732257843,0.19269530475139618,0.20961767435073853,0.2811945676803589,0.2318553775548935,0.22557488083839417,0.1884249597787857,0.26783815026283264,1499.4785235078089,3964.4325628081497,2711.017769121965,0.023837414805684454,0.00946640595793724,560.0,570.0,565.0,607.0,617.0,612.0,4,viparita_swasa
P9,-6.491354942321777,-12.781126976013184,-28.25367546081543,-32.7026481628418,-38.04773712158203,-40.4653434753418,-42.26564407348633,-43.278839111328125,-44.075740814208984,-44.347930908203125,-45.99483871459961,-47.75638961791992,-47.98984909057617,-46.6890869140625,-45.482688903808594,-46.51594543457031,-47.69155502319336,-48.45729446411133,-49.47117614746094,-50.10899353027344,-49.7877197265625,-50.19660568237305,-50.6486930847168,-49.61124801635742,-50.24353790283203,-50.529808044433594,-50.93772506713867,-49.67595291137695,-49.51719284057617,-48.68678283691406,-48.02667236328125,-48.82732009887695,2.7546701431274414,2.491384267807007,2.50993013381958,2.9219729900360107,2.9292471408843994,3.157045364379883,2.8047189712524414,2.811676263809204,2.9070534706115723,2.461275339126587,2.3391003608703613,2.394510269165039,2.4837839603424072,3.6849167346954346,4.927940845489502,4.643094539642334,3.664552688598633,3.4215962886810303,3.0463967323303223,2.6925806999206543,2.9862754344940186,3.0626938343048096,2.773129463195801,3.843305826187134,3.429506301879883,3.086867094039917,2.576037645339966,3.49198579788208,3.2548868656158447,3.2303009033203125,2.9541358947753906,2.9886717796325684,-248.46974182128906,39.1193733215332,27.193603515625,17.806550979614258,18.363073348999023,12.062271118164062,9.364055633544922,7.466216087341309,8.400638580322266,5.983347415924072,12.869367599487305,5.440901756286621,3.537604570388794,2.2915661334991455,2.531980514526367,2.486999034881592,3.425750970840454,2.7396199703216553,2.3013365268707275,2.1590147018432617,0.45593419671058655,0.41147661209106445,0.38599416613578796,0.4870569407939911,0.8500080108642578,0.8693689107894897,0.5544806718826294,0.5129267573356628,0.4374828636646271,0.37269535660743713,0.3116934895515442,0.3411688506603241,0.2615360617637634,0.22332488000392914,0.20050962269306183,0.18140767514705658,0.17234034836292267,0.1723376363515854,0.1980789452791214,0.27225056290626526,0.22391685843467712,0.23726819455623627,0.20251372456550598,0.21138685941696167,1748.373200836731,5141.189638921113,2916.4952187121485,0.028604671186194894,0.008503036573529243,570.0,580.0,575.0,617.0,627.0,622.0,4,viparita_swasa
P9,-9.537699699401855,-16.018110275268555,-31.02218246459961,-36.05263137817383,-41.715396881103516,-44.147804260253906,-45.99288558959961,-46.936832427978516,-47.62962341308594,-47.799400329589844,-49.327056884765625,-50.92642593383789,-51.011085510253906,-49.93915557861328,-48.53883743286133,-49.565101623535156,-51.02507781982422,-51.7592887878418,-52.508819580078125,-53.60438919067383,-53.158424377441406,-52.980712890625,-53.34386444091797,-52.105712890625,-52.33928298950195,-52.723426818847656,-53.56575393676758,-51.23967742919922,-51.39712142944336,-51.05512237548828,-50.92782974243164,-51.75870895385742,2.9959514141082764,2.4183011054992676,2.2998077869415283,3.0699923038482666,3.259831190109253,3.1558761596679688,2.5412001609802246,2.5176749229431152,2.8718955516815186,2.484638214111328,2.425163745880127,2.4116427898406982,2.420994520187378,3.822909116744995,5.293890953063965,4.903140544891357,3.5418736934661865,3.6029961109161377,3.195610284805298,2.6404755115509033,3.097623348236084,3.2662622928619385,3.061981201171875,4.188595294952393,4.013979434967041,3.892329216003418,3.165989875793457,5.43470573425293,4.752145767211914,4.228428840637207,3.4829812049865723,3.5222201347351074,-265.45733642578125,36.96566390991211,28.057771682739258,18.06235122680664,18.277490615844727,13.51492691040039,9.066995620727539,7.7355756759643555,8.1837797164917,6.141122341156006,14.457840919494629,6.955700397491455,2.8595829010009766,2.606257200241089,2.6420187950134277,2.6343419551849365,3.8965439796447754,2.675330400466919,2.3517634868621826,2.505521059036255,0.41857776045799255,0.37594881653785706,0.362443745136261,0.49331143498420715,0.8568225502967834,0.8491986989974976,0.5628986954689026,0.5401269197463989,0.4395953118801117,0.35426393151283264,0.29466456174850464,0.3233690857887268,0.2565728425979614,0.21374288201332092,0.18866705894470215,0.1725618839263916,0.16079655289649963,0.1738819032907486,0.22124862670898438,0.27795499563217163,0.20966345071792603,0.22176799178123474,0.1954706758260727,0.20680928230285645,1862.2659726640834,5420.0471174412705,2966.2329375556014,0.03168730060904872,0.008710617199540138,580.0,590.0,585.0,627.0,637.0,632.0,4,viparita_swasa
P9,-7.609119892120361,-13.95174503326416,-29.178979873657227,-34.20094680786133,-39.534305572509766,-41.963321685791016,-43.670841217041016,-44.76899719238281,-45.54844284057617,-45.98313903808594,-46.886695861816406,-48.84869384765625,-49.10816192626953,-48.078487396240234,-46.73324966430664,-47.843788146972656,-49.137733459472656,-49.72495651245117,-50.58362579345703,-51.48464584350586,-50.91473388671875,-50.80672836303711,-50.99558639526367,-49.424503326416016,-49.75545883178711,-50.34492492675781,-50.953895568847656,-48.17780303955078,-48.64250946044922,-48.46263122558594,-48.61405944824219,-49.503517150878906,2.655677556991577,2.436509847640991,2.4174044132232666,2.850017547607422,3.233358383178711,2.928795576095581,2.610596179962158,2.5872113704681396,2.879911422729492,2.6077113151550293,2.370748519897461,2.333406448364258,2.521477699279785,3.767059803009033,5.1893415451049805,4.602485656738281,3.5018150806427,3.3804492950439453,3.099569320678711,2.5846354961395264,2.910362720489502,2.8917911052703857,2.883502721786499,4.619202136993408,4.49473762512207,4.217527389526367,3.458282709121704,6.36944580078125,5.68254280090332,4.837064743041992,3.595343828201294,3.548807382583618,-253.04457092285156,35.85350799560547,28.79239845275879,17.996583938598633,17.510494232177734,13.652459144592285,8.88613224029541,7.97883415222168,7.92659330368042,6.305377006530762,14.715048789978027,7.747045040130615,2.3558311462402344,2.8758394718170166,2.8443644046783447,2.7889649868011475,4.3220343589782715,2.587724208831787,2.4145898818969727,2.636579990386963,0.4776380956172943,0.4288720190525055,0.38723742961883545,0.46959951519966125,0.8354032635688782,0.8532324433326721,0.5470247268676758,0.504725456237793,0.4365626573562622,0.37268099188804626,0.31676214933395386,0.35193222761154175,0.29066002368927,0.24425829946994781,0.19856882095336914,0.17661486566066742,0.17995993793010712,0.19173571467399597,0.18738402426242828,0.25060388445854187,0.21921966969966888,0.2350771129131317,0.20389299094676971,0.21950151026248932,1946.918631473751,5580.621861858323,3002.6948465267265,0.034912675826566125,0.008403432555496693,590.0,600.0,595.0,637.0,647.0,642.0,4,viparita_swasa
P9,-7.696324348449707,-14.087967872619629,-29.291799545288086,-34.26221466064453,-39.665428161621094,-42.085838317871094,-43.65191650390625,-44.82575225830078,-45.254241943359375,-45.512088775634766,-46.81230926513672,-48.16645431518555,-48.3305549621582,-47.64975357055664,-46.18619155883789,-47.15139389038086,-48.885807037353516,-49.48700714111328,-50.18851852416992,-51.08316421508789,-50.57638168334961,-50.52836608886719,-50.912601470947266,-49.38473892211914,-49.627960205078125,-50.47408676147461,-51.296600341796875,-49.031394958496094,-49.4362907409668,-49.08639907836914,-48.99120330810547,-49.908180236816406,2.959160566329956,2.5154528617858887,2.2936019897460938,2.860700845718384,2.9311914443969727,2.971470832824707,2.5699405670166016,2.430814504623413,2.6441683769226074,2.33473539352417,2.4539055824279785,2.592841386795044,2.6743578910827637,3.3741371631622314,4.684336185455322,4.37406587600708,3.0844454765319824,3.0108978748321533,2.8645570278167725,2.4765353202819824,2.7555830478668213,2.8147666454315186,2.7788305282592773,4.601221561431885,4.556420803070068,4.01538610458374,3.3658103942871094,5.4213175773620605,4.676574230194092,4.242150783538818,3.2977166175842285,3.2181670665740967,-252.7073974609375,36.65629577636719,26.918222427368164,18.064088821411133,17.528207778930664,13.824787139892578,9.331221580505371,7.618958950042725,8.112302780151367,6.0996222496032715,12.914888381958008,7.248205661773682,3.820831298828125,2.949186325073242,2.921858310699463,2.761960506439209,3.985987901687622,2.663881778717041,2.672424793243408,2.502288579940796,0.4532466530799866,0.404803603887558,0.375895619392395,0.48904988169670105,0.851040780544281,0.8576900362968445,0.5679843425750732,0.5357206463813782,0.4327816665172577,0.34682968258857727,0.2904953360557556,0.3317389488220215,0.2818392217159271,0.24086330831050873,0.20064446330070496,0.17672628164291382,0.1628524214029312,0.17867009341716766,0.21246309578418732,0.2805995047092438,0.21525411307811737,0.22181904315948486,0.1943790167570114,0.2145332396030426,1889.5477110435522,5427.166563950116,2960.9224677396605,0.03355545787412993,0.008520721457898617,600.0,610.0,605.0,647.0,657.0,652.0,4,viparita_swasa
P9,-7.210729122161865,-13.683573722839355,-29.037630081176758,-34.28970718383789,-39.58071517944336,-42.00669479370117,-43.74551010131836,-44.63692855834961,-44.942169189453125,-45.21049499511719,-46.5866584777832,-47.80506896972656,-48.08320617675781,-47.11305618286133,-46.07260513305664,-46.87043380737305,-48.38930130004883,-48.98067855834961,-49.57723617553711,-50.503578186035156,-50.46982955932617,-50.62643814086914,-51.062808990478516,-49.45033264160156,-49.71075439453125,-50.69230270385742,-51.2309455871582,-49.302974700927734,-49.55448913574219,-49.11697006225586,-48.863563537597656,-49.75535583496094,2.796938180923462,2.5829710960388184,2.2956416606903076,2.8238284587860107,2.96482515335083,2.735661029815674,2.5424249172210693,2.5501670837402344,2.6411890983581543,2.4603052139282227,2.494359254837036,2.8332347869873047,2.633826732635498,3.4936773777008057,4.87830114364624,4.4536051750183105,3.2253687381744385,3.1349802017211914,3.1585614681243896,2.5734119415283203,2.762894868850708,2.7192137241363525,2.6372647285461426,4.447784900665283,4.508019924163818,3.7651796340942383,3.345365524291992,5.434049606323242,4.654238700866699,4.134706497192383,3.125542163848877,3.0466010570526123,-251.75877380371094,37.20695877075195,26.331960678100586,18.052692413330078,18.233936309814453,13.684877395629883,9.615784645080566,8.051989555358887,8.236063957214355,5.86707067489624,13.256168365478516,6.860418319702148,3.642317295074463,2.8647119998931885,2.6834256649017334,2.6619346141815186,4.0454535484313965,2.5161445140838623,2.5229034423828125,2.411132574081421,0.4199201464653015,0.3779897093772888,0.35386642813682556,0.4523944854736328,0.8401813507080078,0.8805809020996094,0.5844268202781677,0.5357913374900818,0.44475990533828735,0.3637227714061737,0.29400572180747986,0.3122312128543854,0.2631351351737976,0.21986551582813263,0.18096193671226501,0.16426804661750793,0.16247990727424622,0.1714102178812027,0.20274630188941956,0.2788044512271881,0.22374477982521057,0.21930928528308868,0.17629565298557281,0.1903306394815445,1832.6022428776632,5234.741664098753,2932.6796031762865,0.030294962659512762,0.008589520119130611,610.0,620.0,615.0,657.0,667.0,662.0,4,viparita_swasa
P9,-7.262303352355957,-14.00936222076416,-28.944374084472656,-34.07725524902344,-39.535301208496094,-41.93453598022461,-43.74869155883789,-44.99870681762695,-45.19126510620117,-45.23374938964844,-46.72239303588867,-48.24040985107422,-48.55299377441406,-47.50912857055664,-46.0327033996582,-46.98955154418945,-48.64146041870117,-49.22004318237305,-49.767173767089844,-50.74081802368164,-50.30302047729492,-50.479530334472656,-50.75553894042969,-49.172916412353516,-49.50121307373047,-50.46464538574219,-50.779998779296875,-47.90781021118164,-48.28446578979492,-47.91457748413086,-48.0745735168457,-49.1833381652832,2.8407933712005615,2.590367317199707,2.2876174449920654,2.9431750774383545,2.9848315715789795,2.842358350753784,2.7169229984283447,2.7643015384674072,2.731213331222534,2.427061080932617,2.1946773529052734,2.385892391204834,2.540945529937744,3.3818769454956055,5.133526802062988,4.57482385635376,3.3710432052612305,3.235901355743408,3.1075336933135986,2.5999860763549805,2.928884983062744,2.8499772548675537,2.728269338607788,4.123919486999512,4.091052532196045,3.4439752101898193,3.3250460624694824,5.892592906951904,5.430142402648926,5.031209468841553,3.779700756072998,3.542149782180786,-251.0536346435547,35.460670471191406,27.87299156188965,17.782217025756836,18.255029678344727,13.60883617401123,9.242712020874023,8.14964485168457,7.746954917907715,6.333678722381592,14.001077651977539,7.412777423858643,2.6795201301574707,2.6132965087890625,2.9600584506988525,2.777540683746338,4.176891326904297,2.481841802597046,2.2940027713775635,2.682774305343628,0.4269987940788269,0.3842948079109192,0.3820825219154358,0.5920290350914001,0.8847864866256714,0.817389190196991,0.5690670013427734,0.5527198314666748,0.44056081771850586,0.35237619280815125,0.2950599193572998,0.3536073863506317,0.2555815875530243,0.21607458591461182,0.19313792884349823,0.1783154159784317,0.17293886840343475,0.1858043372631073,0.2373974472284317,0.2863540053367615,0.22500108182430267,0.22078749537467957,0.19273827970027924,0.21486467123031616,1971.360347884047,5722.586123296113,3022.963354024998,0.033643824318445474,0.00857118982821703,620.0,630.0,625.0,667.0,677.0,672.0,4,viparita_swasa
P9,-6.997799873352051,-13.363367080688477,-28.741472244262695,-34.06724548339844,-39.21420669555664,-41.899566650390625,-43.70914840698242,-44.81185531616211,-45.43585205078125,-45.40007781982422,-46.992408752441406,-48.778724670410156,-48.82515335083008,-48.15022277832031,-46.66237258911133,-47.54689025878906,-49.26680374145508,-50.057861328125,-50.49562072753906,-51.38529586791992,-51.09488296508789,-51.06269836425781,-51.259254455566406,-49.64063262939453,-49.90798568725586,-50.80534362792969,-51.15052795410156,-48.84458923339844,-49.2647590637207,-48.98256301879883,-48.79723358154297,-49.713165283203125,2.599835157394409,2.52890682220459,2.2954866886138916,2.8211653232574463,2.9136977195739746,2.7514238357543945,2.714899778366089,2.4690496921539307,2.659233808517456,2.4728803634643555,2.3889527320861816,2.319474697113037,2.2486958503723145,3.2277982234954834,4.811612129211426,4.40788459777832,3.132141590118408,2.9901840686798096,2.91344952583313,2.3294918537139893,2.6232247352600098,2.7108452320098877,2.7238898277282715,4.132051944732666,4.1492390632629395,3.4836935997009277,3.102400302886963,5.516104221343994,4.801666736602783,4.259485721588135,3.228052854537964,2.916642665863037,-253.2017822265625,37.2965087890625,28.747970581054688,18.218517303466797,17.867080688476562,13.827775955200195,9.308095932006836,7.968605041503906,8.169323921203613,6.115623950958252,12.900689125061035,6.885014057159424,2.4049694538116455,2.5559122562408447,2.5897159576416016,2.7068448066711426,4.016852378845215,2.583348512649536,2.279646873474121,2.485935926437378,0.46216118335723877,0.4093113839626312,0.3744502663612366,0.5071945786476135,0.8623682856559753,0.8435145616531372,0.5471310615539551,0.531104326248169,0.4410709738731384,0.36911100149154663,0.30764204263687134,0.35043805837631226,0.2705187499523163,0.22768771648406982,0.1801222860813141,0.16181623935699463,0.17269940674304962,0.18427932262420654,0.21078400313854218,0.27503731846809387,0.21819263696670532,0.23178066313266754,0.19777821004390717,0.21064156293869019,1808.4469342260338,5289.848678128626,2938.217212200035,0.030264374274941996,0.008498319424688816,630.0,640.0,635.0,677.0,687.0,682.0,4,viparita_swasa
P9,-6.808996677398682,-12.767498970031738,-28.140832901000977,-33.22459411621094,-38.77136993408203,-41.2835693359375,-42.756004333496094,-43.89994812011719,-44.432132720947266,-44.79710006713867,-46.40911865234375,-47.91383743286133,-47.97928237915039,-47.38796615600586,-46.029842376708984,-46.87502670288086,-48.37574005126953,-49.228878021240234,-49.66963577270508,-50.6318244934082,-50.25789260864258,-50.260231018066406,-50.54465866088867,-49.14539337158203,-49.46432876586914,-50.52754592895508,-50.677242279052734,-48.31496047973633,-48.48854446411133,-48.05740737915039,-48.07224655151367,-49.14647674560547,2.868448495864868,2.3960213661193848,2.383455514907837,3.0250084400177,3.034332752227783,2.982198476791382,2.8586697578430176,2.9370291233062744,2.9047741889953613,2.819129705429077,2.626229763031006,2.4226491451263428,2.5717735290527344,3.4955475330352783,4.997890949249268,4.626802921295166,3.740055561065674,3.35555362701416,3.161149740219116,2.639381170272827,2.8695967197418213,2.971017599105835,2.8042187690734863,4.132722854614258,4.0757832527160645,3.3849573135375977,3.1314828395843506,5.4515838623046875,5.032366752624512,4.580057621002197,3.5105702877044678,3.2607293128967285,-249.3152618408203,37.37806701660156,28.343017578125,17.902732849121094,17.89950942993164,13.273824691772461,9.3505277633667,7.980398654937744,7.978415489196777,6.352434158325195,13.834749221801758,7.078970432281494,3.144965410232544,2.8754611015319824,2.858868360519409,2.809248685836792,3.9597935676574707,2.4972660541534424,2.419869899749756,2.6947073936462402,0.4454606771469116,0.3960739076137543,0.371097594499588,0.5015793442726135,0.8789474368095398,0.8496991991996765,0.5260238647460938,0.4932505786418915,0.41339173913002014,0.34883058071136475,0.2927706837654114,0.3307640254497528,0.25303807854652405,0.21043670177459717,0.18019041419029236,0.1619727909564972,0.16004523634910583,0.1795291006565094,0.2029077708721161,0.2619417607784271,0.21831963956356049,0.23189328610897064,0.1945495307445526,0.1989540457725525,1851.0596896828781,5370.410835991879,2954.496945883498,0.03302752501450116,0.008319146931171417,640.0,650.0,645.0,687.0,697.0,692.0,4,viparita_swasa
P9,-7.833928108215332,-14.312729835510254,-29.358219146728516,-34.451759338378906,-39.79736328125,-42.200260162353516,-44.057613372802734,-45.27739715576172,-45.766395568847656,-45.83049011230469,-47.46392059326172,-49.216556549072266,-49.12989807128906,-48.242454528808594,-46.54159927368164,-47.62176513671875,-49.27364730834961,-49.92671203613281,-50.633270263671875,-51.47553253173828,-50.8892936706543,-51.099552154541016,-51.53838348388672,-49.93701934814453,-50.44374084472656,-51.399452209472656,-51.6810188293457,-49.1270637512207,-49.0430793762207,-48.24102020263672,-48.350791931152344,-49.53151321411133,2.867185354232788,2.4872074127197266,2.2844371795654297,2.6041853427886963,3.005716323852539,2.856430768966675,2.519392728805542,2.5261216163635254,2.607590913772583,2.343135356903076,2.324632406234741,2.2328927516937256,2.4108195304870605,3.715794563293457,5.46195125579834,4.895178318023682,3.5614888668060303,3.4984400272369385,3.426408052444458,2.9186527729034424,3.124675989151001,3.0576493740081787,2.84035325050354,4.2311859130859375,3.977620840072632,3.3332834243774414,2.946749210357666,5.070765972137451,5.219273567199707,5.335207939147949,4.533869743347168,4.1061601638793945,-254.50424194335938,36.09933853149414,28.383359909057617,17.6186466217041,18.574846267700195,12.929046630859375,9.324862480163574,7.664766788482666,7.96176290512085,6.522520542144775,14.446954727172852,7.774109840393066,2.4949252605438232,2.6541125774383545,3.116241931915283,2.48797607421875,3.710310459136963,2.679882049560547,2.324115514755249,2.6410486698150635,0.4440023899078369,0.3867368996143341,0.34405577182769775,0.4616388976573944,0.8467714786529541,0.8746614456176758,0.5703809857368469,0.5336682796478271,0.44038575887680054,0.36676836013793945,0.3027915954589844,0.3367074728012085,0.2662781774997711,0.21631695330142975,0.1614634394645691,0.15520165860652924,0.1714906245470047,0.16443566977977753,0.20365647971630096,0.26575684547424316,0.2107905149459839,0.22412659227848053,0.18904101848602295,0.20422622561454773,1973.976819701099,5695.682109646897,3030.041349407607,0.0372056717662413,0.008597046136856079,650.0,660.0,655.0,697.0,707.0,702.0,4,viparita_swasa
P9,-9.770063400268555,-16.148679733276367,-31.62180519104004,-36.36281967163086,-41.86691665649414,-44.15120315551758,-45.923553466796875,-47.513633728027344,-47.68326187133789,-48.017799377441406,-49.55374526977539,-50.99652862548828,-51.247859954833984,-50.232479095458984,-49.06483840942383,-50.18452835083008,-51.51651382446289,-52.2099723815918,-52.8109016418457,-53.51066589355469,-53.103763580322266,-53.27454376220703,-53.53024673461914,-51.920589447021484,-52.156349182128906,-53.247806549072266,-53.57587814331055,-51.1116828918457,-51.23590087890625,-50.56990051269531,-50.640506744384766,-51.92472839355469,2.815462112426758,2.5069403648376465,2.391395092010498,2.877969264984131,3.063805341720581,2.9322450160980225,2.614257335662842,2.5224931240081787,2.7699623107910156,2.6560378074645996,2.250180721282959,2.313765287399292,2.5932881832122803,3.671875238418579,4.58071756362915,4.2265191078186035,3.284968614578247,3.177867889404297,3.0862438678741455,2.6199309825897217,2.9031543731689453,2.8229100704193115,2.7269232273101807,4.028231143951416,3.863624095916748,3.269296646118164,2.9216179847717285,4.885292053222656,4.776060581207275,4.807218551635742,3.959458827972412,3.6282031536102295,-266.3458557128906,36.30727005004883,28.653045654296875,17.88715171813965,17.94330406188965,13.315238952636719,9.353167533874512,7.774602890014648,7.809326171875,6.331938743591309,13.424983024597168,7.070190906524658,2.5405116081237793,2.6576833724975586,2.8994338512420654,2.439880132675171,3.5489449501037598,2.7174153327941895,2.1663804054260254,2.4548287391662598,0.46312376856803894,0.40492090582847595,0.3642115890979767,0.48580706119537354,0.8438754081726074,0.8468865156173706,0.5557811856269836,0.5371952652931213,0.4479876458644867,0.3727364242076874,0.30619385838508606,0.34561190009117126,0.28070321679115295,0.2328462302684784,0.19729450345039368,0.18183249235153198,0.17599806189537048,0.18016552925109863,0.2118687629699707,0.2781711220741272,0.21770064532756805,0.22381547093391418,0.18831205368041992,0.20905470848083496,1913.3450650720436,5617.493100619925,3000.1222877218856,0.033076239849187936,0.008500458672642708,660.0,670.0,665.0,707.0,717.0,712.0,4,viparita_swasa
P9,-6.723738670349121,-12.997116088867188,-28.13338279724121,-33.15351104736328,-38.71343994140625,-41.13235855102539,-43.0502815246582,-44.18595504760742,-44.66230392456055,-44.80464172363281,-46.389076232910156,-47.864959716796875,-47.87934494018555,-47.30836868286133,-46.12374496459961,-47.11233139038086,-48.33974838256836,-49.26686096191406,-49.82769775390625,-50.545509338378906,-50.10024642944336,-50.2562255859375,-50.560787200927734,-49.25975036621094,-49.45412063598633,-50.43175506591797,-50.673362731933594,-48.753257751464844,-48.80287551879883,-48.225624084472656,-48.033748626708984,-49.12316131591797,2.762387990951538,2.7413129806518555,2.2233262062072754,2.822086811065674,2.870551347732544,2.996192455291748,2.5645833015441895,2.4657845497131348,2.7245256900787354,2.4052064418792725,2.2808942794799805,2.388550281524658,2.254488468170166,3.2477715015411377,4.5355634689331055,4.022867202758789,3.1676223278045654,3.1616108417510986,2.8510351181030273,2.2875020503997803,2.6103479862213135,2.515716791152954,2.4959754943847656,3.8174378871917725,3.897562026977539,3.2749855518341064,2.7902843952178955,4.841733455657959,4.471724987030029,4.297155380249023,3.479959487915039,3.1892433166503906,-249.58912658691406,37.453548431396484,28.216157913208008,18.06161880493164,17.95550537109375,13.32153606414795,9.589458465576172,7.674801826477051,7.820625305175781,6.006908416748047,12.751603126525879,6.342602252960205,2.534950017929077,2.395702600479126,2.6367878913879395,2.48838472366333,3.562880516052246,2.4301607608795166,2.3963851928710938,2.320713758468628,0.46045079827308655,0.4129348695278168,0.38031646609306335,0.477750301361084,0.8491737842559814,0.8676537871360779,0.5585013031959534,0.5096720457077026,0.43241775035858154,0.36590099334716797,0.3110317289829254,0.34382009506225586,0.2715091109275818,0.2278037816286087,0.18840892612934113,0.1693442165851593,0.17340172827243805,0.18128375709056854,0.19271232187747955,0.25300318002700806,0.2144174575805664,0.22869645059108734,0.20053833723068237,0.21223334968090057,1819.9772712480642,5371.534959124855,2952.68406482689,0.03064956133990719,0.008289895951747894,670.0,680.0,675.0,717.0,727.0,722.0,4,viparita_swasa
P9,-7.40102481842041,-13.930574417114258,-29.07931900024414,-34.33790588378906,-39.6419677734375,-41.978057861328125,-43.91936111450195,-45.168514251708984,-45.47764205932617,-45.60371017456055,-47.300846099853516,-48.98417663574219,-48.86427688598633,-48.250022888183594,-47.32044982910156,-48.11636734008789,-49.471153259277344,-50.19538497924805,-50.96187210083008,-51.58677291870117,-51.12274169921875,-51.234439849853516,-51.41535568237305,-50.2325439453125,-50.491432189941406,-51.33755111694336,-51.598388671875,-49.31362533569336,-49.341854095458984,-48.6302375793457,-48.573341369628906,-49.85498046875,2.685533046722412,2.5739400386810303,2.2336554527282715,2.84135103225708,2.991490125656128,2.6044373512268066,2.376077890396118,2.452268600463867,2.7202329635620117,2.5002684593200684,2.253692865371704,2.45965838432312,2.3895554542541504,3.237743377685547,4.678681373596191,3.919983148574829,3.050920248031616,2.937659740447998,2.8645427227020264,2.3416690826416016,2.676758050918579,2.694808006286621,2.568643093109131,3.7914974689483643,3.650411605834961,3.0360732078552246,2.7074060440063477,4.792049407958984,4.6582746505737305,4.740174770355225,4.0022735595703125,3.6107866764068604,-254.6885223388672,37.07895278930664,28.874433517456055,17.710065841674805,18.011554718017578,13.244590759277344,9.715387344360352,7.905890464782715,7.832777976989746,6.318111419677734,12.862407684326172,6.702757358551025,2.298724412918091,2.499786138534546,2.7826595306396484,2.4677228927612305,3.2162864208221436,2.4252002239227295,2.008578300476074,2.4430251121520996,0.42546188831329346,0.38294851779937744,0.367085725069046,0.4911089539527893,0.8500739336013794,0.8572124242782593,0.5622064471244812,0.5366755723953247,0.448064386844635,0.37402021884918213,0.30341637134552,0.3269314467906952,0.2618114948272705,0.2173050045967102,0.17640826106071472,0.16170552372932434,0.17414018511772156,0.17480412125587463,0.20428839325904846,0.27829402685165405,0.2298261672258377,0.2405502200126648,0.19489486515522003,0.19977709650993347,1863.1302787851375,5492.540569261166,2983.1093619293647,0.03121034839037123,0.008497467264533043,680.0,690.0,685.0,727.0,737.0,732.0,4,viparita_swasa
P9,-7.64048433303833,-13.658672332763672,-29.087364196777344,-34.14764404296875,-39.90522766113281,-42.02163314819336,-43.79530715942383,-45.121673583984375,-45.508705139160156,-45.68103790283203,-47.41461181640625,-48.560081481933594,-48.86921310424805,-47.99200439453125,-47.09309005737305,-47.69122314453125,-49.275875091552734,-49.93439865112305,-50.61808395385742,-51.23594665527344,-50.885250091552734,-50.885292053222656,-51.08453369140625,-49.39433670043945,-49.61764144897461,-50.85042953491211,-51.05057144165039,-48.463924407958984,-48.66676330566406,-47.996070861816406,-48.15357971191406,-49.38531494140625,2.510139226913452,2.4853248596191406,2.2643275260925293,2.886558771133423,3.00740909576416,2.9971725940704346,2.5700197219848633,2.451066255569458,2.6229782104492188,2.4770984649658203,2.295525074005127,2.402238368988037,2.5220322608947754,3.469043731689453,4.5874552726745605,4.229766368865967,3.336439847946167,3.1820600032806396,2.9146993160247803,2.495443105697632,2.862818956375122,2.7040767669677734,2.6416380405426025,3.969252824783325,3.8906919956207275,3.3398547172546387,3.1051063537597656,5.19838809967041,5.024720668792725,5.0553483963012695,4.276790618896484,3.9887301921844482,-253.08871459960938,35.7111701965332,28.980243682861328,17.84019660949707,17.92806053161621,13.581188201904297,9.46597957611084,7.865782737731934,7.867669582366943,6.312209606170654,13.6815185546875,7.253471374511719,2.4912402629852295,2.7292871475219727,3.0838799476623535,2.5780348777770996,3.4274322986602783,2.518237829208374,2.2211203575134277,2.326464891433716,0.4434363842010498,0.3897251784801483,0.3527182638645172,0.48623499274253845,0.8605790138244629,0.8608654141426086,0.5402156114578247,0.5076241493225098,0.4296856224536896,0.36662757396698,0.30264362692832947,0.33715933561325073,0.2626686990261078,0.22621731460094452,0.18387189507484436,0.16244220733642578,0.1764620691537857,0.17291876673698425,0.2136467695236206,0.27972176671028137,0.233639657497406,0.24098855257034302,0.19712461531162262,0.20270375907421112,1976.091068746273,5803.173261673433,3037.4921624739773,0.034134371374709975,0.008319971151649952,690.0,700.0,695.0,737.0,747.0,742.0,4,viparita_swasa
P9,-6.863833427429199,-13.184191703796387,-28.557968139648438,-33.55985641479492,-39.01521682739258,-41.75471115112305,-43.58989334106445,-44.94804000854492,-44.955223083496094,-45.348480224609375,-46.89291763305664,-48.347286224365234,-48.3430290222168,-47.85094451904297,-46.797218322753906,-47.672725677490234,-48.825767517089844,-49.517704010009766,-50.30482864379883,-51.05454635620117,-50.67633056640625,-50.501930236816406,-50.659454345703125,-49.34701919555664,-49.35637664794922,-50.468528747558594,-50.64962387084961,-48.47013854980469,-48.629608154296875,-47.976924896240234,-47.9242057800293,-49.19275665283203,2.716059446334839,2.5738046169281006,2.205112934112549,2.8591461181640625,3.1373512744903564,2.743953227996826,2.6620709896087646,2.4266772270202637,2.6707465648651123,2.5530130863189697,2.190253973007202,2.319678783416748,2.288740873336792,3.3758139610290527,4.461451053619385,3.9540131092071533,3.110079288482666,3.128671646118164,2.8708295822143555,2.278423547744751,2.4977381229400635,2.682919502258301,2.6270062923431396,3.757824659347534,3.9707353115081787,3.18884539604187,2.9630813598632812,5.022083759307861,4.791077136993408,4.7248687744140625,3.9239466190338135,3.5018584728240967,-251.2416229248047,36.391357421875,29.13642120361328,18.157705307006836,17.963653564453125,13.700560569763184,9.598492622375488,7.878008842468262,7.847427845001221,5.945572853088379,12.792824745178223,6.98513126373291,2.446967363357544,2.654265880584717,2.81648325920105,2.522357940673828,3.518249750137329,2.450347423553467,2.233624219894409,2.483154058456421,0.44798144698143005,0.39179524779319763,0.3621331453323364,0.5277746319770813,0.8744560480117798,0.8467766642570496,0.5377112030982971,0.5145204067230225,0.4204551875591278,0.3486068844795227,0.2967895567417145,0.3495815098285675,0.2743768095970154,0.22641730308532715,0.18579430878162384,0.16291117668151855,0.1643514633178711,0.17424319684505463,0.21248428523540497,0.27446693181991577,0.22904281318187714,0.2308397740125656,0.19749291241168976,0.22049789130687714,1884.6367214075588,5516.022252483323,2986.6882637231383,0.03429524361948956,0.00853990763425827,700.0,710.0,705.0,747.0,757.0,752.0,0,breath_retention
P9,-7.454510688781738,-13.763184547424316,-29.45167350769043,-34.301055908203125,-39.84718322753906,-42.28076934814453,-43.69294738769531,-44.883056640625,-45.4827880859375,-45.591346740722656,-47.20948791503906,-48.62693405151367,-48.72780990600586,-48.02237319946289,-46.82051086425781,-47.679283142089844,-49.099029541015625,-49.87254333496094,-50.53394317626953,-51.214698791503906,-50.92612838745117,-50.90664291381836,-51.193748474121094,-50.03860092163086,-49.76677322387695,-50.93123245239258,-51.27777862548828,-48.92607116699219,-49.11187744140625,-48.53721237182617,-48.515594482421875,-49.66006851196289,2.7390496730804443,2.416354179382324,2.4427883625030518,2.7486143112182617,2.883761167526245,2.7953455448150635,2.427290678024292,2.493264675140381,2.6813716888427734,2.4665048122406006,2.4508721828460693,2.3377504348754883,2.6197938919067383,3.440847873687744,4.616214752197266,4.221400737762451,3.1971375942230225,3.1248412132263184,3.023054838180542,2.590202808380127,2.686448335647583,2.670368194580078,2.538318157196045,3.7050962448120117,3.9465017318725586,3.159677028656006,2.9598097801208496,5.115036964416504,4.7972187995910645,4.7810540199279785,4.1659650802612305,3.8890607357025146,-253.55909729003906,36.39809799194336,28.255329132080078,17.786739349365234,17.981813430786133,13.504209518432617,9.511496543884277,8.06423568725586,8.08549690246582,6.366477012634277,13.010106086730957,7.324333190917969,3.4267280101776123,2.756256580352783,3.002760410308838,2.490171194076538,3.4577736854553223,2.467277765274048,2.082914352416992,2.346143960952759,0.4271520674228668,0.37526950240135193,0.33781540393829346,0.456600159406662,0.8472391366958618,0.870997965335846,0.5662124752998352,0.5385080575942993,0.43039724230766296,0.33943629264831543,0.27801772952079773,0.31450963020324707,0.2591491639614105,0.21357060968875885,0.1654016673564911,0.15005454421043396,0.16881327331066132,0.17223620414733887,0.204411581158638,0.27521443367004395,0.2076699435710907,0.20033949613571167,0.16986623406410217,0.1925661265850067,1910.0523670200741,5589.240139211137,2996.0654109794236,0.0329187663138051,0.00860858429223299,710.0,720.0,715.0,757.0,767.0,762.0,0,breath_retention
P9,-6.900346279144287,-13.423918724060059,-28.919174194335938,-33.80211639404297,-39.36357498168945,-41.938560485839844,-43.298683166503906,-44.48168182373047,-45.40884017944336,-45.49283218383789,-46.74016571044922,-48.50916290283203,-48.63326644897461,-47.86640167236328,-46.89191818237305,-47.610137939453125,-49.06150436401367,-49.73025131225586,-50.385562896728516,-51.169437408447266,-50.76514434814453,-50.77713394165039,-50.960533142089844,-49.47487258911133,-49.36759567260742,-50.65275955200195,-50.767765045166016,-48.47783279418945,-48.717498779296875,-48.13637924194336,-48.14768600463867,-49.14607238769531,2.8036184310913086,2.448429584503174,2.3890669345855713,2.8905422687530518,3.0602669715881348,2.907686233520508,2.5099899768829346,2.6065196990966797,2.691330671310425,2.459602117538452,2.2507314682006836,2.288027286529541,2.514785051345825,3.6846983432769775,4.729907035827637,4.160658836364746,3.2365877628326416,3.1079561710357666,2.8128013610839844,2.4375481605529785,2.5727105140686035,2.669137477874756,2.6479923725128174,3.7841830253601074,4.073007583618164,3.1894946098327637,2.9761621952056885,4.870797157287598,4.564107418060303,4.616044998168945,4.0139384269714355,3.9872801303863525,-251.91012573242188,36.387184143066406,29.09323501586914,17.88767433166504,17.83187484741211,13.591436386108398,9.484292984008789,8.004674911499023,8.084102630615234,6.195075511932373,13.287879943847656,6.842318534851074,2.4882283210754395,2.7357921600341797,2.7962563037872314,2.5724823474884033,3.5556135177612305,2.610872745513916,2.212904214859009,2.345066785812378,0.43627116084098816,0.38223564624786377,0.35114073753356934,0.4809781610965729,0.8491283655166626,0.8740256428718567,0.572101354598999,0.52916419506073,0.41972655057907104,0.3351958692073822,0.27871355414390564,0.3242388963699341,0.27782702445983887,0.21899646520614624,0.17104500532150269,0.1574425995349884,0.175618976354599,0.17820961773395538,0.20587186515331268,0.26578372716903687,0.2112397998571396,0.21611449122428894,0.1856604963541031,0.20652592182159424,1895.6596062658143,5587.391581170244,2997.1646246898345,0.03177226834396752,0.008878936059772968,720.0,730.0,725.0,767.0,777.0,772.0,0,breath_retention
P9,-8.11302375793457,-14.038834571838379,-29.5210018157959,-34.54286575317383,-40.26435470581055,-42.455413818359375,-44.09442901611328,-45.1966438293457,-46.0611572265625,-46.1732063293457,-47.62816619873047,-49.38067626953125,-49.4786376953125,-48.96352767944336,-47.839473724365234,-48.839256286621094,-50.18688201904297,-50.80552291870117,-51.415122985839844,-52.06525421142578,-51.83442306518555,-51.77067184448242,-51.96231460571289,-50.60764694213867,-50.3570671081543,-51.76845169067383,-51.90015411376953,-49.95802688598633,-50.22812271118164,-49.57303237915039,-49.41201400756836,-50.478084564208984,2.861898422241211,2.6090798377990723,2.2993597984313965,2.74031925201416,2.702843189239502,2.653437376022339,2.3277175426483154,2.3995161056518555,2.518643856048584,2.370558977127075,2.1477038860321045,2.0977401733398438,2.324711799621582,2.977928400039673,4.217361927032471,3.722355842590332,2.861654281616211,2.7349040508270264,2.6424219608306885,2.160984992980957,2.2978084087371826,2.597586154937744,2.558150053024292,3.671316146850586,4.007259368896484,2.9555373191833496,2.7646396160125732,4.429078578948975,4.0465288162231445,4.060049533843994,3.4613571166992188,3.3415699005126953,-257.54833984375,37.506065368652344,28.944026947021484,18.021596908569336,17.350059509277344,13.415596008300781,9.601558685302734,7.874027252197266,8.086081504821777,5.946810245513916,11.606480598449707,6.407085418701172,2.1990387439727783,2.4586501121520996,2.7951583862304688,2.431429624557495,3.150303363800049,2.4578182697296143,2.2791264057159424,2.2029716968536377,0.40134668350219727,0.36172789335250854,0.33776697516441345,0.44873353838920593,0.8552052974700928,0.8880943655967712,0.546895444393158,0.4882347285747528,0.4089524745941162,0.3426912724971771,0.2798515260219574,0.3010736405849457,0.2537526488304138,0.21825960278511047,0.17628635466098785,0.1549615114927292,0.16025479137897491,0.1580454558134079,0.1943245381116867,0.26393646001815796,0.2164233773946762,0.22456975281238556,0.18467573821544647,0.19223348796367645,1835.3312755327174,5438.532697850203,2962.75992478288,0.030954312282482598,0.008296835236251354,730.0,740.0,735.0,777.0,787.0,782.0,0,breath_retention
P9,-7.108090400695801,-13.620033264160156,-28.732227325439453,-33.95191192626953,-39.22272872924805,-41.70869827270508,-43.29029083251953,-44.56019973754883,-45.43571853637695,-45.496864318847656,-46.69516372680664,-48.56064987182617,-48.737430572509766,-48.09211349487305,-47.05573272705078,-47.9448127746582,-49.288780212402344,-50.0715446472168,-50.66697692871094,-51.310821533203125,-51.157989501953125,-51.03936004638672,-51.30533218383789,-50.002479553222656,-49.51576232910156,-51.007476806640625,-51.319461822509766,-49.97431564331055,-50.02710723876953,-49.46381378173828,-49.15667724609375,-50.073158264160156,2.971220016479492,2.7244954109191895,2.2970123291015625,2.8615670204162598,3.0237550735473633,2.5636556148529053,2.434692859649658,2.4933981895446777,2.645087242126465,2.5388429164886475,2.364121437072754,2.3753890991210938,2.2815468311309814,3.1223769187927246,4.351111888885498,4.025722980499268,3.065577745437622,3.015740156173706,2.578904390335083,2.236321449279785,2.431835412979126,2.5670666694641113,2.5180022716522217,3.742709159851074,4.404403209686279,3.26900577545166,2.9648475646972656,4.2961225509643555,3.772353172302246,3.540139675140381,2.9333109855651855,2.8339362144470215,-253.7794952392578,38.2540168762207,28.260379791259766,18.355154037475586,17.247034072875977,13.55381965637207,9.566434860229492,7.616015911102295,8.30038070678711,5.642292499542236,11.786185264587402,6.196435928344727,2.565445899963379,2.5845539569854736,2.6937832832336426,2.507671356201172,3.5430238246917725,2.4593253135681152,2.482818603515625,2.2784805297851562,0.45985153317451477,0.4124569296836853,0.38037407398223877,0.4848732650279999,0.8464825749397278,0.858219563961029,0.5776386857032776,0.5543285608291626,0.4595581889152527,0.37780436873435974,0.3108880817890167,0.34406518936157227,0.26386094093322754,0.2300422340631485,0.19543294608592987,0.17423763871192932,0.18385379016399384,0.18072444200515747,0.20211464166641235,0.27631255984306335,0.2280539870262146,0.23349575698375702,0.19742706418037415,0.20791776478290558,1734.217514888698,5040.068517981438,2888.8558075042424,0.028472121519721578,0.008591038174927235,740.0,750.0,745.0,787.0,797.0,792.0,0,breath_retention
P9,-8.416341781616211,-14.828817367553711,-30.24462127685547,-35.570411682128906,-40.7130126953125,-43.07004165649414,-44.76100158691406,-46.046630859375,-46.36328125,-46.628570556640625,-47.84123611450195,-49.41478729248047,-49.682430267333984,-49.354408264160156,-48.52034378051758,-49.1657600402832,-50.342201232910156,-51.24270248413086,-51.98216247558594,-52.686649322509766,-52.5445556640625,-52.20317077636719,-52.4138069152832,-51.698875427246094,-51.230140686035156,-52.55603790283203,-52.95086669921875,-51.54072189331055,-51.56229782104492,-51.019874572753906,-50.618709564208984,-51.587921142578125,2.7671501636505127,2.59212589263916,2.3157618045806885,2.792884349822998,2.8709280490875244,2.960339069366455,2.832991600036621,2.737478256225586,2.731182813644409,2.5539417266845703,2.355236530303955,2.466390609741211,2.4364540576934814,3.1919422149658203,4.1171793937683105,3.7533652782440186,3.2886154651641846,3.1345417499542236,2.6573023796081543,2.171060562133789,2.4492788314819336,2.810124635696411,2.7605502605438232,3.6787707805633545,4.339541912078857,3.3822290897369385,2.811734199523926,4.364920139312744,3.880873203277588,3.6464688777923584,3.140331745147705,2.9736621379852295,-261.41778564453125,38.703651428222656,27.56572151184082,18.075435638427734,17.35926628112793,13.586687088012695,10.057964324951172,7.813265800476074,8.302271842956543,5.67768669128418,11.954262733459473,6.286425590515137,2.996687889099121,2.4831035137176514,2.6443417072296143,2.6731162071228027,3.41405987739563,2.5374538898468018,2.455038547515869,2.3070247173309326,0.46203914284706116,0.40951576828956604,0.37037792801856995,0.4581528604030609,0.8319295048713684,0.8529399037361145,0.566550076007843,0.5317039489746094,0.4580744504928589,0.39255818724632263,0.3242388367652893,0.34584540128707886,0.2768172025680542,0.23538407683372498,0.18277353048324585,0.1593819111585617,0.18790774047374725,0.18693023920059204,0.20334772765636444,0.2810296416282654,0.23785540461540222,0.24907125532627106,0.2038504183292389,0.2074429839849472,1730.4807956355123,4991.081729897767,2883.4818285812867,0.028082402842227377,0.008569764904677868,750.0,760.0,755.0,797.0,807.0,802.0,0,breath_retention
P9,-6.44644021987915,-13.068436622619629,-28.406963348388672,-33.586849212646484,-38.32398223876953,-40.19493103027344,-41.62880325317383,-42.22532272338867,-42.637481689453125,-42.79759979248047,-43.67858123779297,-44.96772766113281,-44.91985321044922,-45.4758415222168,-45.60573959350586,-45.89665603637695,-46.02685546875,-46.92691421508789,-47.43265151977539,-47.92477035522461,-48.300132751464844,-48.74626922607422,-49.39093017578125,-49.66379928588867,-49.868797302246094,-50.39777755737305,-50.5682487487793,-50.12847900390625,-49.79472732543945,-49.052032470703125,-48.25386047363281,-49.4105339050293,2.67643666267395,2.523771286010742,2.3272135257720947,2.976238489151001,3.860738754272461,4.491367340087891,4.197587013244629,4.1314826011657715,4.078909873962402,3.7708399295806885,4.308339595794678,4.628637790679932,4.873595237731934,4.821162700653076,5.048346042633057,4.952768802642822,4.933753490447998,4.832714080810547,4.772396087646484,4.780731678009033,4.661046504974365,4.58402681350708,4.296473979949951,4.442781448364258,4.39298152923584,3.6821846961975098,3.5043020248413086,4.2145514488220215,4.084439277648926,3.9833714962005615,3.5984294414520264,3.2852935791015625,-244.26083374023438,39.91087341308594,22.651268005371094,17.041643142700195,17.337366104125977,11.810406684875488,11.320209503173828,8.747549057006836,7.433751583099365,5.44160795211792,18.569852828979492,6.008584499359131,7.814210891723633,3.096752882003784,3.6403331756591797,2.995924949645996,2.7904677391052246,2.5204453468322754,2.4055051803588867,2.252321243286133,0.481676310300827,0.43157538771629333,0.3985334634780884,0.4922512173652649,0.8393473029136658,0.8431262373924255,0.5709788799285889,0.552949845790863,0.47039496898651123,0.39254510402679443,0.32992467284202576,0.36274096369743347,0.27373945713043213,0.22278326749801636,0.19030269980430603,0.1798597127199173,0.17925016582012177,0.19256345927715302,0.2027396857738495,0.2756355106830597,0.22879156470298767,0.23937705159187317,0.21134692430496216,0.22259728610515594,1719.3053188778467,4675.527876214473,2818.3883826031133,0.029538183367169374,0.008669639937579632,760.0,770.0,765.0,807.0,817.0,812.0,2,meditation
P9,-7.484158992767334,-14.178722381591797,-29.61327362060547,-35.853179931640625,-41.80805969238281,-44.40858459472656,-45.448429107666016,-46.27642822265625,-47.38531494140625,-46.67161560058594,-47.96681213378906,-50.1108283996582,-50.484718322753906,-51.29734802246094,-51.80398941040039,-51.81538391113281,-52.09794235229492,-52.69464111328125,-53.14189529418945,-53.453887939453125,-53.914405822753906,-54.10612487792969,-54.33727264404297,-54.44803237915039,-54.59232711791992,-54.52509689331055,-54.4154052734375,-54.23822784423828,-53.82196044921875,-52.911865234375,-51.82304000854492,-52.64785385131836,2.8252220153808594,2.658329963684082,2.3595426082611084,2.530687093734741,2.4186933040618896,2.415522813796997,2.269505500793457,2.3347394466400146,2.3373939990997314,2.3045709133148193,2.234515428543091,2.102648973464966,2.0698764324188232,2.0267021656036377,1.8912487030029297,1.678118109703064,1.8960931301116943,1.6528222560882568,1.6754481792449951,1.5767621994018555,1.4145680665969849,1.2539641857147217,1.2259297370910645,1.1258339881896973,1.010166049003601,0.9682823419570923,0.9399736523628235,0.8746850490570068,0.8514114618301392,0.8550045490264893,0.8692181706428528,0.8849337100982666,-268.6611022949219,42.70547103881836,29.437612533569336,18.200971603393555,18.064802169799805,12.81986141204834,12.59799861907959,9.663694381713867,7.7887701988220215,4.760843753814697,3.216432571411133,2.242962121963501,2.606931447982788,2.219062328338623,2.3242275714874268,2.255244016647339,2.1253764629364014,1.9860514402389526,2.010557174682617,1.9896095991134644,0.4553745985031128,0.4029361307621002,0.3848213851451874,0.5338776111602783,0.8682219386100769,0.8306650519371033,0.5706923604011536,0.5521684288978577,0.4451438784599304,0.3643711805343628,0.3065038323402405,0.35187169909477234,0.2687125504016876,0.21764817833900452,0.1896960437297821,0.17317011952400208,0.17516586184501648,0.1827668845653534,0.21141032874584198,0.270241916179657,0.2127738893032074,0.2334313988685608,0.2056233137845993,0.21687079966068268,1380.8454196732912,3657.87169418866,2686.165305459297,0.020612039588167052,0.00862816721200943,770.0,780.0,775.0,817.0,827.0,822.0,2,meditation
P9,-7.185791492462158,-13.315409660339355,-29.095481872558594,-35.33293914794922,-41.00265884399414,-43.34603500366211,-44.69219207763672,-45.61027145385742,-46.51150894165039,-45.83211135864258,-47.26164245605469,-49.280792236328125,-49.80951690673828,-50.50460433959961,-51.179080963134766,-51.375667572021484,-51.61956024169922,-52.158180236816406,-52.536006927490234,-52.92225646972656,-53.33264923095703,-53.5877685546875,-53.76657485961914,-53.80974578857422,-53.9293098449707,-53.880584716796875,-53.758689880371094,-53.50676727294922,-53.1115608215332,-52.26131820678711,-51.204917907714844,-51.963104248046875,2.6372344493865967,2.581477165222168,2.2870264053344727,2.495053768157959,2.29207706451416,2.2451634407043457,2.3041627407073975,2.444317579269409,2.2983691692352295,2.280377149581909,2.3307607173919678,1.8255655765533447,1.909111738204956,1.91312837600708,1.8327007293701172,1.6749134063720703,1.5780746936798096,1.5107498168945312,1.5109878778457642,1.3540376424789429,1.3025329113006592,1.1718484163284302,1.1923613548278809,1.1186856031417847,1.0995208024978638,1.0161032676696777,0.9763335585594177,0.886377215385437,0.8827372789382935,0.8434563875198364,0.825760006904602,0.804317831993103,-264.9325256347656,42.87575149536133,29.557279586791992,17.813827514648438,17.722219467163086,12.764321327209473,12.520057678222656,9.59511661529541,7.634753227233887,4.732532501220703,2.2902920246124268,2.17840313911438,2.1095454692840576,2.2933998107910156,2.181124687194824,2.087043523788452,2.1416406631469727,2.125833034515381,2.0548794269561768,1.986113429069519,0.4697926938533783,0.4046075642108917,0.36020198464393616,0.498881995677948,0.8595954179763794,0.8341151475906372,0.5364667177200317,0.522293210029602,0.4387553632259369,0.37093454599380493,0.3158261775970459,0.35982805490493774,0.25209853053092957,0.2161112278699875,0.1832883208990097,0.16505242884159088,0.17452678084373474,0.18745775520801544,0.22471418976783752,0.2782910466194153,0.21701325476169586,0.2243925780057907,0.19153545796871185,0.20126314461231232,1396.1041983076327,3771.0334229082077,2700.1797285442126,0.020710602160672855,0.008198278024792671,780.0,790.0,785.0,827.0,837.0,832.0,2,meditation
P9,-7.515443801879883,-13.699045181274414,-28.46843719482422,-33.99651336669922,-39.8462028503418,-41.351417541503906,-42.08042526245117,-42.80263137817383,-43.55379104614258,-43.311241149902344,-44.436100006103516,-45.713138580322266,-46.345760345458984,-45.137245178222656,-43.037933349609375,-42.76941680908203,-44.01485824584961,-45.22050857543945,-44.99833679199219,-47.69465255737305,-52.63069152832031,-53.58334732055664,-53.16841125488281,-53.298728942871094,-53.67526626586914,-53.368595123291016,-53.825618743896484,-53.6644172668457,-52.789546966552734,-51.500118255615234,-50.72529220581055,-52.16621398925781,2.7290937900543213,2.6167054176330566,4.022786617279053,3.5504748821258545,3.706627607345581,4.480696678161621,5.23749303817749,5.257728576660156,5.257807731628418,4.983138084411621,5.196772575378418,6.099715709686279,5.667089462280273,8.16413402557373,11.305346488952637,11.51131820678711,10.109964370727539,9.747904777526855,10.45711898803711,7.505077362060547,2.8273890018463135,1.6201531887054443,1.9472757577896118,2.0506889820098877,1.7214021682739258,2.0349950790405273,1.2986911535263062,1.1900700330734253,1.9611542224884033,2.401665687561035,2.2534618377685547,1.397417426109314,-251.0917205810547,45.6126823425293,17.274019241333008,15.424311637878418,23.3941593170166,10.646493911743164,7.658996105194092,10.569323539733887,9.383354187011719,3.9964499473571777,22.833805084228516,4.6357741355896,15.226707458496094,4.461729049682617,7.2779622077941895,3.739042282104492,6.571494102478027,2.3263251781463623,3.0789430141448975,2.879613161087036,0.4738413691520691,0.4051573872566223,0.36252322793006897,0.4763212203979492,0.8376402258872986,0.828909695148468,0.542079508304596,0.5270419120788574,0.4588538706302643,0.39483070373535156,0.3252642750740051,0.36790215969085693,0.26539209485054016,0.22823280096054077,0.18926392495632172,0.17050589621067047,0.19753722846508026,0.20730891823768616,0.20323121547698975,0.2745656967163086,0.23099783062934875,0.2368532419204712,0.195754274725914,0.22000481188297272,1491.8321980401943,3391.854199898492,2592.8366138146334,0.02844040023201856,0.008807006292045116,790.0,800.0,795.0,837.0,847.0,842.0,2,meditation
P9,-7.978592872619629,-14.389283180236816,-30.412153244018555,-36.37629699707031,-41.86163330078125,-43.99806213378906,-45.740047454833984,-46.46080017089844,-47.33616256713867,-46.63695526123047,-48.010005950927734,-50.054595947265625,-50.724613189697266,-51.592735290527344,-52.04702377319336,-52.156654357910156,-52.42119216918945,-53.13568878173828,-53.44670104980469,-53.90643310546875,-54.04448699951172,-54.3707389831543,-54.422386169433594,-54.4810905456543,-54.69010925292969,-54.807830810546875,-54.69975280761719,-54.392066955566406,-53.92656707763672,-53.18108367919922,-52.28473663330078,-53.074825286865234,3.053105115890503,2.566206216812134,2.3386881351470947,2.6446855068206787,2.454493761062622,2.577010154724121,2.4597158432006836,2.3827223777770996,2.338735342025757,2.420961618423462,2.2628278732299805,2.3829638957977295,2.4313111305236816,2.1986379623413086,2.2829699516296387,2.1343960762023926,2.126793384552002,1.9589056968688965,1.71369206905365,1.6222516298294067,1.5075883865356445,1.5523760318756104,1.7363518476486206,1.8549827337265015,1.7647403478622437,1.3490267992019653,1.167409896850586,1.0895435810089111,1.1637134552001953,1.0888041257858276,0.9261907339096069,0.8888607621192932,-269.9488525390625,42.783138275146484,29.270505905151367,17.887495040893555,17.33196258544922,12.805580139160156,12.563692092895508,9.603109359741211,7.718345642089844,4.883453845977783,4.943469524383545,2.3380792140960693,2.8463075160980225,2.391310453414917,2.4870846271514893,2.2486157417297363,2.3694303035736084,2.258518934249878,2.3920350074768066,1.9895533323287964,0.39416348934173584,0.3600405752658844,0.3420870006084442,0.4517139792442322,0.8357334136962891,0.8776442408561707,0.5695074200630188,0.5233185291290283,0.42055752873420715,0.3327399492263794,0.26856309175491333,0.29175645112991333,0.24982742965221405,0.21725736558437347,0.18784935772418976,0.1723545491695404,0.1710679829120636,0.16898824274539948,0.20369282364845276,0.27591270208358765,0.2139217108488083,0.21158266067504883,0.1778573840856552,0.19116820394992828,1410.8234270059322,3802.8585978284514,2700.4786375378103,0.020280098970417635,0.008517682552337646,800.0,810.0,805.0,847.0,857.0,852.0,2,meditation
P9,-8.679190635681152,-15.305502891540527,-31.349817276000977,-37.12917709350586,-43.311946868896484,-45.69826889038086,-47.020015716552734,-47.80200958251953,-48.78789520263672,-48.038455963134766,-49.476627349853516,-51.68925857543945,-52.14768600463867,-52.93588638305664,-53.20034408569336,-53.59443283081055,-53.71727752685547,-54.368446350097656,-54.74501419067383,-55.048240661621094,-55.542198181152344,-55.754154205322266,-55.86861801147461,-56.01934814453125,-56.14501953125,-56.13444900512695,-56.06553649902344,-55.74191665649414,-55.18415069580078,-54.39728927612305,-53.456451416015625,-54.1926383972168,2.827904462814331,2.5193986892700195,2.1920981407165527,2.494122266769409,2.427212953567505,2.29764986038208,2.1976370811462402,2.228651523590088,2.158113479614258,2.2897891998291016,2.1951212882995605,2.095982789993286,2.1132237911224365,1.786655068397522,1.7973092794418335,1.689473271369934,1.5241210460662842,1.5039303302764893,1.4373183250427246,1.2941362857818604,1.2933679819107056,1.1998059749603271,1.1399165391921997,1.1667133569717407,1.1224256753921509,1.0167438983917236,0.9601114392280579,0.953564465045929,0.8194505572319031,0.8453906774520874,0.784259021282196,0.7784271240234375,-277.2825927734375,43.04348373413086,29.833730697631836,18.232643127441406,18.060115814208984,12.89009952545166,12.696409225463867,9.804898262023926,7.832406044006348,4.9062700271606445,2.207458019256592,2.246877908706665,2.164069652557373,2.212343215942383,2.1969358921051025,2.084015130996704,2.0248422622680664,2.047755479812622,2.100050210952759,2.0818777084350586,0.41767826676368713,0.3737529218196869,0.3696144223213196,0.5321068167686462,0.8820894360542297,0.860233724117279,0.5636727213859558,0.5427151918411255,0.43257367610931396,0.34913912415504456,0.2940828800201416,0.3310013711452484,0.24828311800956726,0.21108819544315338,0.19427989423274994,0.17795369029045105,0.16153590381145477,0.17874225974082947,0.20480069518089294,0.26616060733795166,0.21352064609527588,0.21627219021320343,0.18799372017383575,0.20330290496349335,1340.925966672988,3447.485804723753,2655.041660199091,0.019381706786542923,0.008935077115893364,810.0,820.0,815.0,857.0,867.0,862.0,2,meditation
P9,-7.372818946838379,-13.693553924560547,-29.102699279785156,-34.977657318115234,-39.743003845214844,-41.17427062988281,-42.88138961791992,-43.743778228759766,-44.31729507446289,-44.30183410644531,-44.85913848876953,-46.58097839355469,-46.71339797973633,-47.26647186279297,-46.89060974121094,-47.27420425415039,-47.52341079711914,-48.140655517578125,-49.16706848144531,-50.03784942626953,-50.44285202026367,-50.77683639526367,-50.475955963134766,-50.98297119140625,-51.9879264831543,-52.352657318115234,-52.109920501708984,-52.17899703979492,-51.69446563720703,-50.96866989135742,-50.23936080932617,-51.07997512817383,2.8469650745391846,2.412736177444458,2.2412662506103516,2.6973724365234375,2.879084587097168,3.3464362621307373,3.165789842605591,3.1920602321624756,3.349292755126953,3.179689884185791,3.618093490600586,3.8663206100463867,4.143420219421387,3.8988325595855713,4.441354274749756,4.3763017654418945,4.522508144378662,4.348759174346924,3.7681643962860107,3.3479130268096924,3.35193133354187,3.3009469509124756,4.059988975524902,3.927523612976074,2.974067449569702,2.64678955078125,2.8802859783172607,2.5599899291992188,2.697899341583252,2.837256908416748,2.4092230796813965,2.343226432800293,-252.9767608642578,41.42949676513672,23.080238342285156,17.48186492919922,17.711429595947266,12.1112060546875,11.249747276306152,8.611595153808594,8.060904502868652,5.2931928634643555,14.127096176147461,4.62644624710083,6.013416290283203,3.03119158744812,2.490567445755005,2.319979429244995,2.85640549659729,2.503955125808716,2.315335512161255,2.1499431133270264,0.4095534384250641,0.3753398358821869,0.3651946485042572,0.4705120921134949,0.8366703987121582,0.8735402822494507,0.5738014578819275,0.530735433101654,0.43338650465011597,0.34947529435157776,0.28621673583984375,0.3081507980823517,0.24481849372386932,0.21426410973072052,0.1944928765296936,0.1820930391550064,0.18431994318962097,0.1703954041004181,0.195445254445076,0.27422070503234863,0.22514554858207703,0.23063665628433228,0.19118276238441467,0.19483888149261475,1602.6113588117269,4406.787505891096,2767.751795501031,0.025597946273201857,0.008567357435822487,820.0,830.0,825.0,867.0,877.0,872.0,2,meditation
P9,-6.517605304718018,-12.793272018432617,-28.123445510864258,-34.09197998046875,-39.58090591430664,-41.67091369628906,-42.88862228393555,-43.878692626953125,-44.82012176513672,-44.53915786743164,-45.655208587646484,-47.48408126831055,-47.981143951416016,-48.657012939453125,-48.77003860473633,-48.9262580871582,-49.2053337097168,-49.88768005371094,-50.48413848876953,-50.84483337402344,-51.22462463378906,-51.75754928588867,-51.941795349121094,-52.18016052246094,-52.496341705322266,-52.569488525390625,-52.53700637817383,-52.38127899169922,-51.983802795410156,-51.25107955932617,-50.245182037353516,-51.05607604980469,2.788750410079956,2.530839204788208,2.3431077003479004,2.3976850509643555,2.584339141845703,2.672140598297119,2.7430105209350586,2.8003029823303223,2.910325288772583,2.601361036300659,2.904442548751831,2.9218921661376953,3.0447492599487305,2.834786891937256,3.2961013317108154,3.3116257190704346,3.249675750732422,3.2298426628112793,3.1614692211151123,3.035714626312256,2.729304790496826,2.5498342514038086,2.464343309402466,2.217860698699951,1.9054077863693237,1.671015739440918,1.3404966592788696,1.1666110754013062,1.0680824518203735,0.9952189326286316,0.9404908418655396,0.9804758429527283,-256.0477600097656,42.88493347167969,26.97141456604004,17.90557289123535,17.6246280670166,12.112245559692383,11.805931091308594,9.215206146240234,7.697539806365967,4.952029705047607,8.56313419342041,2.7986531257629395,5.45703649520874,2.664659023284912,2.467345714569092,2.3251752853393555,2.426417827606201,2.265256643295288,2.2698090076446533,2.0919859409332275,0.40410611033439636,0.36207371950149536,0.3492613732814789,0.48892009258270264,0.8651135563850403,0.8563511967658997,0.5492143034934998,0.5146185755729675,0.41939297318458557,0.3450833857059479,0.28033921122550964,0.3061714172363281,0.24858923256397247,0.20479102432727814,0.1706656962633133,0.16942988336086273,0.1701086312532425,0.1731671392917633,0.20977042615413666,0.2861453890800476,0.2160721719264984,0.2143145650625229,0.1803990751504898,0.19212256371974945,1461.3806337824253,3984.816662286108,2716.6243371386213,0.02058598281612529,0.008174750953912735,830.0,840.0,835.0,877.0,887.0,882.0,2,meditation
P9,-6.142960071563721,-12.695169448852539,-28.678979873657227,-34.995758056640625,-40.5140380859375,-42.500732421875,-43.925498962402344,-45.0218620300293,-46.07998275756836,-45.416934967041016,-46.874393463134766,-48.92705535888672,-49.34389114379883,-50.124393463134766,-50.67449951171875,-50.74124526977539,-51.13779830932617,-51.844913482666016,-52.1435661315918,-52.46760940551758,-52.7859992980957,-52.95668411254883,-53.2130126953125,-53.36037063598633,-53.38216018676758,-53.37384033203125,-53.23664855957031,-53.089027404785156,-52.56888198852539,-51.6779670715332,-50.81770324707031,-51.624149322509766,2.732189893722534,2.551276922225952,2.3918137550354004,2.4697046279907227,2.4150307178497314,2.2706856727600098,2.2382493019104004,2.520514965057373,2.233248233795166,2.3129475116729736,2.074678897857666,2.1366169452667236,2.0384373664855957,1.933933138847351,1.846821904182434,1.7992438077926636,1.5325795412063599,1.5560611486434937,1.4979208707809448,1.3816347122192383,1.2909207344055176,1.313480019569397,1.1895591020584106,1.1774733066558838,1.0897116661071777,0.9948683977127075,0.9730757474899292,0.8815088272094727,0.8654427528381348,0.8188025951385498,0.8155825138092041,0.7950965166091919,-262.0427551269531,43.0989875793457,29.78142738342285,18.07301139831543,17.66814613342285,12.794716835021973,12.458490371704102,9.616703033447266,7.835690498352051,5.220044136047363,2.5215117931365967,2.204516649246216,2.3416907787323,2.215750217437744,2.280318021774292,2.0961427688598633,2.0110087394714355,2.0900168418884277,2.185856819152832,2.1313576698303223,0.43066635727882385,0.38703280687332153,0.35930266976356506,0.4554673433303833,0.8344475626945496,0.8743899464607239,0.5918228626251221,0.5668939352035522,0.46873608231544495,0.378349244594574,0.3019057512283325,0.31868910789489746,0.2569441795349121,0.21937182545661926,0.19034641981124878,0.180033341050148,0.1797766089439392,0.1665901094675064,0.19675596058368683,0.27476373314857483,0.22595538198947906,0.23928271234035492,0.19365467131137848,0.19675132632255554,1362.2764490580698,3579.8325682460845,2669.6737404907985,0.01964907192575406,0.008692336268723011,840.0,850.0,845.0,887.0,897.0,892.0,2,meditation
P9,-7.226553440093994,-13.680337905883789,-29.610572814941406,-35.808284759521484,-41.38125228881836,-43.23143768310547,-44.580360412597656,-45.78813934326172,-47.120994567871094,-46.16729736328125,-47.663475036621094,-49.94453430175781,-50.425777435302734,-51.12928771972656,-51.44618225097656,-51.829063415527344,-52.02653884887695,-52.65318298339844,-53.08498001098633,-53.49808883666992,-53.680747985839844,-53.93007278442383,-54.00253677368164,-54.057960510253906,-54.208072662353516,-54.23294448852539,-54.12498474121094,-53.900115966796875,-53.330448150634766,-52.56520462036133,-51.61519241333008,-52.273563385009766,2.840505838394165,2.65523099899292,2.4108331203460693,2.489889621734619,2.506596326828003,2.5287153720855713,2.363994598388672,2.353196620941162,2.3355164527893066,2.335318088531494,2.2638046741485596,2.1148016452789307,2.1223175525665283,1.8733240365982056,1.9018027782440186,1.8824775218963623,1.6209237575531006,1.6559749841690063,1.5109832286834717,1.4910753965377808,1.43577241897583,1.3319326639175415,1.2296488285064697,1.1963218450546265,1.1974425315856934,1.0786060094833374,1.0313823223114014,0.9704200625419617,1.1995313167572021,1.098146915435791,1.1483806371688843,1.335791826248169,-266.97137451171875,42.94404983520508,29.985126495361328,17.94559097290039,17.453125,12.566852569580078,12.321399688720703,9.4718656539917,7.960203170776367,5.120304107666016,3.4408323764801025,2.607534885406494,2.5174596309661865,2.2456696033477783,2.1044328212738037,2.1651132106781006,2.2399613857269287,2.2474050521850586,2.004066228866577,2.1640465259552,0.46672308444976807,0.4120936989784241,0.37546074390411377,0.48000338673591614,0.8429460525512695,0.8533953428268433,0.5535135269165039,0.5231833457946777,0.44065797328948975,0.3699131906032562,0.3129211962223053,0.3490220010280609,0.2749527096748352,0.23292173445224762,0.19872510433197021,0.17785103619098663,0.1727912276983261,0.184575155377388,0.21645206212997437,0.286713570356369,0.22563402354717255,0.22773972153663635,0.20054000616073608,0.21798846125602722,1390.6355601054834,3708.7570013413574,2694.2798800034398,0.02007957511600928,0.008571217767894268,850.0,860.0,855.0,897.0,907.0,902.0,2,meditation
P9,-8.55484676361084,-15.199602127075195,-30.685138702392578,-37.23898696899414,-42.71320343017578,-44.96492385864258,-46.37047576904297,-47.419891357421875,-48.62403106689453,-47.824771881103516,-49.00783157348633,-51.45425033569336,-51.77495193481445,-52.4903450012207,-52.95469284057617,-53.133182525634766,-53.5953483581543,-54.043880462646484,-54.55852127075195,-54.8568000793457,-55.29940414428711,-55.43912124633789,-55.61961364746094,-55.756439208984375,-55.853248596191406,-55.8203125,-55.718414306640625,-55.462547302246094,-55.01994705200195,-54.172454833984375,-53.214263916015625,-53.93682098388672,2.9192516803741455,2.676680564880371,2.259244203567505,2.50835919380188,2.5129222869873047,2.5604660511016846,2.338226795196533,2.4204673767089844,2.3822262287139893,2.537097930908203,2.2442331314086914,2.2061235904693604,2.1744306087493896,2.012540340423584,1.9292384386062622,1.8573122024536133,1.6610878705978394,1.569968342781067,1.5489048957824707,1.4395695924758911,1.493438959121704,1.3597620725631714,1.2991082668304443,1.1179454326629639,1.1663328409194946,1.187756061553955,0.9907286167144775,1.003258466720581,1.0644185543060303,0.9583849906921387,0.9311005473136902,0.964151918888092,-275.5556335449219,43.28751754760742,29.82918930053711,18.0938663482666,17.837265014648438,12.783305168151855,12.402185440063477,9.508929252624512,7.753474712371826,4.955921173095703,3.8201396465301514,2.421407699584961,2.3099305629730225,2.3625376224517822,2.3291497230529785,2.2033650875091553,2.136772871017456,2.0793161392211914,2.023841619491577,2.0697760581970215,0.44612619280815125,0.40943261981010437,0.39284974336624146,0.4895349144935608,0.8409532904624939,0.8659517168998718,0.5809965133666992,0.5453296303749084,0.4617443084716797,0.3856414258480072,0.31426572799682617,0.3331359326839447,0.25711068511009216,0.23265142738819122,0.20882874727249146,0.1843947023153305,0.17062127590179443,0.17335250973701477,0.20647449791431427,0.2802179157733917,0.22550338506698608,0.2326328009366989,0.1903894692659378,0.19613908231258392,1355.7881659822142,3510.3867391422564,2663.7027123234802,0.02003652479698376,0.008854707702994347,860.0,870.0,865.0,907.0,917.0,912.0,2,meditation
P9,-7.2786664962768555,-13.60466480255127,-29.351871490478516,-35.47919464111328,-41.041343688964844,-43.220367431640625,-44.71637725830078,-45.755550384521484,-46.71487045288086,-45.96212387084961,-47.249942779541016,-49.38901138305664,-49.82342529296875,-50.79621505737305,-51.29970169067383,-51.476531982421875,-51.84153747558594,-52.4420051574707,-52.65409469604492,-53.11159896850586,-53.45716857910156,-53.733524322509766,-53.7873420715332,-54.0380744934082,-54.11417770385742,-54.17120361328125,-54.09354019165039,-53.81863021850586,-53.40891647338867,-52.59992218017578,-51.58903121948242,-52.30942916870117,2.8490517139434814,2.6389503479003906,2.2040786743164062,2.4207255840301514,2.494479179382324,2.292206287384033,2.3467111587524414,2.4837348461151123,2.507559299468994,2.368799924850464,2.4437224864959717,2.3569138050079346,2.112886905670166,2.148583173751831,1.9911121129989624,1.6971648931503296,1.804580807685852,1.7858057022094727,1.6765588521957397,1.6032017469406128,1.4380161762237549,1.4310243129730225,1.3093798160552979,1.0714133977890015,1.1044704914093018,1.0148371458053589,0.9698365926742554,0.9006287455558777,0.8572652339935303,0.778526782989502,0.8167245984077454,0.7865859866142273,-265.9305114746094,43.26093292236328,29.339731216430664,17.862253189086914,17.499942779541016,12.680489540100098,12.542352676391602,9.433979034423828,7.548206329345703,4.777097702026367,3.449575424194336,2.2688181400299072,2.7390048503875732,2.350109577178955,2.1703836917877197,2.208259105682373,2.1892361640930176,2.0885977745056152,2.1364381313323975,2.0668632984161377,0.4422769844532013,0.3983023762702942,0.3582618236541748,0.4210502505302429,0.8167008757591248,0.9068495631217957,0.5942868590354919,0.513504683971405,0.4284646511077881,0.35334256291389465,0.291143536567688,0.313963383436203,0.26486119627952576,0.22434666752815247,0.18425801396369934,0.15783128142356873,0.16662512719631195,0.14460380375385284,0.19667649269104004,0.27598482370376587,0.2280871719121933,0.23244625329971313,0.19025591015815735,0.20013874769210815,1384.4598183864798,3686.774148963167,2684.3649376353837,0.020426243474477957,0.008475489914417267,870.0,880.0,875.0,917.0,927.0,922.0,2,meditation
P9,-7.767464637756348,-13.816815376281738,-29.61579704284668,-35.546287536621094,-41.323875427246094,-43.4900016784668,-45.02536392211914,-45.887451171875,-46.88374710083008,-45.96401596069336,-47.49200439453125,-49.635169982910156,-50.27006149291992,-51.32564163208008,-51.651493072509766,-51.83607482910156,-52.24748229980469,-52.7325439453125,-53.03030776977539,-53.526275634765625,-53.804500579833984,-54.037391662597656,-54.19175338745117,-54.395511627197266,-54.39480209350586,-54.348663330078125,-54.35794448852539,-54.05784225463867,-53.631954193115234,-52.838565826416016,-51.864723205566406,-52.548362731933594,2.8886327743530273,2.5780129432678223,2.2167389392852783,2.4391887187957764,2.259610176086426,2.579251766204834,2.407012701034546,2.3517708778381348,2.4480435848236084,2.4126534461975098,2.1939499378204346,2.0726475715637207,2.0980780124664307,2.1012492179870605,1.9490418434143066,1.8079029321670532,1.6630655527114868,1.6698646545410156,1.4900554418563843,1.4383116960525513,1.3940393924713135,1.4831749200820923,1.3137969970703125,1.1011501550674438,1.0017776489257812,1.0185818672180176,0.9980617761611938,1.024743914604187,1.034622311592102,0.9652589559555054,0.7996343374252319,0.8541470170021057,-267.55859375,43.331748962402344,29.595090866088867,17.6813907623291,17.267297744750977,12.578721046447754,12.506901741027832,9.591794967651367,7.554521083831787,4.592268943786621,3.0642831325531006,2.4930918216705322,2.549591541290283,2.2472503185272217,2.2997822761535645,2.1861824989318848,2.1851632595062256,2.22367787361145,2.0112624168395996,2.1597821712493896,0.43061330914497375,0.373166561126709,0.34647268056869507,0.5362145304679871,0.8898798227310181,0.8619444966316223,0.5250720977783203,0.4770265519618988,0.3737849295139313,0.303145170211792,0.26356032490730286,0.3317689895629883,0.2727721333503723,0.20908841490745544,0.16864433884620667,0.15785959362983704,0.16038981080055237,0.17557957768440247,0.21199095249176025,0.2654801607131958,0.20542730391025543,0.20028749108314514,0.17859914898872375,0.20920461416244507,1407.1050682999578,3809.578356112239,2703.7949274261796,0.021688297563805106,0.008291637524962425,880.0,890.0,885.0,927.0,937.0,932.0,2,meditation
P9,-6.743621349334717,-13.15359878540039,-29.001768112182617,-35.08689498901367,-40.93540573120117,-43.120975494384766,-44.54850769042969,-45.196292877197266,-46.03329086303711,-45.261287689208984,-47.1178092956543,-49.26469039916992,-49.74005889892578,-50.536338806152344,-51.00590515136719,-51.214599609375,-51.46133804321289,-52.05199432373047,-52.34077835083008,-52.76626968383789,-53.11930465698242,-53.549991607666016,-53.58490753173828,-53.784122467041016,-53.85188293457031,-53.791255950927734,-53.68928909301758,-53.41602325439453,-52.9594612121582,-52.137943267822266,-51.14435958862305,-51.88559341430664,2.8434417247772217,2.6001110076904297,2.4330952167510986,2.4496331214904785,2.345205307006836,2.510589599609375,2.325910806655884,2.3276784420013428,2.276496410369873,2.450519323348999,2.108572483062744,1.9816194772720337,1.9697564840316772,1.9769535064697266,1.7620868682861328,1.630805253982544,1.6136951446533203,1.5612345933914185,1.4238778352737427,1.314416527748108,1.3191919326782227,1.1854528188705444,1.2251969575881958,1.0889071226119995,1.0215139389038086,0.9783146977424622,0.954770028591156,0.9488068222999573,0.9101963043212891,0.7866631746292114,0.8267316818237305,0.8348889350891113,-264.01519775390625,43.21600341796875,29.602649688720703,17.763690948486328,17.581602096557617,12.593530654907227,12.62889289855957,9.955855369567871,7.885209560394287,4.870906829833984,2.061681032180786,2.3245925903320312,2.1160056591033936,2.2810935974121094,2.257685422897339,2.2112302780151367,2.0528273582458496,2.1867024898529053,2.147468328475952,2.1247165203094482,0.412400484085083,0.3728127181529999,0.3576686978340149,0.4985917806625366,0.8518445491790771,0.8525038957595825,0.554607093334198,0.5306313037872314,0.4218156933784485,0.3359478712081909,0.2759363651275635,0.31337109208106995,0.2725229859352112,0.23359298706054688,0.18944820761680603,0.1726284623146057,0.1799522489309311,0.1758536696434021,0.20179179310798645,0.2724149823188782,0.21224446594715118,0.2120470106601715,0.18438513576984406,0.20960959792137146,1380.203722827395,3656.6476489994197,2685.102504989758,0.020636963457076565,0.008534502238035202,890.0,900.0,895.0,937.0,947.0,942.0,2,meditation
P9,-7.219269275665283,-13.585761070251465,-29.5799560546875,-35.48886489868164,-41.42761993408203,-43.24081039428711,-44.83137130737305,-45.17131423950195,-46.36758804321289,-46.0802001953125,-47.42631530761719,-49.31595230102539,-50.02693176269531,-50.85316848754883,-51.04625701904297,-51.32698440551758,-51.688106536865234,-52.3134880065918,-52.6325569152832,-53.0711555480957,-53.377925872802734,-53.66872024536133,-54.01480484008789,-54.100341796875,-54.164180755615234,-54.121543884277344,-54.15414810180664,-53.84416198730469,-53.42554473876953,-52.54547119140625,-51.65282440185547,-52.46833419799805,2.6575357913970947,2.6452112197875977,2.4031946659088135,2.553840160369873,2.447448492050171,2.608943223953247,2.4014892578125,2.431960105895996,2.366791009902954,2.312556028366089,2.4493250846862793,2.2567672729492188,2.4133102893829346,2.1341981887817383,2.0570061206817627,1.8744298219680786,1.9355475902557373,1.8384896516799927,1.7622748613357544,1.758811116218567,1.5803130865097046,1.4448471069335938,1.2803912162780762,1.279729962348938,1.123098373413086,1.014693260192871,0.9627922773361206,1.0151442289352417,1.108229637145996,1.1072440147399902,0.9539476037025452,1.0705705881118774,-265.9131164550781,43.313133239746094,29.074005126953125,17.786502838134766,17.505565643310547,12.535392761230469,12.403407096862793,9.782022476196289,7.91947078704834,5.140169620513916,3.620684862136841,2.562063694000244,2.9787683486938477,2.3152706623077393,2.4289889335632324,2.4380433559417725,2.260932445526123,2.1402394771575928,2.2741379737854004,2.097369432449341,0.3861674964427948,0.3494127690792084,0.346061646938324,0.5152234435081482,0.87454754114151,0.862007737159729,0.5516290068626404,0.5148903727531433,0.4018777012825012,0.31809452176094055,0.267412006855011,0.30472156405448914,0.25172939896583557,0.2100381702184677,0.19069521129131317,0.17158143222332,0.16677747666835785,0.17262791097164154,0.21266406774520874,0.27783283591270447,0.21203957498073578,0.2030007690191269,0.17707301676273346,0.2006557285785675,1385.2185668721938,3673.85922319098,2680.9989671959183,0.020400186702436193,0.008588852360844612,900.0,910.0,905.0,947.0,957.0,952.0,2,meditation
P9,-7.534412860870361,-14.140430450439453,-29.68638038635254,-35.70719528198242,-41.58411407470703,-43.546546936035156,-44.95682907104492,-45.76837158203125,-46.68086242675781,-46.20223617553711,-47.836124420166016,-49.74018478393555,-50.41263961791992,-51.55341720581055,-51.75199508666992,-52.04227828979492,-52.332313537597656,-52.96071243286133,-53.31207275390625,-53.644752502441406,-53.88628387451172,-54.25807571411133,-54.40473175048828,-54.569637298583984,-54.52592086791992,-54.50934600830078,-54.424312591552734,-54.240718841552734,-53.75511932373047,-52.82976531982422,-51.89357376098633,-52.74196243286133,2.9630017280578613,2.6594393253326416,2.3087477684020996,2.4422309398651123,2.4560935497283936,2.554084300994873,2.277876853942871,2.4352824687957764,2.3548245429992676,2.2636301517486572,2.0739994049072266,1.9976027011871338,1.9521827697753906,1.9204128980636597,1.8439093828201294,1.7169069051742554,1.6584423780441284,1.52290940284729,1.4716153144836426,1.3291382789611816,1.3515106439590454,1.2669998407363892,1.130087971687317,1.0779163837432861,1.0664700269699097,1.0083940029144287,0.9854622483253479,0.9553396105766296,0.929702639579773,0.968424916267395,0.8350891470909119,1.023123025894165,-268.2468566894531,43.459877014160156,29.80237579345703,17.59294319152832,17.19316864013672,12.475506782531738,12.476020812988281,9.7289400100708,7.7749834060668945,4.9117817878723145,2.4501688480377197,2.409053087234497,2.34920334815979,2.1640453338623047,2.217782497406006,2.326873302459717,2.236173629760742,2.063403844833374,2.0876121520996094,2.133732795715332,0.4404900074005127,0.39900100231170654,0.38293612003326416,0.5010778903961182,0.8624277710914612,0.8800595998764038,0.564304530620575,0.5172184705734253,0.43501195311546326,0.3717811107635498,0.31330424547195435,0.34075528383255005,0.2568962872028351,0.21449445188045502,0.19583745300769806,0.18473035097122192,0.15990006923675537,0.1647573858499527,0.19304268062114716,0.26325076818466187,0.2268134504556656,0.2402489334344864,0.20041705667972565,0.20600250363349915,1374.5457360851417,3617.4532224296695,2678.9235810524515,0.020849949245939674,0.008654527366161346,910.0,920.0,915.0,957.0,967.0,962.0,2,meditation
P9,-7.395026206970215,-14.041417121887207,-29.818864822387695,-35.641544342041016,-41.72379684448242,-43.83757781982422,-45.185386657714844,-45.852294921875,-47.00177764892578,-46.38907241821289,-47.90514373779297,-50.06393051147461,-50.51375961303711,-51.31510925292969,-51.9908561706543,-52.25465774536133,-52.54224395751953,-53.16575622558594,-53.39999008178711,-53.84497833251953,-54.04620361328125,-54.32579040527344,-54.546546936035156,-54.64569091796875,-54.74067306518555,-54.844261169433594,-54.644691467285156,-54.359954833984375,-53.89134979248047,-53.133445739746094,-52.14287185668945,-52.91177749633789,2.81471848487854,2.5315160751342773,2.3812432289123535,2.517238140106201,2.511237621307373,2.560046911239624,2.2717463970184326,2.4835572242736816,2.2885265350341797,2.4185245037078857,2.2335777282714844,2.1838490962982178,2.027717113494873,2.0477135181427,1.8412781953811646,1.7879993915557861,1.6841059923171997,1.6565130949020386,1.5169298648834229,1.5131548643112183,1.4193044900894165,1.3140413761138916,1.2572904825210571,1.1889028549194336,1.1781866550445557,1.1100150346755981,0.9719707369804382,0.9672261476516724,0.9971058368682861,0.9479976892471313,0.9582861065864563,0.9104788303375244,-269.0747375488281,43.699485778808594,29.862245559692383,17.804468154907227,17.383068084716797,12.680883407592773,12.6566801071167,9.675333023071289,7.7143096923828125,5.055444240570068,3.466214418411255,2.454402446746826,2.2266042232513428,2.2874512672424316,2.235152244567871,2.297677993774414,2.32415771484375,2.133392810821533,2.0059499740600586,1.9700275659561157,0.42193493247032166,0.3753802180290222,0.35235562920570374,0.4720368981361389,0.8351601958274841,0.8623984456062317,0.5926595330238342,0.5873186588287354,0.4724773168563843,0.3730930984020233,0.29821527004241943,0.32282260060310364,0.26953795552253723,0.232303649187088,0.20244278013706207,0.1792600154876709,0.171176940202713,0.18239043653011322,0.20390543341636658,0.2819836437702179,0.22371698915958405,0.23873943090438843,0.199428990483284,0.20831264555454254,1359.5163895816568,3541.562420696781,2664.8721538833743,0.018723490066705338,0.008762800134718418,920.0,930.0,925.0,967.0,977.0,972.0,2,meditation
P9,-8.303972244262695,-14.8274564743042,-30.455251693725586,-36.56517028808594,-42.42063522338867,-44.23358917236328,-45.8018913269043,-46.58922576904297,-47.43671417236328,-46.76762008666992,-48.336246490478516,-50.42559814453125,-51.010467529296875,-51.829402923583984,-52.11418914794922,-52.40818786621094,-52.86473083496094,-53.52168273925781,-53.771705627441406,-54.096275329589844,-54.454166412353516,-54.868873596191406,-54.97118377685547,-55.11090850830078,-55.18866729736328,-55.15790939331055,-55.06379699707031,-54.79210662841797,-54.43251419067383,-53.47254180908203,-52.49003982543945,-53.39574432373047,2.884324312210083,2.559074878692627,2.2633841037750244,2.3901453018188477,2.3691277503967285,2.4179346561431885,2.180316925048828,2.381828784942627,2.305936813354492,2.2521116733551025,2.126660108566284,2.1476523876190186,2.14445424079895,2.1103439331054688,2.0972259044647217,1.794533610343933,1.7638219594955444,1.632070541381836,1.6548248529434204,1.7192143201828003,1.5059616565704346,1.314710021018982,1.2097113132476807,1.136883020401001,1.1792346239089966,1.1609503030776978,1.081412672996521,0.9780017733573914,1.083084225654602,1.1111162900924683,0.92664635181427,1.0500982999801636,-271.7373046875,43.16606903076172,29.264995574951172,17.537527084350586,17.435840606689453,12.629166603088379,12.500754356384277,9.696091651916504,7.77984619140625,4.988036632537842,2.9787344932556152,2.429152250289917,2.7739264965057373,2.2362098693847656,2.164628267288208,2.245242118835449,2.1235804557800293,2.144929885864258,2.1190383434295654,2.115328073501587,0.42109811305999756,0.37731125950813293,0.34943798184394836,0.4558357894420624,0.8385792374610901,0.8853586912155151,0.5707572102546692,0.5071128010749817,0.42490270733833313,0.3603239357471466,0.2967756986618042,0.31912076473236084,0.2626258432865143,0.21455085277557373,0.17187979817390442,0.15865613520145416,0.17618563771247864,0.16567307710647583,0.20896993577480316,0.27109983563423157,0.22086162865161896,0.23088054358959198,0.193508118391037,0.2011163830757141,1394.7378742366611,3730.6149511492167,2692.532762296616,0.020710602160672855,0.008515109308063984,930.0,940.0,935.0,977.0,987.0,982.0,2,meditation
P9,-7.675159931182861,-14.064554214477539,-29.79086685180664,-35.82164001464844,-41.930145263671875,-43.76082229614258,-45.240787506103516,-45.95040512084961,-46.694786071777344,-46.202552795410156,-47.90915298461914,-49.88805389404297,-50.00197982788086,-50.893775939941406,-51.27638626098633,-51.74746322631836,-52.061058044433594,-52.89269256591797,-53.13304901123047,-53.52729034423828,-53.935699462890625,-54.20962142944336,-54.42112350463867,-54.58324432373047,-54.57368850708008,-54.658512115478516,-54.69769287109375,-54.55342483520508,-54.02360153198242,-53.151954650878906,-52.22061538696289,-53.08209991455078,2.768606662750244,2.4902846813201904,2.2833235263824463,2.4408981800079346,2.5368034839630127,2.650419235229492,2.4174323081970215,2.657522678375244,2.430143117904663,2.39945387840271,2.2231767177581787,2.448920488357544,2.9672675132751465,2.973068952560425,3.2102575302124023,2.898442506790161,2.397575855255127,2.1352789402008057,2.1472249031066895,2.155348777770996,2.167341947555542,1.9987337589263916,1.6259186267852783,1.5861414670944214,1.5311527252197266,1.515837550163269,1.1392325162887573,0.9323158860206604,0.8594793081283569,0.8073145151138306,0.723534107208252,0.8646585941314697,-268.4484558105469,43.6968879699707,28.733776092529297,17.684532165527344,17.60865592956543,12.887818336486816,12.487959861755371,9.510907173156738,7.893931865692139,5.105344772338867,6.1504926681518555,2.3412601947784424,4.385373115539551,2.2223782539367676,2.323897361755371,2.290199041366577,2.3781394958496094,2.2733676433563232,2.020141124725342,2.0139002799987793,0.45103782415390015,0.39677971601486206,0.3579331338405609,0.4603930711746216,0.8323588967323303,0.865977942943573,0.5553944706916809,0.5075151920318604,0.4270878732204437,0.3593866527080536,0.3012215197086334,0.3350509703159332,0.2749641537666321,0.2264862358570099,0.18278580904006958,0.16234707832336426,0.17724989354610443,0.1789066344499588,0.19436326622962952,0.2625707685947418,0.21916350722312927,0.22856634855270386,0.19495484232902527,0.20588336884975433,1364.2435792320794,3559.998040077581,2658.523028816744,0.019950424158932716,0.008694130927324295,940.0,950.0,945.0,987.0,997.0,992.0,2,meditation
P9,-7.153379440307617,-13.780591011047363,-29.411502838134766,-35.27067947387695,-41.16653823852539,-43.09343338012695,-44.610382080078125,-45.48598861694336,-46.548641204833984,-46.147804260253906,-47.79399108886719,-49.68157196044922,-50.33327102661133,-51.13815689086914,-51.6081428527832,-51.66572952270508,-52.18424606323242,-52.7025032043457,-53.05632781982422,-53.491024017333984,-53.7458381652832,-53.893226623535156,-53.98631286621094,-54.28245162963867,-54.31478500366211,-54.35197448730469,-54.22861099243164,-54.02411651611328,-53.623172760009766,-52.712013244628906,-51.720603942871094,-52.49673080444336,2.8917605876922607,2.6529853343963623,2.418769121170044,2.518498659133911,2.4506969451904297,2.5156047344207764,2.2752859592437744,2.4905781745910645,2.183588743209839,2.400568723678589,2.20521879196167,2.095933198928833,2.0074574947357178,1.8079830408096313,1.7859857082366943,1.7780883312225342,1.5588148832321167,1.5608431100845337,1.4333795309066772,1.4207438230514526,1.2884392738342285,1.2324974536895752,1.1822826862335205,1.140012502670288,1.0671319961547852,0.9914475679397583,0.9918747544288635,0.926693856716156,0.8446937203407288,0.7480500340461731,0.7563967704772949,0.8062245845794678,-266.88043212890625,43.67316818237305,29.963960647583008,17.929752349853516,17.24237060546875,12.381810188293457,12.307263374328613,9.42496395111084,7.854176044464111,5.043893814086914,2.8292319774627686,2.294220209121704,2.277116537094116,2.2665491104125977,2.309331178665161,2.1216206550598145,2.2016477584838867,2.0880489349365234,2.0725061893463135,2.1040618419647217,0.43403130769729614,0.38749316334724426,0.3684203028678894,0.5403770804405212,0.8677558898925781,0.8440189957618713,0.5683760643005371,0.5411650538444519,0.42030349373817444,0.33261218667030334,0.2760526239871979,0.3354794383049011,0.2596970796585083,0.2219439297914505,0.19028644263744354,0.17308376729488373,0.1780858337879181,0.1833420693874359,0.22141601145267487,0.2816219627857208,0.2229284793138504,0.21992932260036469,0.18100622296333313,0.20800399780273438,1370.2386633302956,3603.9137838058296,2674.280352577337,0.0201203596287703,0.00860868114978075,950.0,960.0,955.0,997.0,1007.0,1002.0,2,meditation
P9,-8.135283470153809,-14.828449249267578,-30.159046173095703,-36.15546417236328,-42.38420104980469,-43.95399475097656,-45.7053108215332,-46.331626892089844,-47.00640869140625,-46.893829345703125,-48.73987579345703,-50.40784454345703,-51.025352478027344,-52.06430435180664,-52.37370300292969,-52.444766998291016,-52.91634750366211,-53.500389099121094,-53.77095413208008,-54.28744125366211,-54.41791534423828,-54.657569885253906,-54.905303955078125,-55.11001968383789,-55.111392974853516,-55.12099075317383,-54.979007720947266,-54.80802917480469,-54.24196243286133,-53.416404724121094,-52.48564529418945,-53.207122802734375,2.872032880783081,2.584042549133301,2.4160773754119873,2.5207788944244385,2.3382785320281982,2.3806281089782715,2.1860640048980713,2.5161311626434326,2.138866424560547,2.401944637298584,2.249347686767578,2.0680341720581055,1.9824343919754028,1.9293363094329834,1.7742252349853516,1.8740216493606567,1.678408145904541,1.5899759531021118,1.5915368795394897,1.4702832698822021,1.2680915594100952,1.224837064743042,1.269653081893921,1.1772645711898804,1.026194453239441,0.9351547360420227,0.8993903994560242,0.910155713558197,0.8295691609382629,0.8542443513870239,0.8475216627120972,0.8965733051300049,-271.44873046875,43.32143783569336,29.790771484375,17.721176147460938,17.258085250854492,12.349738121032715,12.40341567993164,9.651507377624512,7.8674445152282715,5.051029205322266,2.592677354812622,2.369175434112549,2.360485792160034,2.265397548675537,2.1156563758850098,2.1994988918304443,2.038081407546997,2.1287450790405273,2.1272926330566406,2.0796518325805664,0.4489552080631256,0.4060819447040558,0.38371968269348145,0.4891427159309387,0.8386355042457581,0.8532715439796448,0.563340425491333,0.5201721787452698,0.4343065023422241,0.36470621824264526,0.3137233853340149,0.3477206826210022,0.2834879159927368,0.2381499856710434,0.19183766841888428,0.16710862517356873,0.17716898024082184,0.19272203743457794,0.2028457522392273,0.26770535111427307,0.22005294263362885,0.225972980260849,0.20277288556098938,0.22221924364566803,1382.4809185816941,3681.7031046077436,2686.6112173084,0.020476091212296984,0.008524508215487003,960.0,970.0,965.0,1007.0,1017.0,1012.0,2,meditation
P9,-7.432589530944824,-13.373120307922363,-29.099184036254883,-35.02050018310547,-41.19200897216797,-42.925533294677734,-44.60419845581055,-45.283443450927734,-46.085906982421875,-45.72120666503906,-47.45266342163086,-49.55900192260742,-49.88129425048828,-50.78474807739258,-51.228275299072266,-51.5772819519043,-51.81560134887695,-52.62513732910156,-52.96797180175781,-53.345985412597656,-53.466041564941406,-53.814430236816406,-53.96476745605469,-54.08811569213867,-54.24959182739258,-54.23774337768555,-54.12575149536133,-53.876625061035156,-53.35967254638672,-52.55724334716797,-51.52834701538086,-52.31373977661133,2.8212366104125977,2.5931832790374756,2.279475212097168,2.524099349975586,2.3783164024353027,2.426177978515625,2.363238573074341,2.305224657058716,2.3101978302001953,2.404578447341919,2.1045920848846436,2.0766801834106445,1.9693180322647095,1.7913296222686768,1.7701327800750732,1.7822576761245728,1.5498747825622559,1.4950532913208008,1.5099296569824219,1.3886688947677612,1.3554291725158691,1.2383108139038086,1.1572191715240479,1.079070806503296,1.1009169816970825,0.9760338664054871,0.9244685173034668,0.8587443828582764,0.9088267087936401,0.8426090478897095,0.7753544449806213,0.8196772933006287,-265.7939758300781,43.79658508300781,29.75446891784668,17.55986785888672,17.26449203491211,12.461016654968262,12.398491859436035,9.433460235595703,7.7759480476379395,5.008105278015137,2.391486406326294,2.2070345878601074,2.1100401878356934,2.1779143810272217,2.136711597442627,2.049302816390991,2.0473458766937256,2.141017436981201,2.19879150390625,2.0507707595825195,0.41672128438949585,0.3770821988582611,0.3492847979068756,0.4417717456817627,0.83024001121521,0.8794780373573303,0.5410900712013245,0.4844409227371216,0.42085686326026917,0.3669544458389282,0.2985585927963257,0.3134387135505676,0.25486835837364197,0.21980366110801697,0.18861421942710876,0.1687706857919693,0.17812857031822205,0.17642761766910553,0.1952330768108368,0.2704057991504669,0.23563438653945923,0.24864791333675385,0.19119904935359955,0.1902145892381668,1387.0555741446856,3683.551662648637,2687.21076307883,0.0207049376450116,0.008326702751219273,970.0,980.0,975.0,1017.0,1027.0,1022.0,2,meditation
